3.59, 3.5890, 9.13, 9.13, -0.04, -0.00, 0.00
3.60, 0.0070, 9.13, 9.13, -0.04, -0.00, 112.59
3.61, 0.0060, 9.13, 9.13, -0.04, -0.00, 112.58
3.61, 0.0060, 9.13, 9.13, -0.04, -0.01, 112.56
3.62, 0.0060, 9.13, 9.13, -0.04, -0.01, 112.55
3.62, 0.0070, 9.13, 9.13, -0.04, -0.00, 112.55
3.63, 0.0070, 9.13, 9.13, -0.04, 0.02, 112.59
3.64, 0.0060, 9.13, 9.13, -0.04, 0.04, 112.76
3.64, 0.0070, 9.13, 9.13, -0.04, -0.02, 112.92
3.65, 0.0060, 9.13, 9.13, -0.04, -0.30, 112.47
3.66, 0.0070, 9.13, 9.12, -0.04, -0.88, 110.15
3.66, 0.0060, 9.13, 9.11, -0.04, -1.82, 105.41
3.67, 0.0060, 9.13, 9.09, -0.04, -2.96, 97.70
3.68, 0.0080, 9.13, 9.06, -0.04, -4.09, 88.21
3.68, 0.0060, 9.13, 9.03, -0.04, -4.99, 78.48
3.69, 0.0060, 9.13, 9.00, -0.04, -5.53, 70.70
3.70, 0.0070, 9.13, 8.96, -0.04, -5.87, 65.68
3.70, 0.0060, 9.13, 8.92, -0.04, -6.20, 62.20
3.71, 0.0060, 9.13, 8.88, -0.04, -6.96, 58.76
3.72, 0.0070, 9.13, 8.82, -0.04, -8.14, 51.83
3.72, 0.0070, 9.13, 8.75, -0.04, -9.51, 41.27
3.73, 0.0060, 9.13, 8.69, -0.04, -10.78, 28.96
3.74, 0.0070, 9.13, 8.61, -0.04, -11.77, 17.58
3.74, 0.0060, 9.13, 8.53, -0.04, -12.52, 8.00
3.75, 0.0060, 9.13, 8.45, -0.04, -13.11, 0.49
3.76, 0.0070, 9.13, 8.36, -0.04, -13.71, -5.79
3.76, 0.0070, 9.13, 8.26, -0.04, -14.43, -12.51
3.77, 0.0060, 9.13, 8.17, -0.04, -15.19, -20.28
3.77, 0.0070, 9.13, 8.05, -0.04, -15.84, -28.19
3.78, 0.0060, 9.13, 7.96, -0.04, -16.24, -35.65
3.79, 0.0070, 9.13, 7.84, -0.04, -16.35, -40.80
3.79, 0.0060, 9.13, 7.74, -0.04, -16.35, -43.98
3.80, 0.0060, 9.13, 7.65, -0.04, -16.36, -45.89
3.81, 0.0080, 9.13, 7.51, -0.04, -16.41, -47.98
3.81, 0.0060, 9.13, 7.42, -0.04, -16.42, -50.97
3.82, 0.0070, 9.13, 7.30, -0.04, -16.32, -53.08
3.83, 0.0060, 9.13, 7.21, -0.04, -16.01, -54.48
3.83, 0.0060, 9.13, 7.11, -0.04, -15.38, -53.98
3.84, 0.0070, 9.13, 7.01, -0.04, -14.40, -50.73
3.85, 0.0070, 9.13, 6.92, -0.04, -13.40, -44.97
3.85, 0.0060, 9.13, 6.85, -0.04, -12.08, -38.84
3.86, 0.0070, 9.13, 6.77, -0.04, -10.40, -29.74
3.87, 0.0060, 9.13, 6.72, -0.04, -8.98, -17.73
3.87, 0.0070, 9.13, 6.66, -0.04, -7.98, -7.45
3.88, 0.0060, 9.13, 6.62, -0.04, -7.38, -0.60
3.89, 0.0060, 9.13, 6.58, -0.04, -7.09, 3.37
3.89, 0.0070, 9.13, 6.53, -0.04, -6.83, 4.83
3.90, 0.0070, 9.13, 6.49, -0.04, -6.24, 5.97
3.90, 0.0060, 9.13, 6.46, -0.04, -4.97, 9.80
3.91, 0.0060, 9.13, 6.44, -0.04, -3.14, 19.33
3.92, 0.0070, 9.13, 6.43, -0.04, -1.17, 33.58
3.92, 0.0060, 9.13, 6.43, -0.04, 0.36, 49.23
3.93, 0.0070, 9.13, 6.44, -0.04, 1.05, 61.50
3.94, 0.0070, 9.13, 6.45, -0.04, 1.19, 67.19
3.94, 0.0060, 9.13, 6.45, -0.04, 1.23, 68.47
3.95, 0.0060, 9.13, 6.46, -0.04, 1.71, 68.95
3.96, 0.0070, 9.13, 6.48, -0.04, 2.86, 72.97
3.96, 0.0060, 9.13, 6.51, -0.04, 4.29, 82.53
3.97, 0.0060, 9.13, 6.54, -0.04, 5.37, 94.49
3.98, 0.0080, 9.13, 6.59, -0.04, 5.38, 103.82
3.98, 0.0060, 9.13, 6.61, -0.04, 4.56, 104.73
3.99, 0.0060, 9.13, 6.63, -0.04, 3.50, 98.73
4.00, 0.0070, 9.13, 6.65, -0.04, 2.65, 90.65
4.00, 0.0060, 9.13, 6.67, -0.04, 2.17, 84.25
4.01, 0.0060, 9.13, 6.68, -0.04, 1.86, 80.66
4.01, 0.0080, 9.13, 6.69, -0.04, 1.45, 78.40
4.02, 0.0060, 9.13, 6.69, -0.04, 0.62, 75.37
4.03, 0.0060, 9.13, 6.69, -0.04, -0.94, 68.83
4.03, 0.0070, 9.13, 6.66, -0.04, -3.03, 56.17
4.04, 0.0060, 9.13, 6.64, -0.04, -4.93, 39.02
4.05, 0.0060, 9.13, 6.60, -0.04, -6.65, 23.29
4.05, 0.0070, 9.13, 6.54, -0.04, -8.10, 8.74
4.06, 0.0070, 9.13, 6.48, -0.04, -9.02, -4.00
4.07, 0.0060, 9.13, 6.42, -0.04, -9.71, -12.63
4.07, 0.0070, 9.13, 6.34, -0.04, -10.58, -19.33
4.08, 0.0060, 9.13, 6.27, -0.04, -11.61, -27.80
4.09, 0.0060, 9.13, 6.20, -0.04, -12.70, -37.41
4.09, 0.0070, 9.13, 6.10, -0.04, -13.75, -47.67
4.10, 0.0070, 9.13, 6.00, -0.04, -14.61, -57.95
4.11, 0.0070, 9.13, 5.89, -0.04, -15.19, -66.90
4.11, 0.0060, 9.13, 5.80, -0.04, -15.69, -73.67
4.12, 0.0060, 9.13, 5.70, -0.04, -16.18, -79.53
4.13, 0.0070, 9.13, 5.59, -0.04, -16.28, -85.42
4.13, 0.0060, 9.13, 5.49, -0.04, -15.96, -88.51
4.14, 0.0070, 9.13, 5.38, -0.04, -15.39, -87.86
4.15, 0.0070, 9.13, 5.28, -0.04, -14.80, -85.46
4.15, 0.0060, 9.13, 5.19, -0.04, -14.46, -82.80
4.16, 0.0070, 9.13, 5.09, -0.04, -14.25, -81.84
4.17, 0.0060, 9.13, 5.01, -0.04, -13.88, -82.10
4.17, 0.0070, 9.13, 4.92, -0.04, -12.80, -80.81
4.18, 0.0060, 9.13, 4.85, -0.04, -11.17, -73.95
4.19, 0.0060, 9.13, 4.80, -0.04, -9.27, -62.27
4.19, 0.0080, 9.13, 4.74, -0.04, -7.32, -48.23
4.20, 0.0060, 9.13, 4.71, -0.04, -5.51, -33.79
4.20, 0.0060, 9.13, 4.68, -0.04, -3.80, -19.93
4.21, 0.0070, 9.13, 4.67, -0.04, -2.14, -6.69
4.22, 0.0060, 9.13, 4.67, -0.04, -0.38, 6.22
4.22, 0.0060, 9.13, 4.68, -0.04, 1.67, 20.28
4.23, 0.0080, 9.13, 4.71, -0.04, 3.93, 36.88
4.24, 0.0060, 9.13, 4.75, -0.04, 6.32, 55.63
4.24, 0.0060, 9.13, 4.80, -0.04, 8.28, 75.49
4.25, 0.0070, 9.13, 4.87, -0.04, 10.44, 92.16
4.26, 0.0060, 9.13, 4.95, -0.04, 12.82, 110.86
4.26, 0.0060, 9.13, 5.03, -0.04, 13.44, 131.49
4.27, 0.0070, 9.13, 5.12, -0.04, 12.95, 138.08
4.28, 0.0070, 9.13, 5.21, -0.04, 12.75, 135.97
4.28, 0.0070, 9.13, 5.30, -0.04, 14.01, 136.12
4.29, 0.0060, 9.13, 5.40, -0.04, 15.45, 148.15
4.30, 0.0070, 9.13, 5.51, -0.04, 16.45, 161.51
4.30, 0.0060, 9.13, 5.61, -0.04, 16.52, 171.81
4.31, 0.0070, 9.13, 5.72, -0.04, 15.66, 174.38
4.32, 0.0070, 9.13, 5.82, -0.04, 14.47, 169.69
4.32, 0.0060, 9.13, 5.90, -0.04, 13.13, 162.24
4.33, 0.0070, 9.13, 5.98, -0.04, 11.82, 153.04
4.34, 0.0060, 9.13, 6.05, -0.04, 10.54, 144.21
4.34, 0.0070, 9.13, 6.11, -0.04, 9.28, 135.29
4.35, 0.0060, 9.13, 6.16, -0.04, 7.83, 126.48
4.36, 0.0060, 9.13, 6.19, -0.04, 5.79, 115.82
4.36, 0.0080, 9.13, 6.22, -0.04, 3.01, 100.18
4.37, 0.0060, 9.13, 6.22, -0.04, -0.19, 78.43
4.37, 0.0070, 9.13, 6.19, -0.04, -3.38, 52.84
4.38, 0.0060, 9.13, 6.15, -0.04, -6.32, 26.86
4.39, 0.0060, 9.13, 6.10, -0.04, -9.18, 2.55
4.39, 0.0070, 9.13, 6.02, -0.04, -11.95, -21.47
4.40, 0.0070, 9.13, 5.91, -0.04, -14.78, -45.25
4.41, 0.0060, 9.13, 5.81, -0.04, -17.86, -70.00
4.41, 0.0070, 9.13, 5.66, -0.04, -21.08, -96.76
4.42, 0.0060, 9.13, 5.51, -0.04, -24.02, -125.47
4.43, 0.0060, 9.13, 5.36, -0.04, -26.45, -151.88
4.43, 0.0070, 9.13, 5.16, -0.04, -28.54, -174.49
4.44, 0.0060, 9.13, 4.97, -0.04, -30.62, -195.24
4.45, 0.0080, 9.13, 4.70, -0.04, -33.51, -215.53
4.45, 0.0060, 9.13, 4.48, -0.04, -36.45, -244.00
4.46, 0.0070, 9.13, 4.23, -0.04, -36.76, -271.90
4.47, 0.0060, 9.13, 4.02, -0.04, -34.86, -279.54
4.47, 0.0070, 9.13, 3.79, -0.04, -32.88, -268.54
4.48, 0.0060, 9.13, 3.59, -0.04, -32.54, -257.31
4.49, 0.0080, 9.13, 3.33, -0.04, -32.75, -258.43
4.49, 0.0060, 9.13, 3.13, -0.04, -33.03, -265.41
4.50, 0.0060, 9.13, 2.94, -0.04, -32.82, -271.57
4.51, 0.0070, 9.13, 2.71, -0.04, -31.69, -273.88
4.51, 0.0060, 9.13, 2.54, -0.04, -29.73, -269.27
4.52, 0.0070, 9.13, 2.35, -0.04, -27.18, -257.15
4.53, 0.0060, 9.13, 2.20, -0.04, -24.48, -240.57
4.53, 0.0080, 9.13, 2.03, -0.04, -21.59, -221.85
4.54, 0.0060, 9.13, 1.91, -0.04, -18.66, -202.18
4.55, 0.0070, 9.13, 1.80, -0.04, -15.60, -180.98
4.55, 0.0060, 9.13, 1.73, -0.04, -12.43, -158.74
4.56, 0.0070, 9.13, 1.67, -0.04, -8.90, -134.83
4.56, 0.0060, 9.13, 1.64, -0.04, -4.89, -107.86
4.57, 0.0070, 9.13, 1.63, -0.04, -0.69, -76.36
4.58, 0.0070, 9.13, 1.66, -0.04, 3.52, -42.82
4.58, 0.0060, 9.13, 1.70, -0.04, 7.67, -8.67
4.59, 0.0060, 9.13, 1.77, -0.04, 11.77, 25.42
4.60, 0.0070, 9.13, 1.89, -0.04, 15.96, 59.67
4.60, 0.0060, 9.13, 2.01, -0.04, 20.43, 95.39
4.61, 0.0080, 9.13, 2.21, -0.04, 25.01, 133.63
4.62, 0.0060, 9.13, 2.38, -0.04, 29.19, 174.30
4.62, 0.0060, 9.13, 2.58, -0.04, 32.82, 211.24
4.63, 0.0070, 9.13, 2.83, -0.04, 35.86, 244.15
4.64, 0.0060, 9.13, 3.07, -0.04, 38.87, 273.50
4.64, 0.0070, 9.13, 3.36, -0.04, 41.60, 302.23
4.65, 0.0060, 9.13, 3.62, -0.04, 43.47, 329.96
4.66, 0.0080, 9.13, 3.97, -0.04, 44.45, 350.08
4.66, 0.0060, 9.13, 4.24, -0.04, 44.98, 365.08
4.67, 0.0070, 9.13, 4.56, -0.04, 45.37, 374.68
4.68, 0.0060, 9.13, 4.83, -0.04, 45.52, 384.14
4.68, 0.0060, 9.13, 5.11, -0.04, 45.47, 390.84
4.69, 0.0070, 9.13, 5.42, -0.04, 45.35, 395.90
4.70, 0.0060, 9.13, 5.69, -0.04, 44.76, 401.29
4.70, 0.0080, 9.13, 6.04, -0.04, 43.43, 401.90
4.71, 0.0060, 9.13, 6.29, -0.04, 41.19, 398.26
4.72, 0.0070, 9.13, 6.56, -0.04, 38.53, 385.24
4.72, 0.0060, 9.13, 6.77, -0.04, 35.90, 369.36
4.73, 0.0070, 9.13, 7.00, -0.04, 33.13, 352.68
4.74, 0.0060, 9.13, 7.18, -0.04, 30.03, 335.15
4.74, 0.0070, 9.13, 7.37, -0.04, 26.63, 313.90
4.75, 0.0070, 9.13, 7.53, -0.04, 23.20, 290.42
4.76, 0.0060, 9.13, 7.65, -0.04, 19.65, 266.30
4.76, 0.0070, 9.13, 7.76, -0.04, 15.76, 240.21
4.77, 0.0060, 9.13, 7.83, -0.04, 11.60, 211.28
4.78, 0.0070, 9.13, 7.88, -0.04, 7.18, 179.45
4.78, 0.0070, 9.13, 7.90, -0.04, 2.67, 145.10
4.79, 0.0060, 9.13, 7.89, -0.04, -2.06, 109.39
4.80, 0.0070, 9.13, 7.84, -0.04, -7.07, 71.28
4.80, 0.0060, 9.13, 7.76, -0.04, -12.36, 30.23
4.81, 0.0070, 9.13, 7.64, -0.04, -17.78, -13.57
4.81, 0.0060, 9.13, 7.50, -0.04, -23.15, -59.48
4.82, 0.0060, 9.13, 7.33, -0.04, -28.42, -105.15
4.83, 0.0080, 9.13, 7.06, -0.04, -33.47, -150.74
4.84, 0.0060, 9.13, 6.83, -0.04, -37.99, -196.51
4.84, 0.0070, 9.13, 6.54, -0.04, -41.76, -237.22
4.85, 0.0060, 9.13, 6.27, -0.04, -45.00, -273.25
4.85, 0.0070, 9.13, 5.94, -0.04, -48.09, -304.54
4.86, 0.0060, 9.13, 5.63, -0.04, -51.33, -336.01
4.87, 0.0080, 9.13, 5.19, -0.04, -54.09, -368.11
4.87, 0.0060, 9.13, 4.86, -0.04, -56.21, -398.80
4.88, 0.0060, 9.13, 4.51, -0.04, -58.16, -422.52
4.89, 0.0070, 9.13, 4.09, -0.04, -60.18, -445.08
4.89, 0.0060, 9.13, 3.72, -0.04, -61.68, -469.70
4.90, 0.0070, 9.13, 3.28, -0.04, -62.19, -489.10
4.91, 0.0060, 9.13, 2.91, -0.04, -61.47, -501.91
4.91, 0.0080, 9.13, 2.43, -0.04, -59.94, -503.51
4.92, 0.0060, 9.13, 2.08, -0.04, -58.19, -500.81
4.93, 0.0070, 9.13, 1.69, -0.04, -56.56, -493.85
4.93, 0.0060, 9.13, 1.36, -0.04, -55.33, -488.69
4.94, 0.0060, 9.13, 1.03, -0.04, -54.37, -485.52
4.95, 0.0070, 9.13, 0.66, -0.04, -53.01, -484.39
4.95, 0.0070, 9.13, 0.30, -0.04, -50.68, -480.87
4.96, 0.0070, 9.13, -0.03, -0.04, -47.31, -469.34
4.97, 0.0060, 9.13, -0.29, -0.04, -43.29, -448.98
4.97, 0.0070, 9.13, -0.56, -0.04, -39.08, -422.07
4.98, 0.0060, 9.13, -0.77, -0.04, -35.35, -393.82
4.99, 0.0070, 9.13, -1.00, -0.04, -32.18, -368.21
4.99, 0.0060, 9.13, -1.17, -0.04, -29.01, -347.35
5.00, 0.0070, 9.13, -1.35, -0.04, -25.36, -325.53
5.01, 0.0070, 9.13, -1.50, -0.04, -20.95, -299.86
5.01, 0.0060, 9.13, -1.59, -0.04, -15.86, -267.49
5.02, 0.0070, 9.13, -1.66, -0.04, -10.40, -228.66
5.03, 0.0060, 9.13, -1.69, -0.04, -5.04, -186.50
5.03, 0.0070, 9.13, -1.70, -0.04, -0.32, -144.22
5.04, 0.0070, 9.13, -1.67, -0.04, 4.03, -106.46
5.05, 0.0060, 9.13, -1.62, -0.04, 8.50, -71.15
5.05, 0.0070, 9.13, -1.52, -0.04, 13.35, -34.33
5.06, 0.0060, 9.13, -1.41, -0.04, 18.34, 6.35
5.07, 0.0060, 9.13, -1.28, -0.04, 22.91, 48.47
5.07, 0.0070, 9.13, -1.09, -0.04, 27.08, 87.80
5.08, 0.0060, 9.13, -0.90, -0.04, 31.19, 124.90
5.09, 0.0080, 9.13, -0.62, -0.04, 35.45, 161.52
5.09, 0.0060, 9.13, -0.38, -0.04, 39.70, 201.29
5.10, 0.0070, 9.13, -0.07, -0.04, 43.73, 240.05
5.10, 0.0060, 9.13, 0.21, -0.04, 47.28, 278.41
5.11, 0.0060, 9.13, 0.51, -0.04, 49.82, 312.46
5.12, 0.0070, 9.13, 0.87, -0.04, 51.21, 338.79
5.13, 0.0070, 9.13, 1.23, -0.04, 51.69, 357.10
5.13, 0.0070, 9.13, 1.60, -0.04, 52.13, 368.16
5.14, 0.0060, 9.13, 1.91, -0.04, 53.02, 378.99
5.14, 0.0070, 9.13, 2.29, -0.04, 54.01, 392.43
5.15, 0.0060, 9.13, 2.62, -0.04, 54.41, 407.96
5.16, 0.0070, 9.13, 3.00, -0.04, 53.77, 417.66
5.16, 0.0060, 9.13, 3.31, -0.04, 52.18, 420.09
5.17, 0.0070, 9.13, 3.66, -0.04, 49.92, 413.61
5.18, 0.0070, 9.13, 3.99, -0.04, 47.76, 402.53
5.18, 0.0060, 9.13, 4.27, -0.04, 45.85, 391.97
5.19, 0.0070, 9.13, 4.57, -0.04, 43.83, 382.17
5.20, 0.0060, 9.13, 4.82, -0.04, 41.28, 372.11
5.20, 0.0070, 9.13, 5.09, -0.04, 38.11, 356.67
5.21, 0.0070, 9.13, 5.33, -0.04, 34.46, 336.65
5.22, 0.0070, 9.13, 5.54, -0.04, 30.54, 312.31
5.22, 0.0060, 9.13, 5.70, -0.04, 26.54, 285.20
5.23, 0.0060, 9.13, 5.84, -0.04, 22.53, 256.37
5.24, 0.0070, 9.13, 5.97, -0.04, 18.35, 227.01
5.24, 0.0060, 9.13, 6.05, -0.04, 13.89, 196.15
5.25, 0.0070, 9.13, 6.11, -0.04, 9.18, 162.15
5.26, 0.0070, 9.13, 6.14, -0.04, 4.32, 125.71
5.26, 0.0060, 9.13, 6.14, -0.04, -0.62, 87.43
5.27, 0.0070, 9.13, 6.10, -0.04, -5.65, 47.90
5.28, 0.0060, 9.13, 6.04, -0.04, -10.84, 6.81
5.28, 0.0060, 9.13, 5.94, -0.04, -16.31, -35.99
5.29, 0.0070, 9.13, 5.78, -0.04, -22.00, -81.74
5.30, 0.0070, 9.13, 5.59, -0.04, -27.73, -130.30
5.30, 0.0070, 9.13, 5.36, -0.04, -33.25, -180.01
5.31, 0.0060, 9.13, 5.13, -0.04, -38.16, -228.85
5.32, 0.0070, 9.13, 4.83, -0.04, -42.40, -272.68
5.32, 0.0060, 9.13, 4.55, -0.04, -46.21, -312.55
5.33, 0.0070, 9.13, 4.21, -0.04, -49.92, -348.59
5.34, 0.0060, 9.13, 3.88, -0.04, -53.58, -385.29
5.34, 0.0070, 9.13, 3.49, -0.04, -56.78, -420.94
5.35, 0.0070, 9.13, 3.07, -0.04, -58.97, -454.53
5.36, 0.0060, 9.13, 2.71, -0.04, -60.81, -480.27
5.36, 0.0070, 9.13, 2.27, -0.04, -62.86, -502.34
5.37, 0.0060, 9.13, 1.88, -0.04, -64.90, -527.50
5.37, 0.0070, 9.13, 1.41, -0.04, -66.52, -551.63
5.38, 0.0070, 9.13, 0.94, -0.04, -67.25, -573.92
5.39, 0.0070, 9.13, 0.47, -0.04, -66.89, -589.12
5.39, 0.0060, 9.13, 0.08, -0.04, -65.60, -595.63
5.40, 0.0070, 9.13, -0.37, -0.04, -63.79, -593.19
5.41, 0.0060, 9.13, -0.74, -0.04, -62.12, -587.66
5.41, 0.0060, 9.13, -1.10, -0.04, -61.04, -581.69
5.42, 0.0070, 9.13, -1.53, -0.04, -60.26, -580.43
5.43, 0.0070, 9.13, -1.94, -0.04, -59.18, -582.57
5.43, 0.0070, 9.13, -2.34, -0.04, -57.29, -582.27
5.44, 0.0060, 9.13, -2.67, -0.04, -54.46, -575.13
5.45, 0.0070, 9.13, -3.02, -0.04, -50.75, -559.08
5.45, 0.0060, 9.13, -3.30, -0.04, -46.63, -536.51
5.46, 0.0070, 9.13, -3.60, -0.04, -42.85, -509.09
5.47, 0.0070, 9.13, -3.88, -0.04, -39.90, -484.85
5.47, 0.0060, 9.13, -4.11, -0.04, -37.17, -466.89
5.48, 0.0070, 9.13, -4.34, -0.04, -33.94, -449.45
5.49, 0.0060, 9.13, -4.52, -0.04, -30.02, -428.38
5.49, 0.0070, 9.13, -4.70, -0.04, -25.43, -400.64
5.50, 0.0060, 9.13, -4.82, -0.04, -20.56, -367.49
5.51, 0.0080, 9.13, -4.95, -0.04, -15.72, -331.00
5.51, 0.0060, 9.13, -5.02, -0.04, -11.20, -294.81
5.52, 0.0070, 9.13, -5.07, -0.04, -6.94, -259.95
5.53, 0.0060, 9.13, -5.08, -0.04, -2.73, -226.82
5.53, 0.0060, 9.13, -5.07, -0.04, 1.46, -193.46
5.54, 0.0070, 9.13, -5.04, -0.04, 5.31, -159.81
5.55, 0.0060, 9.13, -4.99, -0.04, 8.56, -128.24
5.55, 0.0080, 9.13, -4.89, -0.04, 11.97, -101.23
5.56, 0.0060, 9.13, -4.79, -0.04, 15.96, -72.07
5.57, 0.0060, 9.13, -4.67, -0.04, 20.27, -38.18
5.57, 0.0070, 9.13, -4.50, -0.04, 24.29, -1.30
5.58, 0.0060, 9.13, -4.34, -0.04, 27.67, 34.24
5.59, 0.0070, 9.13, -4.12, -0.04, 30.34, 64.63
5.59, 0.0060, 9.13, -3.93, -0.04, 32.41, 90.21
5.60, 0.0070, 9.13, -3.69, -0.04, 34.01, 110.71
5.61, 0.0070, 9.13, -3.44, -0.04, 35.58, 128.22
5.61, 0.0060, 9.13, -3.22, -0.04, 37.28, 145.79
5.62, 0.0070, 9.13, -2.95, -0.04, 38.89, 163.88
5.63, 0.0060, 9.13, -2.70, -0.04, 40.29, 182.15
5.63, 0.0070, 9.13, -2.41, -0.04, 41.61, 198.24
5.64, 0.0070, 9.13, -2.12, -0.04, 42.29, 214.58
5.65, 0.0070, 9.13, -1.83, -0.04, 41.50, 225.98
5.65, 0.0060, 9.13, -1.59, -0.04, 39.26, 225.45
5.66, 0.0060, 9.13, -1.37, -0.04, 36.39, 212.24
5.66, 0.0070, 9.13, -1.13, -0.04, 34.53, 193.69
5.67, 0.0060, 9.13, -0.93, -0.04, 33.34, 183.65
5.68, 0.0080, 9.13, -0.68, -0.04, 31.80, 178.07
5.69, 0.0060, 9.13, -0.50, -0.04, 29.59, 170.82
5.69, 0.0070, 9.13, -0.31, -0.04, 26.47, 156.70
5.70, 0.0060, 9.13, -0.18, -0.04, 22.78, 135.49
5.70, 0.0070, 9.13, -0.05, -0.04, 18.68, 108.69
5.71, 0.0060, 9.13, 0.04, -0.04, 14.49, 78.53
5.72, 0.0060, 9.13, 0.10, -0.04, 10.46, 46.73
5.72, 0.0080, 9.13, 0.16, -0.04, 6.58, 15.74
5.73, 0.0060, 9.13, 0.17, -0.04, 2.29, -14.27
5.74, 0.0060, 9.13, 0.15, -0.04, -2.82, -48.33
5.74, 0.0070, 9.13, 0.09, -0.04, -8.36, -89.53
5.75, 0.0060, 9.13, 0.01, -0.04, -13.71, -134.98
5.76, 0.0070, 9.13, -0.12, -0.04, -18.65, -179.41
5.76, 0.0070, 9.13, -0.28, -0.04, -23.27, -221.54
5.77, 0.0070, 9.13, -0.48, -0.04, -27.97, -261.76
5.78, 0.0060, 9.13, -0.68, -0.04, -32.96, -303.27
5.78, 0.0060, 9.13, -0.90, -0.04, -38.27, -347.20
5.79, 0.0070, 9.13, -1.21, -0.04, -43.31, -394.26
5.80, 0.0060, 9.13, -1.49, -0.04, -47.43, -440.65
5.80, 0.0070, 9.13, -1.85, -0.04, -51.06, -479.33
5.81, 0.0070, 9.13, -2.23, -0.04, -54.97, -515.52
5.82, 0.0070, 9.13, -2.65, -0.04, -59.24, -554.49
5.82, 0.0060, 9.13, -3.03, -0.04, -63.68, -596.93
5.83, 0.0070, 9.13, -3.50, -0.04, -67.54, -640.04
5.84, 0.0060, 9.13, -3.92, -0.04, -70.08, -680.38
5.84, 0.0060, 9.13, -4.35, -0.04, -71.39, -709.12
5.85, 0.0080, 9.13, -4.93, -0.04, -71.73, -728.22
5.86, 0.0060, 9.13, -5.36, -0.04, -71.68, -742.38
5.86, 0.0070, 9.13, -5.86, -0.04, -72.39, -750.58
5.87, 0.0060, 9.13, -6.31, -0.04, -73.69, -766.40
5.88, 0.0070, 9.13, -6.83, -0.04, -75.06, -785.67
5.88, 0.0060, 9.13, -7.29, -0.04, -76.16, -807.09
5.89, 0.0070, 9.13, -7.82, -0.04, -76.64, -825.05
5.90, 0.0070, 9.13, -8.36, -0.04, -76.47, -839.61
5.90, 0.0070, 9.13, -8.89, -0.04, -75.96, -848.97
5.91, 0.0060, 9.13, -9.34, -0.04, -74.98, -855.53
5.92, 0.0070, 9.13, -9.86, -0.04, -73.73, -856.70
5.92, 0.0060, 9.13, -10.29, -0.04, -72.68, -857.03
5.93, 0.0070, 9.13, -10.80, -0.04, -71.82, -857.34
5.94, 0.0070, 9.13, -11.29, -0.04, -70.52, -860.52
5.94, 0.0070, 9.13, -11.77, -0.04, -68.95, -860.01
5.95, 0.0060, 9.13, -12.18, -0.04, -67.58, -857.09
5.96, 0.0070, 9.13, -12.64, -0.04, -66.56, -854.25
5.96, 0.0060, 9.13, -13.04, -0.04, -65.78, -855.37
5.97, 0.0070, 9.13, -13.49, -0.04, -64.60, -856.99
5.98, 0.0060, 9.13, -13.87, -0.04, -62.74, -856.66
5.98, 0.0080, 9.13, -14.35, -0.04, -60.28, -849.32
5.99, 0.0060, 9.13, -14.70, -0.04, -58.56, -839.25
6.00, 0.0070, 9.13, -15.11, -0.04, -58.63, -832.53
6.00, 0.0060, 9.13, -15.47, -0.04, -59.95, -841.25
6.01, 0.0070, 9.13, -15.90, -0.04, -60.63, -859.06
6.02, 0.0060, 9.13, -16.25, -0.04, -59.34, -872.99
6.02, 0.0080, 9.13, -16.71, -0.04, -56.85, -869.73
6.03, 0.0060, 9.13, -17.04, -0.04, -54.84, -858.97
6.03, 0.0070, 9.13, -17.41, -0.04, -54.14, -849.47
6.04, 0.0060, 9.13, -17.75, -0.04, -55.08, -851.39
6.05, 0.0070, 9.13, -18.15, -0.04, -57.34, -865.57
6.05, 0.0060, 9.13, -18.50, -0.04, -59.51, -891.65
6.06, 0.0080, 9.13, -18.99, -0.04, -60.56, -916.13
6.07, 0.0060, 9.13, -19.35, -0.04, -60.47, -934.26
6.07, 0.0070, 9.13, -19.77, -0.04, -60.09, -940.79
6.08, 0.0060, 9.13, -20.13, -0.04, -60.05, -946.18
6.09, 0.0070, 9.13, -20.56, -0.04, -60.50, -953.02
6.09, 0.0060, 9.13, -20.92, -0.04, -61.30, -965.07
6.10, 0.0070, 9.13, -21.36, -0.04, -62.20, -978.83
6.11, 0.0070, 9.13, -21.80, -0.04, -63.55, -994.74
6.11, 0.0070, 9.13, -22.26, -0.04, -65.64, -1014.48
6.12, 0.0060, 9.13, -22.67, -0.04, -67.91, -1040.38
6.13, 0.0070, 9.13, -23.16, -0.04, -69.66, -1066.70
6.14, 0.0070, 9.13, -23.65, -0.04, -70.98, -1090.47
6.14, 0.0060, 9.13, -24.09, -0.04, -72.23, -1110.90
6.15, 0.0080, 9.13, -24.68, -0.04, -73.77, -1129.62
6.16, 0.0060, 9.13, -25.13, -0.04, -75.56, -1153.74
6.16, 0.0070, 9.13, -25.67, -0.04, -77.41, -1177.09
6.17, 0.0060, 9.13, -26.15, -0.04, -79.53, -1202.74
6.18, 0.0070, 9.13, -26.73, -0.04, -82.35, -1229.22
6.18, 0.0060, 9.13, -27.24, -0.04, -85.99, -1263.34
6.19, 0.0070, 9.13, -27.87, -0.04, -89.43, -1302.78
6.20, 0.0080, 9.13, -28.60, -0.04, -91.86, -1342.82
6.20, 0.0060, 9.13, -29.16, -0.04, -93.22, -1377.00
6.21, 0.0070, 9.13, -29.83, -0.04, -94.53, -1399.03
6.22, 0.0060, 9.13, -30.41, -0.04, -97.29, -1422.75
6.22, 0.0070, 9.13, -31.12, -0.04, -101.28, -1456.46
6.23, 0.0060, 9.13, -31.75, -0.04, -104.86, -1502.59
6.24, 0.0080, 9.13, -32.61, -0.04, -107.49, -1543.84
6.24, 0.0070, 9.13, -33.37, -0.04, -108.63, -1582.10
6.25, 0.0060, 9.13, -34.01, -0.04, -107.68, -1606.39
6.26, 0.0070, 9.13, -34.75, -0.04, -105.46, -1611.71
6.26, 0.0060, 9.13, -35.37, -0.04, -102.56, -1608.73
6.27, 0.0070, 9.13, -36.06, -0.04, -99.45, -1597.85
6.28, 0.0080, 9.13, -36.83, -0.04, -95.25, -1586.89
6.28, 0.0060, 9.13, -37.36, -0.04, -89.71, -1568.47
6.29, 0.0070, 9.13, -37.95, -0.04, -84.38, -1534.95
6.30, 0.0060, 9.13, -38.43, -0.04, -80.00, -1504.10
6.30, 0.0070, 9.13, -38.96, -0.04, -74.92, -1478.66
6.31, 0.0060, 9.13, -39.37, -0.04, -69.00, -1448.57
6.32, 0.0070, 9.13, -39.81, -0.04, -62.04, -1409.46
6.32, 0.0080, 9.13, -40.24, -0.04, -54.46, -1362.46
6.33, 0.0060, 9.13, -40.52, -0.04, -46.48, -1310.51
6.34, 0.0070, 9.13, -40.79, -0.04, -39.06, -1252.28
6.34, 0.0060, 9.13, -41.00, -0.04, -33.99, -1198.40
6.35, 0.0070, 9.13, -41.21, -0.04, -30.77, -1161.92
6.36, 0.0060, 9.13, -41.37, -0.04, -26.46, -1140.48
6.36, 0.0080, 9.13, -41.54, -0.04, -20.48, -1109.11
6.37, 0.0060, 9.13, -41.63, -0.04, -14.84, -1064.56
6.38, 0.0070, 9.13, -41.69, -0.04, -9.12, -1021.24
6.38, 0.0060, 9.13, -41.71, -0.04, -2.80, -976.73
6.39, 0.0070, 9.13, -41.68, -0.04, 4.15, -926.50
6.40, 0.0060, 9.13, -41.61, -0.04, 11.17, -870.39
6.40, 0.0080, 9.13, -41.47, -0.04, 17.59, -812.86
6.41, 0.0060, 9.13, -41.33, -0.04, 23.44, -758.65
6.42, 0.0070, 9.13, -41.13, -0.04, 29.11, -709.06
6.42, 0.0060, 9.13, -40.91, -0.04, 35.28, -659.61
6.43, 0.0070, 9.13, -40.62, -0.04, 41.32, -606.05
6.44, 0.0060, 9.13, -40.34, -0.04, 46.67, -551.90
6.44, 0.0070, 9.13, -39.98, -0.04, 51.38, -503.57
6.45, 0.0070, 9.13, -39.60, -0.04, 55.05, -458.63
6.46, 0.0070, 9.13, -39.20, -0.04, 57.72, -421.58
6.46, 0.0060, 9.13, -38.84, -0.04, 59.23, -392.16
6.47, 0.0070, 9.13, -38.42, -0.04, 59.62, -372.99
6.48, 0.0060, 9.13, -38.07, -0.04, 58.63, -361.52
6.48, 0.0070, 9.13, -37.68, -0.04, 56.34, -362.34
6.49, 0.0080, 9.13, -37.24, -0.04, 54.27, -372.83
6.50, 0.0060, 9.13, -36.92, -0.04, 53.12, -380.68
6.50, 0.0060, 9.13, -36.61, -0.04, 51.48, -383.54
6.51, 0.0070, 9.13, -36.27, -0.04, 49.49, -390.42
6.52, 0.0070, 9.13, -35.94, -0.04, 47.36, -399.44
6.52, 0.0060, 9.13, -35.67, -0.04, 44.98, -409.83
6.53, 0.0080, 9.13, -35.33, -0.04, 41.81, -423.52
6.54, 0.0060, 9.13, -35.10, -0.04, 38.50, -442.16
6.54, 0.0070, 9.13, -34.84, -0.04, 37.61, -464.01
6.55, 0.0060, 9.13, -34.60, -0.04, 39.43, -465.88
6.56, 0.0070, 9.13, -34.32, -0.04, 40.85, -446.56
6.56, 0.0060, 9.13, -34.07, -0.04, 40.69, -429.54
6.57, 0.0070, 9.13, -33.79, -0.04, 40.85, -425.90
6.58, 0.0070, 9.13, -33.50, -0.04, 41.13, -418.93
6.58, 0.0070, 9.13, -33.21, -0.04, 41.22, -410.88
6.59, 0.0060, 9.13, -32.96, -0.04, 41.05, -404.38
6.60, 0.0070, 9.13, -32.67, -0.04, 41.13, -400.86
6.60, 0.0060, 9.13, -32.43, -0.04, 41.35, -394.49
6.61, 0.0070, 9.13, -32.14, -0.04, 41.65, -387.70
6.62, 0.0070, 9.13, -31.84, -0.04, 42.65, -379.49
6.62, 0.0070, 9.13, -31.53, -0.04, 44.27, -365.53
6.63, 0.0060, 9.13, -31.25, -0.04, 45.39, -346.35
6.64, 0.0070, 9.13, -30.93, -0.04, 46.05, -331.93
6.64, 0.0060, 9.13, -30.65, -0.04, 46.49, -320.28
6.65, 0.0070, 9.13, -30.32, -0.04, 46.94, -311.13
6.66, 0.0060, 9.13, -30.04, -0.04, 47.87, -300.96
6.66, 0.0080, 9.13, -29.64, -0.04, 49.28, -287.82
6.67, 0.0060, 9.13, -29.34, -0.04, 50.87, -268.59
6.68, 0.0070, 9.13, -28.97, -0.04, 52.68, -249.83
6.68, 0.0060, 9.13, -28.64, -0.04, 54.91, -227.94
6.69, 0.0070, 9.13, -28.24, -0.04, 57.35, -203.54
6.70, 0.0060, 9.13, -27.88, -0.04, 59.62, -175.97
6.70, 0.0080, 9.13, -27.39, -0.04, 61.50, -150.63
6.71, 0.0060, 9.13, -27.01, -0.04, 63.06, -125.80
6.72, 0.0070, 9.13, -26.56, -0.04, 64.55, -105.72
6.72, 0.0060, 9.13, -26.16, -0.04, 66.26, -84.74
6.73, 0.0070, 9.13, -25.68, -0.04, 68.52, -63.12
6.74, 0.0060, 9.13, -25.25, -0.04, 71.10, -35.43
6.74, 0.0070, 9.13, -24.74, -0.04, 73.45, -6.25
6.75, 0.0070, 9.13, -24.22, -0.04, 74.82, 22.81
6.76, 0.0070, 9.13, -23.69, -0.04, 75.41, 44.20
6.76, 0.0060, 9.13, -23.23, -0.04, 75.88, 59.53
6.77, 0.0070, 9.13, -22.70, -0.04, 76.47, 72.34
6.78, 0.0060, 9.13, -22.23, -0.04, 77.28, 87.84
6.78, 0.0060, 9.13, -21.77, -0.04, 77.93, 103.56
6.79, 0.0080, 9.13, -21.14, -0.04, 78.02, 118.07
6.80, 0.0060, 9.13, -20.68, -0.04, 77.17, 131.34
6.80, 0.0070, 9.13, -20.14, -0.04, 76.41, 133.74
6.81, 0.0060, 9.13, -19.69, -0.04, 76.22, 138.38
6.82, 0.0070, 9.13, -19.16, -0.04, 75.56, 146.00
6.82, 0.0060, 9.13, -18.71, -0.04, 73.96, 151.31
6.83, 0.0080, 9.13, -18.14, -0.04, 71.90, 147.36
6.84, 0.0060, 9.13, -17.72, -0.04, 69.78, 142.41
6.84, 0.0070, 9.13, -17.25, -0.04, 67.71, 133.85
6.85, 0.0060, 9.13, -16.85, -0.04, 65.50, 126.77
6.86, 0.0070, 9.13, -16.42, -0.04, 62.64, 116.90
6.86, 0.0060, 9.13, -16.06, -0.04, 59.21, 102.80
6.87, 0.0070, 9.13, -15.67, -0.04, 55.74, 82.45
6.88, 0.0070, 9.13, -15.30, -0.04, 52.34, 62.53
6.88, 0.0070, 9.13, -14.96, -0.04, 48.74, 42.67
6.89, 0.0060, 9.13, -14.69, -0.04, 44.89, 20.70
6.90, 0.0070, 9.13, -14.41, -0.04, 40.93, -4.73
6.90, 0.0060, 9.13, -14.18, -0.04, 36.99, -30.67
6.91, 0.0070, 9.13, -13.95, -0.04, 33.15, -57.74
6.92, 0.0070, 9.13, -13.75, -0.04, 29.21, -83.84
6.92, 0.0060, 9.13, -13.60, -0.04, 25.11, -111.29
6.93, 0.0070, 9.13, -13.45, -0.04, 20.78, -141.06
6.94, 0.0060, 9.13, -13.35, -0.04, 16.79, -172.76
6.94, 0.0070, 9.13, -13.26, -0.04, 13.27, -202.69
6.95, 0.0060, 9.13, -13.19, -0.04, 10.53, -228.96
6.96, 0.0070, 9.13, -13.14, -0.04, 8.34, -249.68
6.96, 0.0070, 9.13, -13.09, -0.04, 6.17, -266.05
6.97, 0.0070, 9.13, -13.07, -0.04, 3.57, -282.50
6.98, 0.0060, 9.13, -13.06, -0.04, 0.58, -302.82
6.98, 0.0070, 9.13, -13.08, -0.04, -2.21, -326.66
6.99, 0.0060, 9.13, -13.11, -0.04, -4.21, -349.27
7.00, 0.0070, 9.13, -13.14, -0.04, -5.11, -365.82
7.00, 0.0070, 9.13, -13.18, -0.04, -5.14, -373.68
7.01, 0.0070, 9.13, -13.21, -0.04, -4.81, -374.66
7.01, 0.0060, 9.13, -13.24, -0.04, -4.17, -372.72
7.02, 0.0060, 9.13, -13.26, -0.04, -3.60, -368.09
7.03, 0.0070, 9.13, -13.28, -0.04, -3.25, -363.97
7.03, 0.0060, 9.13, -13.30, -0.04, -2.73, -361.64
7.04, 0.0070, 9.13, -13.31, -0.04, -1.69, -357.75
7.05, 0.0070, 9.13, -13.31, -0.04, 0.18, -349.69
7.05, 0.0070, 9.13, -13.29, -0.04, 2.71, -334.69
7.06, 0.0060, 9.13, -13.25, -0.04, 5.66, -314.06
7.07, 0.0070, 9.13, -13.19, -0.04, 8.61, -289.81
7.07, 0.0060, 9.13, -13.13, -0.04, 11.43, -265.04
7.08, 0.0060, 9.13, -13.04, -0.04, 14.24, -241.11
7.09, 0.0080, 9.13, -12.90, -0.04, 17.24, -216.92
7.09, 0.0060, 9.13, -12.78, -0.04, 20.56, -190.15
7.10, 0.0070, 9.13, -12.61, -0.04, 24.15, -161.13
7.11, 0.0060, 9.13, -12.44, -0.04, 27.90, -128.97
7.11, 0.0070, 9.13, -12.22, -0.04, 31.70, -95.69
7.12, 0.0060, 9.13, -12.01, -0.04, 35.56, -60.78
7.13, 0.0070, 9.13, -11.73, -0.04, 39.42, -25.67
7.14, 0.0070, 9.13, -11.43, -0.04, 43.08, 10.75
7.14, 0.0070, 9.13, -11.10, -0.04, 46.43, 46.02
7.15, 0.0060, 9.13, -10.81, -0.04, 49.44, 79.37
7.15, 0.0060, 9.13, -10.50, -0.04, 52.14, 109.39
7.16, 0.0070, 9.13, -10.11, -0.04, 54.74, 137.24
7.17, 0.0060, 9.13, -9.77, -0.04, 57.51, 165.69
7.17, 0.0080, 9.13, -9.28, -0.04, 60.54, 194.71
7.18, 0.0060, 9.13, -8.90, -0.04, 63.58, 228.64
7.19, 0.0070, 9.13, -8.44, -0.04, 66.08, 260.65
7.19, 0.0060, 9.13, -8.03, -0.04, 67.45, 289.89
7.20, 0.0070, 9.13, -7.56, -0.04, 67.53, 308.94
7.21, 0.0060, 9.13, -7.16, -0.04, 66.82, 319.01
7.21, 0.0060, 9.13, -6.76, -0.04, 66.16, 321.32
7.22, 0.0080, 9.13, -6.24, -0.04, 65.85, 324.01
7.23, 0.0060, 9.13, -5.84, -0.04, 65.78, 332.11
7.23, 0.0070, 9.13, -5.38, -0.04, 65.52, 339.39
7.24, 0.0060, 9.13, -5.00, -0.04, 64.68, 346.46
7.25, 0.0070, 9.13, -4.55, -0.04, 63.04, 347.53
7.25, 0.0060, 9.13, -4.19, -0.04, 60.60, 343.21
7.26, 0.0070, 9.13, -3.79, -0.04, 57.69, 330.96
7.27, 0.0070, 9.13, -3.40, -0.04, 54.67, 315.78
7.27, 0.0060, 9.13, -3.09, -0.04, 51.79, 299.31
7.28, 0.0070, 9.13, -2.75, -0.04, 48.95, 282.44
7.29, 0.0060, 9.13, -2.48, -0.04, 45.87, 266.63
7.29, 0.0070, 9.13, -2.18, -0.04, 42.31, 247.48
7.30, 0.0070, 9.13, -1.91, -0.04, 38.13, 224.90
7.31, 0.0070, 9.13, -1.68, -0.04, 33.54, 196.76
7.31, 0.0060, 9.13, -1.50, -0.04, 28.86, 164.78
7.32, 0.0060, 9.13, -1.36, -0.04, 24.23, 130.79
7.32, 0.0070, 9.13, -1.22, -0.04, 19.66, 96.63
7.33, 0.0060, 9.13, -1.13, -0.04, 15.06, 62.89
7.34, 0.0070, 9.13, -1.06, -0.04, 10.32, 27.85
7.34, 0.0070, 9.13, -1.02, -0.04, 5.31, -8.60
7.35, 0.0060, 9.13, -1.02, -0.04, 0.14, -47.97
7.36, 0.0070, 9.13, -1.06, -0.04, -4.98, -89.29
7.36, 0.0060, 9.13, -1.11, -0.04, -9.90, -130.92
7.37, 0.0070, 9.13, -1.22, -0.04, -14.74, -171.46
7.38, 0.0060, 9.13, -1.34, -0.04, -19.57, -212.31
7.39, 0.0060, 9.13, -1.48, -0.04, -24.20, -253.30
7.39, 0.0080, 9.13, -1.70, -0.04, -28.00, -293.23
7.40, 0.0060, 9.13, -1.89, -0.04, -30.84, -328.11
7.40, 0.0070, 9.13, -2.12, -0.04, -32.80, -354.49
7.41, 0.0060, 9.13, -2.33, -0.04, -34.71, -374.76
7.42, 0.0070, 9.13, -2.59, -0.04, -36.88, -394.21
7.43, 0.0060, 9.13, -2.82, -0.04, -39.17, -416.76
7.43, 0.0080, 9.13, -3.15, -0.04, -41.21, -439.75
7.44, 0.0060, 9.13, -3.41, -0.04, -42.73, -462.68
7.44, 0.0070, 9.13, -3.71, -0.04, -43.53, -479.95
7.45, 0.0060, 9.13, -3.97, -0.04, -43.31, -492.45
7.46, 0.0070, 9.13, -4.27, -0.04, -42.26, -495.91
7.46, 0.0060, 9.13, -4.51, -0.04, -40.93, -493.44
7.47, 0.0080, 9.13, -4.83, -0.04, -40.06, -487.66
7.48, 0.0060, 9.13, -5.07, -0.04, -39.75, -487.14
7.48, 0.0060, 9.13, -5.31, -0.04, -39.42, -489.39
7.49, 0.0070, 9.13, -5.58, -0.04, -38.65, -491.56
7.50, 0.0060, 9.13, -5.80, -0.04, -37.07, -490.79
7.50, 0.0070, 9.13, -6.04, -0.04, -34.58, -482.56
7.51, 0.0060, 9.13, -6.23, -0.04, -31.39, -467.46
7.52, 0.0080, 9.13, -6.46, -0.04, -28.03, -445.77
7.52, 0.0060, 9.13, -6.61, -0.04, -25.10, -423.32
7.53, 0.0070, 9.13, -6.77, -0.04, -22.78, -402.94
7.54, 0.0060, 9.13, -6.89, -0.04, -20.69, -387.57
7.54, 0.0070, 9.13, -7.02, -0.04, -18.15, -373.29
7.55, 0.0060, 9.13, -7.11, -0.04, -15.03, -355.51
7.56, 0.0080, 9.13, -7.20, -0.04, -11.41, -332.36
7.56, 0.0060, 9.13, -7.24, -0.04, -7.68, -305.26
7.57, 0.0070, 9.13, -7.27, -0.04, -4.00, -276.29
7.58, 0.0060, 9.13, -7.28, -0.04, -0.45, -247.46
7.58, 0.0060, 9.13, -7.26, -0.04, 3.13, -219.11
7.59, 0.0070, 9.13, -7.21, -0.04, 6.68, -190.08
7.60, 0.0060, 9.13, -7.15, -0.04, 10.13, -160.74
7.60, 0.0080, 9.13, -7.04, -0.04, 13.34, -131.90
7.61, 0.0060, 9.13, -6.94, -0.04, 16.50, -104.12
7.62, 0.0060, 9.13, -6.82, -0.04, 19.98, -76.88
7.62, 0.0070, 9.13, -6.66, -0.04, 23.81, -46.62
7.63, 0.0060, 9.13, -6.49, -0.04, 27.64, -12.62
7.64, 0.0070, 9.13, -6.27, -0.04, 31.26, 21.30
7.64, 0.0070, 9.13, -6.03, -0.04, 34.44, 54.66
7.65, 0.0060, 9.13, -5.81, -0.04, 36.85, 84.89
7.66, 0.0070, 9.13, -5.54, -0.04, 38.60, 108.58
7.66, 0.0060, 9.13, -5.30, -0.04, 40.29, 127.98
7.67, 0.0070, 9.13, -5.00, -0.04, 42.58, 146.37
7.68, 0.0060, 9.13, -4.73, -0.04, 45.44, 170.66
7.68, 0.0070, 9.13, -4.39, -0.04, 48.26, 198.94
7.69, 0.0070, 9.13, -4.04, -0.04, 50.57, 228.29
7.70, 0.0070, 9.13, -3.67, -0.04, 52.03, 253.88
7.70, 0.0060, 9.13, -3.36, -0.04, 52.59, 272.85
7.71, 0.0060, 9.13, -3.04, -0.04, 52.19, 283.65
7.71, 0.0070, 9.13, -2.68, -0.04, 51.43, 286.70
7.72, 0.0060, 9.13, -2.38, -0.04, 50.88, 287.78
7.73, 0.0080, 9.13, -1.97, -0.04, 50.75, 289.46
7.74, 0.0060, 9.13, -1.67, -0.04, 50.76, 296.62
7.74, 0.0070, 9.13, -1.31, -0.04, 50.32, 302.77
7.75, 0.0060, 9.13, -1.02, -0.04, 49.34, 306.27
7.75, 0.0070, 9.13, -0.68, -0.04, 47.82, 304.32
7.76, 0.0060, 9.13, -0.41, -0.04, 46.00, 298.91
7.77, 0.0060, 9.13, -0.14, -0.04, 43.87, 289.89
7.77, 0.0080, 9.13, 0.19, -0.04, 41.39, 278.11
7.78, 0.0060, 9.13, 0.42, -0.04, 38.48, 264.82
7.79, 0.0070, 9.13, 0.66, -0.04, 35.09, 246.18
7.79, 0.0060, 9.13, 0.85, -0.04, 31.39, 223.96
7.80, 0.0070, 9.13, 1.04, -0.04, 27.50, 198.15
7.81, 0.0060, 9.13, 1.19, -0.04, 23.57, 170.88
7.81, 0.0070, 9.13, 1.32, -0.04, 19.64, 142.28
7.82, 0.0070, 9.13, 1.43, -0.04, 15.73, 113.58
7.83, 0.0060, 9.13, 1.50, -0.04, 11.71, 84.51
7.83, 0.0070, 9.13, 1.56, -0.04, 7.40, 53.75
7.84, 0.0060, 9.13, 1.57, -0.04, 2.87, 20.31
7.85, 0.0060, 9.13, 1.56, -0.04, -1.63, -15.56
7.85, 0.0070, 9.13, 1.52, -0.04, -6.01, -51.77
7.86, 0.0070, 9.13, 1.45, -0.04, -10.41, -87.65
7.87, 0.0060, 9.13, 1.36, -0.04, -14.89, -124.30
7.87, 0.0070, 9.13, 1.22, -0.04, -19.32, -161.93
7.88, 0.0060, 9.13, 1.08, -0.04, -23.56, -200.11
7.89, 0.0070, 9.13, 0.89, -0.04, -27.38, -236.84
7.89, 0.0060, 9.13, 0.71, -0.04, -30.45, -271.26
7.90, 0.0080, 9.13, 0.45, -0.04, -32.59, -299.42
7.91, 0.0060, 9.13, 0.24, -0.04, -33.75, -321.81
7.91, 0.0070, 9.13, 0.00, -0.04, -34.67, -335.14
7.92, 0.0060, 9.13, -0.21, -0.04, -36.06, -347.35
7.93, 0.0060, 9.13, -0.44, -0.04, -37.77, -362.73
7.93, 0.0070, 9.13, -0.72, -0.04, -39.42, -381.02
7.94, 0.0060, 9.13, -0.96, -0.04, -40.50, -399.73
7.95, 0.0080, 9.13, -1.29, -0.04, -40.79, -413.18
7.95, 0.0060, 9.13, -1.53, -0.04, -39.94, -422.03
7.96, 0.0070, 9.13, -1.79, -0.04, -38.06, -420.06
7.97, 0.0060, 9.13, -2.01, -0.04, -35.49, -410.34
7.97, 0.0070, 9.13, -2.24, -0.04, -33.29, -394.07
7.98, 0.0060, 9.13, -2.43, -0.04, -31.44, -381.10
7.99, 0.0080, 9.13, -2.66, -0.04, -29.49, -370.06
7.99, 0.0060, 9.13, -2.83, -0.04, -27.18, -359.17
