3.60, 3.5940, 11.29, 11.30, -0.04, 0.00, 0.00
3.60, 0.0070, 11.29, 11.30, -0.04, 0.00, 155.95
3.61, 0.0060, 11.29, 11.30, -0.04, 0.00, 155.97
3.62, 0.0060, 11.29, 11.30, -0.04, 0.01, 155.97
3.62, 0.0070, 11.29, 11.30, -0.04, 0.01, 155.99
3.63, 0.0070, 11.29, 11.30, -0.04, 0.02, 156.03
3.64, 0.0070, 11.29, 11.30, -0.04, 0.04, 156.14
3.64, 0.0060, 11.29, 11.30, -0.04, 0.00, 156.26
3.65, 0.0060, 11.29, 11.30, -0.04, -0.19, 155.98
3.66, 0.0070, 11.29, 11.29, -0.04, -0.70, 154.41
3.66, 0.0060, 11.29, 11.28, -0.04, -1.56, 150.26
3.67, 0.0070, 11.29, 11.26, -0.04, -2.81, 143.15
3.68, 0.0070, 11.29, 11.23, -0.04, -4.24, 132.79
3.68, 0.0070, 11.29, 11.19, -0.04, -5.76, 120.71
3.69, 0.0060, 11.29, 11.15, -0.04, -7.12, 107.79
3.70, 0.0070, 11.29, 11.09, -0.04, -8.15, 96.04
3.70, 0.0060, 11.29, 11.04, -0.04, -8.86, 86.62
3.71, 0.0060, 11.29, 10.98, -0.04, -9.34, 79.90
3.72, 0.0080, 11.29, 10.91, -0.04, -9.80, 74.97
3.72, 0.0060, 11.29, 10.84, -0.04, -10.55, 69.73
3.73, 0.0070, 11.29, 10.76, -0.04, -11.78, 62.47
3.74, 0.0060, 11.29, 10.68, -0.04, -13.33, 50.94
3.74, 0.0070, 11.29, 10.57, -0.04, -14.95, 36.92
3.75, 0.0060, 11.29, 10.48, -0.04, -16.49, 21.90
3.76, 0.0070, 11.29, 10.35, -0.04, -17.88, 7.60
3.76, 0.0070, 11.29, 10.22, -0.04, -19.15, -5.99
3.77, 0.0060, 11.29, 10.10, -0.04, -20.19, -18.85
3.78, 0.0070, 11.29, 9.95, -0.04, -21.09, -29.62
3.78, 0.0060, 11.29, 9.82, -0.04, -21.81, -39.79
3.79, 0.0070, 11.29, 9.66, -0.04, -22.47, -48.14
3.80, 0.0060, 11.29, 9.52, -0.04, -23.04, -56.55
3.80, 0.0080, 11.29, 9.33, -0.04, -23.51, -63.88
3.81, 0.0060, 11.29, 9.19, -0.04, -23.78, -71.38
3.82, 0.0070, 11.29, 9.02, -0.04, -23.87, -76.45
3.82, 0.0060, 11.29, 8.88, -0.04, -23.85, -80.46
3.83, 0.0070, 11.29, 8.71, -0.04, -23.76, -83.19
3.83, 0.0060, 11.29, 8.57, -0.04, -23.56, -85.79
3.84, 0.0060, 11.29, 8.43, -0.04, -23.12, -87.01
3.85, 0.0080, 11.29, 8.26, -0.04, -22.32, -86.24
3.86, 0.0060, 11.29, 8.13, -0.04, -21.10, -83.47
3.86, 0.0070, 11.29, 7.99, -0.04, -19.41, -76.18
3.87, 0.0060, 11.29, 7.89, -0.04, -17.25, -65.38
3.87, 0.0070, 11.29, 7.79, -0.04, -14.78, -50.22
3.88, 0.0060, 11.29, 7.71, -0.04, -12.61, -32.53
3.89, 0.0070, 11.29, 7.64, -0.04, -10.07, -16.70
3.89, 0.0070, 11.29, 7.59, -0.04, -7.17, 2.28
3.90, 0.0060, 11.29, 7.55, -0.04, -5.91, 24.46
3.91, 0.0070, 11.29, 7.51, -0.04, -5.99, 33.78
3.91, 0.0060, 11.29, 7.48, -0.04, -5.96, 32.34
3.92, 0.0060, 11.29, 7.45, -0.04, -5.03, 31.81
3.93, 0.0070, 11.29, 7.42, -0.04, -3.43, 38.70
3.93, 0.0070, 11.29, 7.41, -0.04, -1.49, 50.98
3.94, 0.0060, 11.29, 7.42, -0.04, 0.62, 66.29
3.95, 0.0070, 11.29, 7.43, -0.04, 2.49, 83.25
3.95, 0.0060, 11.29, 7.46, -0.04, 4.02, 98.57
3.96, 0.0070, 11.29, 7.49, -0.04, 4.93, 111.30
3.97, 0.0060, 11.29, 7.52, -0.04, 5.27, 119.29
3.97, 0.0070, 11.29, 7.56, -0.04, 5.29, 122.60
3.98, 0.0070, 11.29, 7.60, -0.04, 5.12, 123.50
3.99, 0.0060, 11.29, 7.63, -0.04, 5.17, 122.88
3.99, 0.0070, 11.29, 7.67, -0.04, 5.43, 123.92
4.00, 0.0060, 11.29, 7.70, -0.04, 5.78, 126.73
4.01, 0.0070, 11.29, 7.74, -0.04, 5.88, 130.26
4.01, 0.0060, 11.29, 7.77, -0.04, 5.32, 131.89
4.02, 0.0070, 11.29, 7.80, -0.04, 3.97, 128.02
4.03, 0.0070, 11.29, 7.82, -0.04, 2.19, 117.81
4.03, 0.0060, 11.29, 7.82, -0.04, 0.20, 103.82
4.04, 0.0070, 11.29, 7.80, -0.04, -1.88, 87.92
4.04, 0.0060, 11.29, 7.78, -0.04, -3.95, 71.06
4.05, 0.0060, 11.29, 7.74, -0.04, -6.05, 54.03
4.06, 0.0080, 11.29, 7.68, -0.04, -8.27, 36.52
4.07, 0.0060, 11.29, 7.61, -0.04, -10.70, 17.36
4.07, 0.0070, 11.29, 7.52, -0.04, -13.47, -3.33
4.08, 0.0060, 11.29, 7.42, -0.04, -15.90, -27.36
4.08, 0.0060, 11.29, 7.31, -0.04, -18.84, -48.69
4.09, 0.0070, 11.29, 7.16, -0.04, -22.28, -74.46
4.10, 0.0060, 11.29, 7.01, -0.04, -24.25, -105.10
4.10, 0.0080, 11.29, 6.81, -0.04, -25.06, -123.81
4.11, 0.0060, 11.29, 6.65, -0.04, -25.84, -134.29
4.12, 0.0070, 11.29, 6.47, -0.04, -26.97, -143.60
4.12, 0.0060, 11.29, 6.30, -0.04, -27.86, -156.42
4.13, 0.0070, 11.29, 6.10, -0.04, -28.79, -166.90
4.14, 0.0060, 11.29, 5.92, -0.04, -30.21, -178.39
4.14, 0.0080, 11.29, 5.66, -0.04, -31.67, -193.40
4.15, 0.0060, 11.29, 5.47, -0.04, -32.72, -210.09
4.16, 0.0070, 11.29, 5.24, -0.04, -32.77, -222.42
4.16, 0.0060, 11.29, 5.05, -0.04, -31.86, -227.47
4.17, 0.0070, 11.29, 4.83, -0.04, -30.19, -223.93
4.18, 0.0060, 11.29, 4.67, -0.04, -27.98, -214.80
4.18, 0.0070, 11.29, 4.48, -0.04, -25.96, -200.49
4.19, 0.0070, 11.29, 4.31, -0.04, -24.60, -187.97
4.20, 0.0070, 11.29, 4.15, -0.04, -23.86, -180.54
4.20, 0.0060, 11.29, 4.01, -0.04, -23.09, -177.99
4.21, 0.0070, 11.29, 3.86, -0.04, -21.50, -174.61
4.22, 0.0060, 11.29, 3.74, -0.04, -18.71, -164.90
4.22, 0.0070, 11.29, 3.64, -0.04, -15.18, -144.81
4.23, 0.0070, 11.29, 3.56, -0.04, -11.31, -118.68
4.24, 0.0070, 11.29, 3.50, -0.04, -7.64, -89.32
4.24, 0.0060, 11.29, 3.48, -0.04, -4.29, -61.06
4.25, 0.0070, 11.29, 3.47, -0.04, -1.05, -34.74
4.26, 0.0060, 11.29, 3.49, -0.04, 2.30, -8.97
4.26, 0.0060, 11.29, 3.52, -0.04, 5.87, 18.10
4.27, 0.0080, 11.29, 3.60, -0.04, 9.71, 47.34
4.28, 0.0060, 11.29, 3.68, -0.04, 13.66, 79.66
4.28, 0.0070, 11.29, 3.80, -0.04, 17.60, 112.86
4.29, 0.0060, 11.29, 3.93, -0.04, 21.45, 146.89
4.30, 0.0070, 11.29, 4.11, -0.04, 25.16, 180.27
4.30, 0.0060, 11.29, 4.28, -0.04, 28.60, 213.47
4.31, 0.0060, 11.29, 4.47, -0.04, 31.38, 244.38
4.32, 0.0080, 11.29, 4.73, -0.04, 33.26, 270.45
4.32, 0.0060, 11.29, 4.94, -0.04, 34.10, 290.76
4.33, 0.0070, 11.29, 5.18, -0.04, 34.58, 301.58
4.34, 0.0060, 11.29, 5.39, -0.04, 35.48, 310.30
4.34, 0.0070, 11.29, 5.65, -0.04, 37.01, 321.76
4.35, 0.0060, 11.29, 5.89, -0.04, 38.68, 339.15
4.36, 0.0080, 11.29, 6.21, -0.04, 39.98, 357.17
4.36, 0.0060, 11.29, 6.45, -0.04, 40.52, 373.91
4.37, 0.0070, 11.29, 6.73, -0.04, 40.28, 383.14
4.38, 0.0060, 11.29, 6.97, -0.04, 39.15, 386.87
4.38, 0.0070, 11.29, 7.23, -0.04, 37.33, 382.48
4.39, 0.0060, 11.29, 7.44, -0.04, 35.37, 373.17
4.40, 0.0070, 11.29, 7.67, -0.04, 33.43, 361.74
4.40, 0.0070, 11.29, 7.89, -0.04, 31.36, 350.90
4.41, 0.0070, 11.29, 8.09, -0.04, 28.82, 338.69
4.42, 0.0060, 11.29, 8.25, -0.04, 25.79, 322.44
4.42, 0.0070, 11.29, 8.41, -0.04, 22.36, 301.27
4.43, 0.0060, 11.29, 8.52, -0.04, 18.70, 276.95
4.44, 0.0070, 11.29, 8.62, -0.04, 15.16, 249.93
4.44, 0.0070, 11.29, 8.71, -0.04, 11.70, 223.71
4.45, 0.0070, 11.29, 8.76, -0.04, 8.19, 197.74
4.46, 0.0060, 11.29, 8.79, -0.04, 4.38, 170.77
4.46, 0.0070, 11.29, 8.79, -0.04, 0.27, 140.81
4.47, 0.0060, 11.29, 8.77, -0.04, -4.07, 107.96
4.48, 0.0060, 11.29, 8.72, -0.04, -8.52, 72.75
4.48, 0.0070, 11.29, 8.62, -0.04, -12.99, 36.14
4.49, 0.0070, 11.29, 8.50, -0.04, -17.61, -1.47
4.50, 0.0070, 11.29, 8.34, -0.04, -22.41, -40.86
4.50, 0.0060, 11.29, 8.18, -0.04, -27.28, -82.39
4.51, 0.0070, 11.29, 7.96, -0.04, -31.79, -124.64
4.51, 0.0060, 11.29, 7.75, -0.04, -35.38, -165.16
4.52, 0.0070, 11.29, 7.48, -0.04, -38.20, -198.11
4.53, 0.0070, 11.29, 7.20, -0.04, -40.29, -226.02
4.53, 0.0070, 11.29, 6.90, -0.04, -42.22, -248.42
4.54, 0.0060, 11.29, 6.63, -0.04, -44.37, -269.73
4.55, 0.0070, 11.29, 6.31, -0.04, -46.52, -292.29
4.55, 0.0060, 11.29, 6.02, -0.04, -48.47, -316.01
4.56, 0.0070, 11.29, 5.66, -0.04, -50.53, -337.44
4.57, 0.0060, 11.29, 5.35, -0.04, -52.92, -360.97
4.57, 0.0080, 11.29, 4.91, -0.04, -55.15, -386.43
4.58, 0.0060, 11.29, 4.57, -0.04, -56.52, -413.09
4.59, 0.0070, 11.29, 4.17, -0.04, -56.75, -430.83
4.59, 0.0060, 11.29, 3.83, -0.04, -55.79, -440.59
4.60, 0.0070, 11.29, 3.46, -0.04, -53.88, -439.59
4.61, 0.0060, 11.29, 3.15, -0.04, -51.12, -431.91
4.61, 0.0080, 11.29, 2.76, -0.04, -48.35, -415.92
4.62, 0.0060, 11.29, 2.49, -0.04, -46.33, -401.53
4.63, 0.0070, 11.29, 2.17, -0.04, -44.92, -390.96
4.64, 0.0060, 11.29, 1.91, -0.04, -43.51, -385.96
4.64, 0.0070, 11.29, 1.62, -0.04, -41.53, -379.88
4.65, 0.0060, 11.29, 1.39, -0.04, -38.77, -369.87
4.66, 0.0080, 11.29, 1.10, -0.04, -35.32, -352.41
4.66, 0.0060, 11.29, 0.92, -0.04, -31.42, -330.48
4.67, 0.0070, 11.29, 0.72, -0.04, -27.52, -303.08
4.68, 0.0060, 11.29, 0.58, -0.04, -23.75, -275.68
4.68, 0.0070, 11.29, 0.44, -0.04, -19.91, -248.36
4.69, 0.0060, 11.29, 0.35, -0.04, -15.59, -220.48
4.70, 0.0070, 11.29, 0.27, -0.04, -10.53, -187.79
4.70, 0.0070, 11.29, 0.24, -0.04, -5.05, -148.73
4.71, 0.0070, 11.29, 0.24, -0.04, 0.23, -105.59
4.71, 0.0060, 11.29, 0.27, -0.04, 4.81, -63.37
4.72, 0.0060, 11.29, 0.32, -0.04, 9.14, -26.15
4.73, 0.0070, 11.29, 0.42, -0.04, 13.42, 9.64
4.73, 0.0060, 11.29, 0.52, -0.04, 17.76, 45.74
4.74, 0.0080, 11.29, 0.70, -0.04, 22.31, 82.60
4.75, 0.0060, 11.29, 0.86, -0.04, 26.70, 122.51
4.75, 0.0060, 11.29, 1.05, -0.04, 30.93, 160.90
4.76, 0.0070, 11.29, 1.30, -0.04, 35.25, 198.42
4.77, 0.0060, 11.29, 1.53, -0.04, 39.86, 237.95
4.77, 0.0070, 11.29, 1.84, -0.04, 44.31, 279.59
4.78, 0.0060, 11.29, 2.13, -0.04, 48.06, 321.40
4.79, 0.0080, 11.29, 2.54, -0.04, 50.64, 357.18
4.79, 0.0060, 11.29, 2.85, -0.04, 51.91, 385.92
4.80, 0.0070, 11.29, 3.21, -0.04, 52.07, 402.27
4.81, 0.0060, 11.29, 3.52, -0.04, 51.47, 410.86
4.81, 0.0070, 11.29, 3.88, -0.04, 51.18, 412.26
4.82, 0.0060, 11.29, 4.19, -0.04, 51.95, 417.10
4.83, 0.0080, 11.29, 4.62, -0.04, 53.45, 429.47
4.83, 0.0060, 11.29, 4.95, -0.04, 54.97, 449.98
4.84, 0.0070, 11.29, 5.34, -0.04, 55.87, 468.81
4.85, 0.0060, 11.29, 5.68, -0.04, 55.71, 483.84
4.85, 0.0070, 11.29, 6.06, -0.04, 54.52, 489.21
4.86, 0.0060, 11.29, 6.37, -0.04, 52.30, 487.32
4.87, 0.0080, 11.29, 6.77, -0.04, 49.82, 475.80
4.87, 0.0060, 11.29, 7.05, -0.04, 47.33, 463.92
4.88, 0.0070, 11.29, 7.37, -0.04, 44.75, 449.72
4.89, 0.0060, 11.29, 7.62, -0.04, 41.70, 435.35
4.89, 0.0070, 11.29, 7.88, -0.04, 37.84, 415.93
4.90, 0.0060, 11.29, 8.08, -0.04, 33.72, 390.41
4.91, 0.0060, 11.29, 8.26, -0.04, 29.79, 361.49
4.91, 0.0080, 11.29, 8.47, -0.04, 26.23, 333.63
4.92, 0.0060, 11.29, 8.61, -0.04, 22.96, 309.27
4.93, 0.0070, 11.29, 8.75, -0.04, 19.70, 285.89
4.93, 0.0060, 11.29, 8.85, -0.04, 16.57, 262.58
4.94, 0.0070, 11.29, 8.94, -0.04, 13.32, 239.53
4.95, 0.0060, 11.29, 9.00, -0.04, 9.85, 215.42
4.95, 0.0080, 11.29, 9.04, -0.04, 5.24, 188.81
4.96, 0.0060, 11.29, 9.04, -0.04, -0.38, 152.75
4.97, 0.0070, 11.29, 9.00, -0.04, -6.39, 107.78
4.97, 0.0060, 11.29, 8.92, -0.04, -12.05, 58.81
4.98, 0.0060, 11.29, 8.82, -0.04, -16.93, 12.04
4.99, 0.0070, 11.29, 8.68, -0.04, -20.83, -29.02
4.99, 0.0060, 11.29, 8.53, -0.04, -23.84, -63.15
5.00, 0.0080, 11.29, 8.32, -0.04, -26.34, -90.02
5.01, 0.0060, 11.29, 8.15, -0.04, -28.70, -114.31
5.01, 0.0070, 11.29, 7.93, -0.04, -31.32, -136.58
5.02, 0.0060, 11.29, 7.72, -0.04, -34.32, -161.92
5.03, 0.0070, 11.29, 7.46, -0.04, -37.63, -190.10
5.03, 0.0060, 11.29, 7.21, -0.04, -41.06, -221.84
5.04, 0.0080, 11.29, 6.86, -0.04, -44.16, -254.21
5.05, 0.0060, 11.29, 6.58, -0.04, -46.38, -286.04
5.05, 0.0070, 11.29, 6.25, -0.04, -47.87, -309.41
5.06, 0.0060, 11.29, 5.95, -0.04, -48.93, -328.03
5.07, 0.0070, 11.29, 5.60, -0.04, -49.97, -342.37
5.07, 0.0060, 11.29, 5.30, -0.04, -50.73, -357.63
5.08, 0.0070, 11.29, 4.94, -0.04, -50.92, -369.84
5.09, 0.0070, 11.29, 4.59, -0.04, -50.38, -378.46
5.09, 0.0070, 11.29, 4.25, -0.04, -48.95, -381.24
5.10, 0.0060, 11.29, 3.97, -0.04, -46.48, -376.66
5.11, 0.0070, 11.29, 3.67, -0.04, -42.94, -362.41
5.11, 0.0060, 11.29, 3.43, -0.04, -39.46, -340.15
5.12, 0.0070, 11.29, 3.17, -0.04, -37.22, -316.99
5.13, 0.0070, 11.29, 2.92, -0.04, -35.90, -304.33
5.13, 0.0070, 11.29, 2.68, -0.04, -34.91, -298.80
5.14, 0.0060, 11.29, 2.47, -0.04, -33.59, -295.72
5.15, 0.0070, 11.29, 2.26, -0.04, -31.39, -289.19
5.15, 0.0060, 11.29, 2.09, -0.04, -27.52, -275.99
5.16, 0.0070, 11.29, 1.94, -0.04, -22.00, -248.37
5.17, 0.0060, 11.29, 1.84, -0.04, -15.44, -207.27
5.17, 0.0080, 11.29, 1.76, -0.04, -9.84, -156.64
5.18, 0.0060, 11.29, 1.73, -0.04, -6.52, -113.40
5.19, 0.0070, 11.29, 1.70, -0.04, -4.34, -87.65
5.19, 0.0060, 11.29, 1.68, -0.04, -2.27, -70.83
5.20, 0.0060, 11.29, 1.68, -0.04, 0.34, -54.53
5.20, 0.0070, 11.29, 1.71, -0.04, 3.62, -33.58
5.21, 0.0070, 11.29, 1.76, -0.04, 7.11, -6.83
5.22, 0.0060, 11.29, 1.82, -0.04, 10.65, 22.07
5.22, 0.0070, 11.29, 1.92, -0.04, 14.03, 51.63
5.23, 0.0060, 11.29, 2.03, -0.04, 17.45, 80.65
5.24, 0.0070, 11.29, 2.17, -0.04, 20.73, 110.13
5.24, 0.0060, 11.29, 2.31, -0.04, 23.92, 139.27
5.25, 0.0080, 11.29, 2.53, -0.04, 27.05, 167.65
5.26, 0.0060, 11.29, 2.71, -0.04, 30.16, 197.01
5.26, 0.0070, 11.29, 2.94, -0.04, 32.65, 225.54
5.27, 0.0060, 11.29, 3.15, -0.04, 34.29, 249.98
5.28, 0.0070, 11.29, 3.39, -0.04, 35.14, 267.25
5.28, 0.0060, 11.29, 3.60, -0.04, 35.26, 278.95
5.29, 0.0070, 11.29, 3.85, -0.04, 34.91, 284.15
5.30, 0.0070, 11.29, 4.08, -0.04, 33.85, 286.20
5.30, 0.0070, 11.29, 4.31, -0.04, 31.94, 282.47
5.31, 0.0060, 11.29, 4.49, -0.04, 30.00, 271.68
5.32, 0.0070, 11.29, 4.69, -0.04, 28.88, 259.74
5.32, 0.0060, 11.29, 4.86, -0.04, 28.17, 254.86
5.33, 0.0070, 11.29, 5.05, -0.04, 27.17, 252.52
5.34, 0.0070, 11.29, 5.23, -0.04, 25.25, 248.34
5.34, 0.0070, 11.29, 5.38, -0.04, 22.05, 236.55
5.35, 0.0060, 11.29, 5.49, -0.04, 17.79, 214.05
5.36, 0.0070, 11.29, 5.58, -0.04, 12.65, 182.09
5.36, 0.0060, 11.29, 5.62, -0.04, 6.95, 142.74
5.37, 0.0070, 11.29, 5.63, -0.04, 2.23, 97.92
5.38, 0.0060, 11.29, 5.63, -0.04, -0.53, 60.51
5.38, 0.0070, 11.29, 5.61, -0.04, -2.64, 38.37
5.39, 0.0070, 11.29, 5.58, -0.04, -5.21, 21.12
5.40, 0.0060, 11.29, 5.52, -0.04, -8.70, -0.17
5.40, 0.0060, 11.29, 5.44, -0.04, -13.31, -29.14
5.41, 0.0070, 11.29, 5.32, -0.04, -18.27, -67.62
5.42, 0.0060, 11.29, 5.18, -0.04, -23.04, -109.82
5.42, 0.0080, 11.29, 4.96, -0.04, -27.22, -150.79
5.43, 0.0060, 11.29, 4.77, -0.04, -31.17, -188.58
5.44, 0.0070, 11.29, 4.53, -0.04, -35.00, -223.95
5.44, 0.0060, 11.29, 4.29, -0.04, -39.12, -259.49
5.45, 0.0070, 11.29, 3.99, -0.04, -43.16, -297.14
5.46, 0.0060, 11.29, 3.71, -0.04, -46.64, -335.46
5.46, 0.0070, 11.29, 3.37, -0.04, -49.34, -368.92
5.47, 0.0070, 11.29, 3.00, -0.04, -51.85, -397.43
5.48, 0.0070, 11.29, 2.62, -0.04, -54.33, -424.74
5.48, 0.0060, 11.29, 2.28, -0.04, -56.55, -452.20
5.49, 0.0070, 11.29, 1.87, -0.04, -58.46, -476.73
5.50, 0.0060, 11.29, 1.51, -0.04, -59.89, -500.21
5.50, 0.0070, 11.29, 1.09, -0.04, -60.70, -518.87
5.51, 0.0070, 11.29, 0.66, -0.04, -60.66, -533.84
5.52, 0.0070, 11.29, 0.24, -0.04, -60.15, -542.01
5.52, 0.0060, 11.29, -0.12, -0.04, -60.03, -546.36
5.53, 0.0070, 11.29, -0.54, -0.04, -60.62, -552.56
5.54, 0.0060, 11.29, -0.91, -0.04, -61.21, -565.76
5.54, 0.0070, 11.29, -1.34, -0.04, -61.21, -577.82
5.55, 0.0060, 11.29, -1.70, -0.04, -60.22, -586.41
5.56, 0.0080, 11.29, -2.16, -0.04, -58.09, -585.73
5.56, 0.0060, 11.29, -2.49, -0.04, -55.03, -577.96
5.57, 0.0070, 11.29, -2.85, -0.04, -51.35, -560.14
5.58, 0.0060, 11.29, -3.14, -0.04, -47.72, -537.84
5.58, 0.0070, 11.29, -3.45, -0.04, -44.70, -514.50
5.59, 0.0060, 11.29, -3.70, -0.04, -42.04, -496.65
5.60, 0.0080, 11.29, -4.02, -0.04, -39.32, -480.43
5.60, 0.0060, 11.29, -4.24, -0.04, -36.14, -464.90
5.61, 0.0070, 11.29, -4.46, -0.04, -32.70, -443.84
5.62, 0.0060, 11.29, -4.64, -0.04, -29.15, -420.90
5.62, 0.0070, 11.29, -4.82, -0.04, -25.73, -396.00
5.63, 0.0060, 11.29, -4.95, -0.04, -22.28, -372.20
5.64, 0.0080, 11.29, -5.10, -0.04, -18.72, -347.33
5.64, 0.0060, 11.29, -5.19, -0.04, -14.90, -321.84
5.65, 0.0070, 11.29, -5.27, -0.04, -11.17, -293.04
5.66, 0.0060, 11.29, -5.32, -0.04, -8.06, -264.78
5.66, 0.0070, 11.29, -5.36, -0.04, -5.26, -240.86
5.67, 0.0060, 11.29, -5.37, -0.04, -2.18, -219.20
5.68, 0.0070, 11.29, -5.36, -0.04, 1.18, -194.81
5.68, 0.0070, 11.29, -5.33, -0.04, 4.54, -167.78
5.69, 0.0070, 11.29, -5.28, -0.04, 7.52, -140.27
5.70, 0.0060, 11.29, -5.22, -0.04, 10.10, -115.35
5.70, 0.0060, 11.29, -5.14, -0.04, 12.01, -93.52
5.71, 0.0070, 11.29, -5.05, -0.04, 13.58, -76.76
5.72, 0.0060, 11.29, -4.96, -0.04, 15.03, -62.30
5.72, 0.0080, 11.29, -4.82, -0.04, 17.11, -48.89
5.73, 0.0060, 11.29, -4.70, -0.04, 19.77, -29.55
5.74, 0.0070, 11.29, -4.55, -0.04, 22.06, -5.87
5.74, 0.0060, 11.29, -4.41, -0.04, 23.81, 15.52
5.75, 0.0070, 11.29, -4.23, -0.04, 24.95, 32.35
5.75, 0.0060, 11.29, -4.08, -0.04, 25.71, 44.99
5.76, 0.0060, 11.29, -3.92, -0.04, 25.94, 54.18
5.77, 0.0080, 11.29, -3.72, -0.04, 25.43, 59.11
5.78, 0.0060, 11.29, -3.57, -0.04, 24.74, 59.12
5.78, 0.0070, 11.29, -3.40, -0.04, 24.14, 56.51
5.79, 0.0060, 11.29, -3.26, -0.04, 23.49, 55.09
5.79, 0.0070, 11.29, -3.10, -0.04, 22.54, 52.78
5.80, 0.0060, 11.29, -2.97, -0.04, 21.15, 48.28
5.81, 0.0080, 11.29, -2.82, -0.04, 19.65, 39.70
5.81, 0.0060, 11.29, -2.71, -0.04, 18.35, 30.85
5.82, 0.0060, 11.29, -2.60, -0.04, 17.38, 22.67
5.83, 0.0070, 11.29, -2.49, -0.04, 16.48, 16.95
5.83, 0.0060, 11.29, -2.40, -0.04, 15.18, 12.06
5.84, 0.0070, 11.29, -2.31, -0.04, 12.71, 3.50
5.85, 0.0060, 11.29, -2.26, -0.04, 8.63, -14.49
5.85, 0.0080, 11.29, -2.22, -0.04, 4.16, -46.03
5.86, 0.0060, 11.29, -2.22, -0.04, -0.10, -81.15
5.87, 0.0060, 11.29, -2.25, -0.04, -3.80, -115.25
5.87, 0.0070, 11.29, -2.29, -0.04, -6.57, -145.28
5.88, 0.0060, 11.29, -2.35, -0.04, -9.38, -168.40
5.89, 0.0070, 11.29, -2.43, -0.04, -12.29, -191.96
5.89, 0.0070, 11.29, -2.54, -0.04, -15.38, -216.96
5.90, 0.0070, 11.29, -2.67, -0.04, -18.36, -243.90
5.91, 0.0060, 11.29, -2.80, -0.04, -21.51, -270.24
5.91, 0.0070, 11.29, -2.97, -0.04, -24.44, -298.02
5.92, 0.0060, 11.29, -3.14, -0.04, -27.64, -324.94
5.93, 0.0070, 11.29, -3.35, -0.04, -31.16, -353.81
5.93, 0.0060, 11.29, -3.56, -0.04, -34.35, -386.32
5.94, 0.0080, 11.29, -3.86, -0.04, -37.10, -416.01
5.95, 0.0060, 11.29, -4.10, -0.04, -39.81, -443.91
5.95, 0.0070, 11.29, -4.40, -0.04, -43.06, -470.36
5.96, 0.0060, 11.29, -4.68, -0.04, -46.63, -502.45
5.97, 0.0070, 11.29, -5.03, -0.04, -50.15, -536.56
5.97, 0.0060, 11.29, -5.35, -0.04, -53.35, -571.73
5.98, 0.0080, 11.29, -5.79, -0.04, -55.58, -603.79
5.99, 0.0060, 11.29, -6.13, -0.04, -56.61, -630.48
5.99, 0.0070, 11.29, -6.53, -0.04, -56.79, -645.56
6.00, 0.0060, 11.29, -6.87, -0.04, -56.36, -654.89
6.01, 0.0070, 11.29, -7.26, -0.04, -56.19, -658.27
6.01, 0.0060, 11.29, -7.60, -0.04, -57.14, -664.78
6.02, 0.0080, 11.29, -8.08, -0.04, -59.34, -679.19
6.03, 0.0060, 11.29, -8.45, -0.04, -62.06, -706.28
6.03, 0.0070, 11.29, -8.90, -0.04, -64.62, -735.48
6.04, 0.0060, 11.29, -9.30, -0.04, -66.08, -765.03
6.05, 0.0070, 11.29, -9.76, -0.04, -65.69, -784.61
6.05, 0.0060, 11.29, -10.14, -0.04, -64.05, -790.69
6.06, 0.0070, 11.29, -10.58, -0.04, -61.77, -785.28
6.07, 0.0070, 11.29, -10.99, -0.04, -59.67, -775.66
6.07, 0.0070, 11.29, -11.41, -0.04, -58.74, -767.27
6.08, 0.0060, 11.29, -11.76, -0.04, -58.44, -768.05
6.09, 0.0070, 11.29, -12.17, -0.04, -58.51, -772.67
6.09, 0.0060, 11.29, -12.52, -0.04, -58.81, -781.43
6.10, 0.0070, 11.29, -12.93, -0.04, -59.15, -790.87
6.11, 0.0080, 11.29, -13.41, -0.04, -59.43, -801.83
6.11, 0.0060, 11.29, -13.77, -0.04, -59.80, -813.58
6.12, 0.0070, 11.29, -14.18, -0.04, -59.70, -823.72
6.13, 0.0060, 11.29, -14.54, -0.04, -58.93, -831.32
6.13, 0.0070, 11.29, -14.94, -0.04, -58.04, -832.24
6.14, 0.0060, 11.29, -15.29, -0.04, -57.60, -833.19
6.15, 0.0080, 11.29, -15.75, -0.04, -57.37, -836.62
6.15, 0.0060, 11.29, -16.09, -0.04, -57.04, -843.95
6.16, 0.0070, 11.29, -16.48, -0.04, -56.16, -848.19
6.17, 0.0060, 11.29, -16.81, -0.04, -54.54, -849.01
6.17, 0.0070, 11.29, -17.18, -0.04, -52.59, -842.59
6.18, 0.0060, 11.29, -17.48, -0.04, -50.69, -834.31
6.19, 0.0070, 11.29, -17.83, -0.04, -49.05, -825.24
6.19, 0.0080, 11.29, -18.21, -0.04, -47.73, -818.95
6.20, 0.0060, 11.29, -18.49, -0.04, -46.57, -816.02
6.21, 0.0070, 11.29, -18.80, -0.04, -44.99, -812.31
6.21, 0.0060, 11.29, -19.06, -0.04, -42.56, -806.02
6.22, 0.0070, 11.29, -19.33, -0.04, -39.19, -791.63
6.23, 0.0060, 11.29, -19.55, -0.04, -35.52, -770.22
6.23, 0.0080, 11.29, -19.80, -0.04, -31.84, -745.12
6.24, 0.0060, 11.29, -19.98, -0.04, -29.29, -720.78
6.25, 0.0070, 11.29, -20.18, -0.04, -28.34, -703.85
6.25, 0.0060, 11.29, -20.35, -0.04, -28.50, -700.26
6.26, 0.0070, 11.29, -20.55, -0.04, -28.93, -704.95
6.27, 0.0060, 11.29, -20.72, -0.04, -27.78, -712.43
6.27, 0.0070, 11.29, -20.90, -0.04, -25.82, -706.57
6.28, 0.0080, 11.29, -21.08, -0.04, -23.29, -694.46
6.29, 0.0060, 11.29, -21.20, -0.04, -20.12, -677.94
6.29, 0.0070, 11.29, -21.32, -0.04, -16.93, -654.99
6.30, 0.0060, 11.29, -21.41, -0.04, -14.26, -631.84
6.31, 0.0070, 11.29, -21.48, -0.04, -10.62, -612.20
6.32, 0.0060, 11.29, -21.52, -0.04, -6.33, -584.62
6.32, 0.0080, 11.29, -21.54, -0.04, -2.03, -551.00
6.33, 0.0060, 11.29, -21.52, -0.04, 2.47, -516.99
6.33, 0.0070, 11.29, -21.47, -0.04, 7.43, -480.65
6.34, 0.0060, 11.29, -21.39, -0.04, 13.08, -439.93
6.35, 0.0070, 11.29, -21.26, -0.04, 18.92, -393.21
6.35, 0.0060, 11.29, -21.11, -0.04, 24.54, -343.82
6.36, 0.0080, 11.29, -20.88, -0.04, 29.31, -295.89
6.37, 0.0060, 11.29, -20.68, -0.04, 33.10, -253.09
6.37, 0.0070, 11.29, -20.42, -0.04, 36.51, -218.80
6.38, 0.0060, 11.29, -20.18, -0.04, 39.88, -186.38
6.39, 0.0070, 11.29, -19.88, -0.04, 43.32, -154.66
6.39, 0.0060, 11.29, -19.60, -0.04, 46.86, -121.07
6.40, 0.0070, 11.29, -19.25, -0.04, 50.40, -87.10
6.41, 0.0070, 11.29, -18.87, -0.04, 53.57, -51.70
6.41, 0.0070, 11.29, -18.48, -0.04, 56.23, -18.84
6.42, 0.0060, 11.29, -18.13, -0.04, 58.30, 10.31
6.43, 0.0070, 11.29, -17.71, -0.04, 59.99, 33.81
6.43, 0.0060, 11.29, -17.34, -0.04, 61.54, 55.75
6.44, 0.0070, 11.29, -16.89, -0.04, 63.92, 75.58
6.45, 0.0070, 11.29, -16.42, -0.04, 67.53, 103.55
6.45, 0.0070, 11.29, -15.92, -0.04, 71.63, 141.88
6.46, 0.0060, 11.29, -15.46, -0.04, 75.51, 184.71
6.47, 0.0070, 11.29, -14.92, -0.04, 77.57, 224.82
6.47, 0.0060, 11.29, -14.45, -0.04, 78.73, 252.16
6.48, 0.0070, 11.29, -13.89, -0.04, 79.27, 270.83
6.49, 0.0070, 11.29, -13.34, -0.04, 78.85, 286.32
6.49, 0.0070, 11.29, -12.80, -0.04, 77.83, 294.01
6.50, 0.0070, 11.29, -12.26, -0.04, 76.82, 296.68
6.51, 0.0060, 11.29, -11.81, -0.04, 75.01, 299.35
6.51, 0.0070, 11.29, -11.30, -0.04, 72.44, 293.90
6.52, 0.0060, 11.29, -10.89, -0.04, 69.47, 283.47
6.53, 0.0070, 11.29, -10.42, -0.04, 66.03, 268.06
6.53, 0.0070, 11.29, -9.99, -0.04, 62.11, 249.75
6.54, 0.0070, 11.29, -9.58, -0.04, 57.66, 227.12
6.55, 0.0060, 11.29, -9.27, -0.04, 52.99, 199.58
6.55, 0.0070, 11.29, -8.93, -0.04, 48.40, 168.58
6.56, 0.0060, 11.29, -8.66, -0.04, 44.12, 138.66
6.57, 0.0070, 11.29, -8.38, -0.04, 40.07, 109.73
6.57, 0.0070, 11.29, -8.13, -0.04, 35.88, 82.90
6.58, 0.0070, 11.29, -7.91, -0.04, 31.23, 54.42
6.59, 0.0060, 11.29, -7.76, -0.04, 25.84, 21.56
6.59, 0.0070, 11.29, -7.62, -0.04, 19.86, -18.47
6.60, 0.0060, 11.29, -7.54, -0.04, 13.43, -63.49
6.61, 0.0070, 11.29, -7.49, -0.04, 6.93, -113.29
6.61, 0.0060, 11.29, -7.48, -0.04, 0.91, -164.35
6.62, 0.0070, 11.29, -7.51, -0.04, -4.29, -212.41
6.63, 0.0070, 11.29, -7.58, -0.04, -8.75, -254.56
6.63, 0.0060, 11.29, -7.65, -0.04, -12.93, -291.53
6.64, 0.0070, 11.29, -7.77, -0.04, -16.98, -326.50
6.65, 0.0060, 11.29, -7.90, -0.04, -20.82, -361.24
6.65, 0.0070, 11.29, -8.07, -0.04, -24.23, -394.51
6.66, 0.0070, 11.29, -8.26, -0.04, -27.06, -425.21
6.67, 0.0070, 11.29, -8.46, -0.04, -29.53, -451.57
6.67, 0.0060, 11.29, -8.66, -0.04, -32.11, -475.48
6.68, 0.0070, 11.29, -8.90, -0.04, -34.92, -499.97
6.69, 0.0060, 11.29, -9.12, -0.04, -37.31, -527.31
6.69, 0.0070, 11.29, -9.40, -0.04, -38.92, -550.97
6.70, 0.0060, 11.29, -9.63, -0.04, -39.65, -569.26
6.71, 0.0080, 11.29, -9.96, -0.04, -40.16, -579.86
6.71, 0.0060, 11.29, -10.20, -0.04, -40.16, -590.42
6.72, 0.0070, 11.29, -10.47, -0.04, -39.57, -595.22
6.73, 0.0060, 11.29, -10.70, -0.04, -38.56, -595.99
6.73, 0.0070, 11.29, -10.97, -0.04, -37.29, -592.53
6.74, 0.0060, 11.29, -11.18, -0.04, -35.98, -587.64
6.75, 0.0080, 11.29, -11.46, -0.04, -34.58, -581.46
6.75, 0.0070, 11.29, -11.69, -0.04, -32.97, -575.83
6.76, 0.0060, 11.29, -11.88, -0.04, -31.05, -567.54
6.77, 0.0070, 11.29, -12.08, -0.04, -28.80, -555.88
6.77, 0.0060, 11.29, -12.23, -0.04, -26.15, -541.90
6.78, 0.0070, 11.29, -12.40, -0.04, -23.19, -523.86
6.79, 0.0070, 11.29, -12.54, -0.04, -19.89, -503.46
6.79, 0.0070, 11.29, -12.65, -0.04, -16.19, -479.82
6.80, 0.0060, 11.29, -12.72, -0.04, -12.14, -452.52
6.81, 0.0070, 11.29, -12.78, -0.04, -7.70, -421.52
6.81, 0.0060, 11.29, -12.79, -0.04, -3.24, -387.13
6.82, 0.0070, 11.29, -12.79, -0.04, 0.99, -351.81
6.83, 0.0060, 11.29, -12.76, -0.04, 4.98, -317.86
6.83, 0.0080, 11.29, -12.69, -0.04, 8.61, -285.35
6.84, 0.0060, 11.29, -12.61, -0.04, 12.35, -254.87
6.85, 0.0070, 11.29, -12.50, -0.04, 16.24, -223.50
6.85, 0.0070, 11.29, -12.36, -0.04, 20.23, -190.10
6.86, 0.0060, 11.29, -12.22, -0.04, 23.43, -155.37
6.87, 0.0070, 11.29, -12.04, -0.04, 25.80, -126.94
6.88, 0.0070, 11.29, -11.84, -0.04, 28.16, -104.39
6.88, 0.0070, 11.29, -11.62, -0.04, 31.60, -81.52
6.89, 0.0060, 11.29, -11.40, -0.04, 36.22, -49.57
6.89, 0.0070, 11.29, -11.11, -0.04, 41.47, -8.32
6.90, 0.0060, 11.29, -10.83, -0.04, 46.65, 39.55
6.91, 0.0070, 11.29, -10.47, -0.04, 51.38, 86.57
6.92, 0.0060, 11.29, -10.14, -0.04, 55.07, 131.55
6.92, 0.0080, 11.29, -9.68, -0.04, 57.45, 167.70
6.93, 0.0060, 11.29, -9.33, -0.04, 59.18, 195.93
6.93, 0.0070, 11.29, -8.90, -0.04, 60.72, 216.87
6.94, 0.0060, 11.29, -8.53, -0.04, 62.53, 237.74
6.95, 0.0070, 11.29, -8.08, -0.04, 64.44, 259.73
6.96, 0.0060, 11.29, -7.68, -0.04, 66.16, 283.99
6.96, 0.0080, 11.29, -7.14, -0.04, 67.25, 305.68
6.97, 0.0060, 11.29, -6.73, -0.04, 67.78, 325.15
6.97, 0.0070, 11.29, -6.26, -0.04, 67.79, 337.58
6.98, 0.0060, 11.29, -5.85, -0.04, 67.68, 347.13
6.99, 0.0070, 11.29, -5.38, -0.04, 67.78, 354.36
6.99, 0.0060, 11.29, -4.97, -0.04, 67.94, 364.66
7.00, 0.0080, 11.29, -4.43, -0.04, 68.02, 374.05
7.01, 0.0060, 11.29, -4.02, -0.04, 67.86, 385.59
7.01, 0.0070, 11.29, -3.55, -0.04, 67.34, 392.48
7.02, 0.0060, 11.29, -3.15, -0.04, 66.53, 397.74
7.03, 0.0070, 11.29, -2.69, -0.04, 65.26, 399.20
7.03, 0.0060, 11.29, -2.31, -0.04, 63.88, 398.24
7.04, 0.0070, 11.29, -1.88, -0.04, 62.05, 394.84
7.05, 0.0070, 11.29, -1.46, -0.04, 59.73, 388.88
7.05, 0.0070, 11.29, -1.06, -0.04, 56.97, 378.73
7.06, 0.0060, 11.29, -0.73, -0.04, 54.46, 364.62
7.07, 0.0070, 11.29, -0.36, -0.04, 52.48, 351.01
7.07, 0.0060, 11.29, -0.06, -0.04, 50.62, 342.53
7.08, 0.0070, 11.29, 0.28, -0.04, 48.37, 333.76
7.09, 0.0070, 11.29, 0.59, -0.04, 44.97, 322.53
7.09, 0.0070, 11.29, 0.88, -0.04, 40.76, 301.64
7.10, 0.0060, 11.29, 1.09, -0.04, 36.09, 273.61
