MPU6050 Found!
Accelerometer range set to: +-8G
Gyro range set to: +- 500 deg/s
Filter bandwidth set to: 21 Hz

Calibrating ...
Done calibrating !
Waiting ...
3.59, 3.5900, 12.00, 12.00, -0.04, -0.00, 0.00
3.60, 0.0060, 12.00, 12.00, -0.04, 0.00, 170.02
3.61, 0.0060, 12.00, 12.00, -0.04, 0.00, 170.03
3.61, 0.0070, 12.00, 12.00, -0.04, 0.00, 170.05
3.62, 0.0060, 12.00, 12.00, -0.04, 0.01, 170.06
3.63, 0.0070, 12.00, 12.00, -0.04, 0.01, 170.06
3.63, 0.0070, 12.00, 12.00, -0.04, 0.02, 170.09
3.64, 0.0060, 12.00, 12.00, -0.04, 0.02, 170.16
3.65, 0.0070, 12.00, 12.00, -0.04, -0.00, 170.20
3.65, 0.0060, 12.00, 12.00, -0.04, -0.20, 170.01
3.66, 0.0070, 12.00, 12.00, -0.04, -0.73, 168.44
3.66, 0.0060, 12.00, 11.98, -0.04, -1.78, 164.07
3.67, 0.0060, 12.00, 11.97, -0.04, -3.19, 155.48
3.68, 0.0080, 12.00, 11.93, -0.04, -4.78, 143.81
3.69, 0.0060, 12.00, 11.89, -0.04, -6.16, 130.33
3.69, 0.0070, 12.00, 11.84, -0.04, -7.21, 118.55
3.70, 0.0060, 12.00, 11.79, -0.04, -8.01, 109.11
3.70, 0.0070, 12.00, 11.73, -0.04, -8.59, 101.77
3.71, 0.0060, 12.00, 11.68, -0.04, -9.24, 95.94
3.72, 0.0070, 12.00, 11.60, -0.04, -10.31, 89.59
3.72, 0.0070, 12.00, 11.52, -0.04, -11.91, 79.56
3.73, 0.0060, 12.00, 11.44, -0.04, -13.67, 65.16
3.74, 0.0070, 12.00, 11.33, -0.04, -15.36, 49.45
3.74, 0.0060, 12.00, 11.23, -0.04, -16.94, 33.77
3.75, 0.0070, 12.00, 11.10, -0.04, -18.39, 19.11
3.76, 0.0060, 12.00, 10.98, -0.04, -19.64, 4.87
3.76, 0.0080, 12.00, 10.82, -0.04, -20.63, -7.44
3.77, 0.0060, 12.00, 10.69, -0.04, -21.52, -18.65
3.78, 0.0070, 12.00, 10.53, -0.04, -22.55, -28.40
3.78, 0.0060, 12.00, 10.39, -0.04, -23.70, -39.75
3.79, 0.0070, 12.00, 10.21, -0.04, -24.84, -51.86
3.80, 0.0060, 12.00, 10.06, -0.04, -25.65, -64.46
3.80, 0.0080, 12.00, 9.85, -0.04, -26.01, -73.99
3.81, 0.0060, 12.00, 9.70, -0.04, -25.89, -81.05
3.82, 0.0060, 12.00, 9.54, -0.04, -25.73, -83.21
3.82, 0.0070, 12.00, 9.36, -0.04, -25.85, -84.94
3.83, 0.0060, 12.00, 9.21, -0.04, -26.10, -89.59
3.84, 0.0070, 12.00, 9.02, -0.04, -26.15, -94.66
3.84, 0.0070, 12.00, 8.84, -0.04, -25.70, -98.71
3.85, 0.0070, 12.00, 8.67, -0.04, -24.54, -98.72
3.86, 0.0060, 12.00, 8.54, -0.04, -22.47, -92.93
3.86, 0.0060, 12.00, 8.42, -0.04, -20.15, -79.02
3.87, 0.0070, 12.00, 8.29, -0.04, -18.07, -62.87
3.88, 0.0060, 12.00, 8.20, -0.04, -15.07, -48.75
3.88, 0.0070, 12.00, 8.11, -0.04, -13.26, -26.56
3.89, 0.0070, 12.00, 8.01, -0.04, -13.35, -13.98
3.90, 0.0070, 12.00, 7.91, -0.04, -14.02, -16.53
3.90, 0.0060, 12.00, 7.83, -0.04, -13.95, -23.86
3.91, 0.0070, 12.00, 7.75, -0.04, -11.74, -25.01
3.92, 0.0060, 12.00, 7.70, -0.04, -8.75, -8.94
3.92, 0.0060, 12.00, 7.66, -0.04, -5.40, 13.95
3.93, 0.0080, 12.00, 7.64, -0.04, -2.78, 40.03
3.94, 0.0060, 12.00, 7.63, -0.04, -1.01, 60.61
3.94, 0.0060, 12.00, 7.64, -0.04, 0.35, 74.59
3.95, 0.0070, 12.00, 7.65, -0.04, 1.37, 85.54
3.96, 0.0060, 12.00, 7.66, -0.04, 2.13, 93.87
3.96, 0.0070, 12.00, 7.68, -0.04, 2.88, 100.24
3.97, 0.0060, 12.00, 7.70, -0.04, 3.99, 106.65
3.98, 0.0070, 12.00, 7.74, -0.04, 5.71, 115.97
3.98, 0.0070, 12.00, 7.80, -0.04, 7.72, 130.53
3.99, 0.0060, 12.00, 7.85, -0.04, 9.20, 147.68
3.99, 0.0070, 12.00, 7.92, -0.04, 9.43, 160.69
4.00, 0.0060, 12.00, 7.97, -0.04, 8.44, 163.84
4.01, 0.0070, 12.00, 8.02, -0.04, 6.75, 156.87
4.01, 0.0070, 12.00, 8.05, -0.04, 5.25, 144.33
4.02, 0.0060, 12.00, 8.08, -0.04, 4.58, 133.03
4.03, 0.0070, 12.00, 8.11, -0.04, 4.19, 128.26
4.03, 0.0060, 12.00, 8.13, -0.04, 3.60, 125.71
4.04, 0.0070, 12.00, 8.15, -0.04, 2.32, 121.41
4.05, 0.0060, 12.00, 8.15, -0.04, 0.13, 111.54
4.05, 0.0060, 12.00, 8.13, -0.04, -2.92, 94.00
4.06, 0.0080, 12.00, 8.08, -0.04, -5.81, 69.27
4.07, 0.0060, 12.00, 8.04, -0.04, -8.08, 45.22
4.07, 0.0060, 12.00, 7.97, -0.04, -11.02, 26.09
4.08, 0.0070, 12.00, 7.88, -0.04, -12.98, 1.28
4.09, 0.0060, 12.00, 7.80, -0.04, -13.48, -16.23
4.09, 0.0070, 12.00, 7.70, -0.04, -13.83, -21.87
4.10, 0.0070, 12.00, 7.60, -0.04, -15.20, -26.58
4.11, 0.0070, 12.00, 7.47, -0.04, -18.58, -39.71
4.11, 0.0060, 12.00, 7.33, -0.04, -22.11, -69.34
4.12, 0.0060, 12.00, 7.18, -0.04, -25.21, -100.26
4.13, 0.0070, 12.00, 6.99, -0.04, -27.16, -128.07
4.13, 0.0060, 12.00, 6.82, -0.04, -27.96, -147.48
4.14, 0.0070, 12.00, 6.63, -0.04, -28.11, -157.25
4.15, 0.0070, 12.00, 6.43, -0.04, -27.98, -162.33
4.15, 0.0070, 12.00, 6.23, -0.04, -28.09, -165.21
4.16, 0.0060, 12.00, 6.06, -0.04, -28.64, -170.06
4.17, 0.0070, 12.00, 5.86, -0.04, -29.55, -177.86
4.17, 0.0060, 12.00, 5.67, -0.04, -30.50, -189.33
4.18, 0.0070, 12.00, 5.46, -0.04, -31.00, -200.59
4.19, 0.0070, 12.00, 5.24, -0.04, -30.24, -208.87
4.19, 0.0070, 12.00, 5.05, -0.04, -28.09, -207.04
4.20, 0.0060, 12.00, 4.90, -0.04, -25.17, -193.77
4.21, 0.0070, 12.00, 4.74, -0.04, -22.53, -173.44
4.21, 0.0060, 12.00, 4.62, -0.04, -20.40, -155.44
4.22, 0.0070, 12.00, 4.48, -0.04, -18.73, -140.86
4.23, 0.0060, 12.00, 4.38, -0.04, -16.74, -130.14
4.23, 0.0080, 12.00, 4.27, -0.04, -14.17, -116.23
4.24, 0.0060, 12.00, 4.21, -0.04, -10.86, -97.92
4.25, 0.0060, 12.00, 4.16, -0.04, -7.18, -72.73
4.25, 0.0070, 12.00, 4.14, -0.04, -3.75, -44.21
4.26, 0.0060, 12.00, 4.13, -0.04, -0.52, -17.25
4.26, 0.0070, 12.00, 4.15, -0.04, 2.84, 8.52
4.27, 0.0070, 12.00, 4.20, -0.04, 6.45, 35.76
4.28, 0.0060, 12.00, 4.26, -0.04, 10.40, 65.56
4.28, 0.0070, 12.00, 4.36, -0.04, 14.60, 98.42
4.29, 0.0060, 12.00, 4.48, -0.04, 18.97, 134.02
4.30, 0.0070, 12.00, 4.64, -0.04, 23.26, 171.33
4.30, 0.0060, 12.00, 4.80, -0.04, 27.14, 208.89
4.31, 0.0070, 12.00, 5.01, -0.04, 30.21, 243.19
4.32, 0.0070, 12.00, 5.24, -0.04, 32.39, 271.94
4.32, 0.0070, 12.00, 5.48, -0.04, 34.01, 293.90
4.33, 0.0060, 12.00, 5.69, -0.04, 35.38, 311.68
4.34, 0.0070, 12.00, 5.95, -0.04, 36.70, 326.90
4.34, 0.0060, 12.00, 6.18, -0.04, 38.04, 342.57
4.35, 0.0060, 12.00, 6.41, -0.04, 39.51, 357.84
4.36, 0.0080, 12.00, 6.74, -0.04, 40.82, 374.38
4.36, 0.0060, 12.00, 6.99, -0.04, 41.84, 391.36
4.37, 0.0070, 12.00, 7.28, -0.04, 41.71, 404.54
4.38, 0.0060, 12.00, 7.53, -0.04, 40.36, 409.33
4.38, 0.0070, 12.00, 7.79, -0.04, 38.02, 403.41
4.39, 0.0060, 12.00, 8.00, -0.04, 35.35, 389.99
4.40, 0.0070, 12.00, 8.23, -0.04, 32.73, 372.83
4.40, 0.0070, 12.00, 8.45, -0.04, 30.40, 356.47
4.41, 0.0070, 12.00, 8.64, -0.04, 28.06, 342.11
4.42, 0.0060, 12.00, 8.79, -0.04, 25.51, 327.29
4.42, 0.0070, 12.00, 8.95, -0.04, 22.51, 309.96
4.43, 0.0060, 12.00, 9.07, -0.04, 19.01, 289.09
4.44, 0.0070, 12.00, 9.17, -0.04, 15.00, 263.43
4.44, 0.0070, 12.00, 9.25, -0.04, 10.91, 233.44
4.45, 0.0070, 12.00, 9.30, -0.04, 7.05, 202.24
4.46, 0.0060, 12.00, 9.32, -0.04, 3.26, 172.37
4.46, 0.0060, 12.00, 9.31, -0.04, -0.87, 142.40
4.47, 0.0070, 12.00, 9.27, -0.04, -5.41, 109.23
4.48, 0.0060, 12.00, 9.21, -0.04, -10.21, 72.23
4.48, 0.0080, 12.00, 9.09, -0.04, -15.16, 32.59
4.49, 0.0060, 12.00, 8.97, -0.04, -20.23, -9.48
4.50, 0.0070, 12.00, 8.79, -0.04, -25.17, -52.42
4.50, 0.0060, 12.00, 8.62, -0.04, -29.72, -95.50
4.51, 0.0060, 12.00, 8.41, -0.04, -33.50, -135.48
4.51, 0.0070, 12.00, 8.16, -0.04, -36.64, -169.70
4.52, 0.0060, 12.00, 7.92, -0.04, -39.58, -199.95
4.53, 0.0080, 12.00, 7.58, -0.04, -42.55, -228.26
4.54, 0.0060, 12.00, 7.31, -0.04, -45.52, -258.80
4.54, 0.0070, 12.00, 6.97, -0.04, -48.14, -288.02
4.55, 0.0060, 12.00, 6.67, -0.04, -50.34, -315.76
4.55, 0.0070, 12.00, 6.30, -0.04, -52.14, -339.34
4.56, 0.0060, 12.00, 5.98, -0.04, -53.80, -361.09
4.57, 0.0080, 12.00, 5.54, -0.04, -54.66, -380.78
4.58, 0.0060, 12.00, 5.21, -0.04, -54.72, -396.44
4.58, 0.0070, 12.00, 4.83, -0.04, -54.18, -403.44
4.59, 0.0060, 12.00, 4.51, -0.04, -53.38, -406.74
4.59, 0.0070, 12.00, 4.15, -0.04, -51.96, -406.72
4.60, 0.0060, 12.00, 3.85, -0.04, -49.49, -402.63
4.61, 0.0070, 12.00, 3.53, -0.04, -46.22, -388.85
4.62, 0.0070, 12.00, 3.23, -0.04, -43.18, -369.14
4.62, 0.0070, 12.00, 2.94, -0.04, -41.11, -350.89
4.63, 0.0060, 12.00, 2.70, -0.04, -39.57, -340.07
4.64, 0.0070, 12.00, 2.44, -0.04, -38.06, -332.49
4.64, 0.0060, 12.00, 2.22, -0.04, -36.30, -325.76
4.65, 0.0070, 12.00, 1.99, -0.04, -33.27, -316.01
4.66, 0.0070, 12.00, 1.78, -0.04, -28.87, -296.43
4.66, 0.0070, 12.00, 1.62, -0.04, -23.73, -265.31
4.67, 0.0060, 12.00, 1.51, -0.04, -17.95, -227.52
4.68, 0.0070, 12.00, 1.42, -0.04, -12.57, -183.40
4.68, 0.0060, 12.00, 1.37, -0.04, -8.01, -142.14
4.69, 0.0070, 12.00, 1.35, -0.04, -3.67, -106.61
4.70, 0.0060, 12.00, 1.35, -0.04, 0.91, -72.41
4.70, 0.0070, 12.00, 1.39, -0.04, 4.94, -35.63
4.71, 0.0070, 12.00, 1.46, -0.04, 9.72, -2.75
4.71, 0.0060, 12.00, 1.54, -0.04, 14.76, 36.90
4.72, 0.0060, 12.00, 1.66, -0.04, 18.70, 79.00
4.73, 0.0070, 12.00, 1.81, -0.04, 22.09, 112.78
4.73, 0.0060, 12.00, 1.97, -0.04, 25.65, 142.97
4.74, 0.0080, 12.00, 2.20, -0.04, 28.88, 174.48
4.75, 0.0060, 12.00, 2.39, -0.04, 31.43, 204.96
4.75, 0.0070, 12.00, 2.62, -0.04, 33.47, 229.11
4.76, 0.0060, 12.00, 2.83, -0.04, 35.51, 250.19
4.77, 0.0070, 12.00, 3.10, -0.04, 37.51, 270.70
4.77, 0.0060, 12.00, 3.33, -0.04, 39.29, 292.00
4.78, 0.0060, 12.00, 3.57, -0.04, 40.52, 310.91
4.79, 0.0080, 12.00, 3.90, -0.04, 41.11, 325.67
4.79, 0.0060, 12.00, 4.15, -0.04, 40.84, 336.96
4.80, 0.0070, 12.00, 4.42, -0.04, 39.41, 339.69
4.81, 0.0060, 12.00, 4.65, -0.04, 37.23, 333.78
4.81, 0.0070, 12.00, 4.89, -0.04, 35.35, 320.78
4.82, 0.0060, 12.00, 5.10, -0.04, 34.49, 310.67
4.83, 0.0080, 12.00, 5.37, -0.04, 34.08, 307.97
4.83, 0.0060, 12.00, 5.57, -0.04, 33.39, 310.16
4.84, 0.0070, 12.00, 5.80, -0.04, 32.21, 308.59
4.85, 0.0060, 12.00, 5.98, -0.04, 29.75, 303.65
4.85, 0.0070, 12.00, 6.16, -0.04, 25.96, 287.53
4.86, 0.0060, 12.00, 6.29, -0.04, 21.20, 260.85
4.87, 0.0080, 12.00, 6.41, -0.04, 15.28, 225.34
4.87, 0.0060, 12.00, 6.47, -0.04, 9.26, 180.40
4.88, 0.0060, 12.00, 6.49, -0.04, 3.82, 133.39
4.89, 0.0070, 12.00, 6.48, -0.04, -1.14, 90.30
4.89, 0.0060, 12.00, 6.44, -0.04, -5.87, 50.51
4.90, 0.0070, 12.00, 6.38, -0.04, -9.85, 11.91
4.91, 0.0060, 12.00, 6.29, -0.04, -14.44, -21.24
4.91, 0.0070, 12.00, 6.15, -0.04, -19.61, -59.75
4.92, 0.0070, 12.00, 5.98, -0.04, -24.71, -103.86
4.93, 0.0060, 12.00, 5.80, -0.04, -30.05, -148.10
4.93, 0.0070, 12.00, 5.55, -0.04, -36.08, -194.43
4.94, 0.0060, 12.00, 5.30, -0.04, -41.83, -247.73
4.95, 0.0070, 12.00, 4.97, -0.04, -46.49, -298.73
4.95, 0.0060, 12.00, 4.67, -0.04, -50.05, -342.49
4.96, 0.0080, 12.00, 4.24, -0.04, -53.10, -377.04
4.97, 0.0060, 12.00, 3.91, -0.04, -55.99, -409.93
4.97, 0.0070, 12.00, 3.50, -0.04, -58.78, -439.73
4.98, 0.0060, 12.00, 3.13, -0.04, -61.64, -470.33
4.99, 0.0070, 12.00, 2.68, -0.04, -64.49, -500.55
4.99, 0.0060, 12.00, 2.27, -0.04, -67.15, -532.38
5.00, 0.0080, 12.00, 1.72, -0.04, -69.42, -561.75
5.01, 0.0060, 12.00, 1.29, -0.04, -71.24, -591.00
5.01, 0.0060, 12.00, 0.85, -0.04, -72.60, -614.08
5.02, 0.0070, 12.00, 0.34, -0.04, -73.56, -633.69
5.03, 0.0060, 12.00, -0.10, -0.04, -73.94, -651.70
5.03, 0.0070, 12.00, -0.62, -0.04, -73.80, -663.61
5.04, 0.0070, 12.00, -1.14, -0.04, -73.64, -672.83
5.05, 0.0070, 12.00, -1.65, -0.04, -73.59, -681.81
5.05, 0.0060, 12.00, -2.09, -0.04, -73.37, -691.75
5.06, 0.0070, 12.00, -2.60, -0.04, -72.45, -698.81
5.07, 0.0060, 12.00, -3.02, -0.04, -70.54, -701.58
5.07, 0.0070, 12.00, -3.50, -0.04, -67.73, -694.75
5.08, 0.0060, 12.00, -3.88, -0.04, -64.28, -681.75
5.09, 0.0080, 12.00, -4.37, -0.04, -60.95, -661.86
5.09, 0.0060, 12.00, -4.72, -0.04, -58.28, -645.01
5.10, 0.0070, 12.00, -5.11, -0.04, -56.12, -630.62
5.11, 0.0060, 12.00, -5.44, -0.04, -54.35, -621.19
5.11, 0.0070, 12.00, -5.80, -0.04, -52.22, -613.53
5.12, 0.0060, 12.00, -6.10, -0.04, -48.88, -603.80
5.13, 0.0080, 12.00, -6.45, -0.04, -44.57, -582.93
5.13, 0.0060, 12.00, -6.69, -0.04, -39.77, -555.63
5.14, 0.0070, 12.00, -6.94, -0.04, -35.14, -521.96
5.15, 0.0060, 12.00, -7.12, -0.04, -31.17, -489.86
5.15, 0.0070, 12.00, -7.32, -0.04, -27.98, -461.86
5.16, 0.0060, 12.00, -7.47, -0.04, -25.39, -440.28
5.17, 0.0070, 12.00, -7.63, -0.04, -23.10, -422.61
5.17, 0.0070, 12.00, -7.78, -0.04, -20.88, -407.52
5.18, 0.0070, 12.00, -7.91, -0.04, -18.36, -392.67
5.19, 0.0060, 12.00, -8.00, -0.04, -15.47, -375.05
5.19, 0.0070, 12.00, -8.09, -0.04, -12.61, -353.81
5.20, 0.0060, 12.00, -8.15, -0.04, -10.17, -332.68
5.20, 0.0070, 12.00, -8.21, -0.04, -8.18, -314.41
5.21, 0.0070, 12.00, -8.25, -0.04, -6.25, -299.59
5.22, 0.0070, 12.00, -8.28, -0.04, -4.13, -285.05
5.22, 0.0060, 12.00, -8.30, -0.04, -2.79, -268.71
5.23, 0.0070, 12.00, -8.31, -0.04, -2.13, -258.26
5.24, 0.0060, 12.00, -8.32, -0.04, -1.56, -253.33
5.24, 0.0060, 12.00, -8.32, -0.04, -0.36, -248.89
5.25, 0.0080, 12.00, -8.31, -0.04, 1.51, -239.36
5.26, 0.0060, 12.00, -8.29, -0.04, 3.21, -224.17
5.26, 0.0070, 12.00, -8.27, -0.04, 3.97, -210.22
5.27, 0.0060, 12.00, -8.24, -0.04, 3.72, -203.54
5.28, 0.0070, 12.00, -8.22, -0.04, 2.97, -205.13
5.28, 0.0060, 12.00, -8.21, -0.04, 2.57, -210.70
5.29, 0.0060, 12.00, -8.19, -0.04, 2.64, -213.60
5.30, 0.0080, 12.00, -8.17, -0.04, 2.85, -212.72
5.30, 0.0060, 12.00, -8.15, -0.04, 3.02, -210.53
5.31, 0.0070, 12.00, -8.13, -0.04, 3.21, -208.87
5.32, 0.0060, 12.00, -8.10, -0.04, 3.93, -206.89
5.32, 0.0070, 12.00, -8.07, -0.04, 4.65, -200.67
5.33, 0.0060, 12.00, -8.04, -0.04, 4.51, -194.21
5.34, 0.0060, 12.00, -8.02, -0.04, 3.28, -194.82
5.34, 0.0080, 12.00, -8.01, -0.04, 1.64, -204.25
5.35, 0.0060, 12.00, -8.01, -0.04, 0.45, -217.15
5.36, 0.0070, 12.00, -8.01, -0.04, 0.03, -226.55
5.36, 0.0060, 12.00, -8.01, -0.04, -0.11, -229.94
5.37, 0.0070, 12.00, -8.01, -0.04, -0.15, -231.04
5.38, 0.0060, 12.00, -8.01, -0.04, -0.00, -231.44
5.38, 0.0070, 12.00, -8.01, -0.04, 0.16, -230.24
5.39, 0.0070, 12.00, -8.01, -0.04, 0.03, -228.90
5.40, 0.0060, 12.00, -8.01, -0.04, -0.43, -229.92
5.40, 0.0070, 12.00, -8.02, -0.04, -1.18, -233.66
5.41, 0.0060, 12.00, -8.03, -0.04, -2.31, -239.87
5.42, 0.0060, 12.00, -8.06, -0.04, -3.82, -249.12
5.42, 0.0080, 12.00, -8.10, -0.04, -4.82, -261.67
5.43, 0.0060, 12.00, -8.13, -0.04, -5.12, -270.49
5.44, 0.0070, 12.00, -8.16, -0.04, -4.79, -273.47
5.44, 0.0060, 12.00, -8.19, -0.04, -4.61, -271.48
5.45, 0.0070, 12.00, -8.22, -0.04, -5.28, -270.59
5.46, 0.0060, 12.00, -8.26, -0.04, -6.40, -276.69
5.46, 0.0070, 12.00, -8.31, -0.04, -7.32, -286.45
5.47, 0.0070, 12.00, -8.37, -0.04, -7.75, -294.80
5.48, 0.0060, 12.00, -8.42, -0.04, -8.03, -299.38
5.48, 0.0070, 12.00, -8.48, -0.04, -8.59, -302.54
5.49, 0.0060, 12.00, -8.53, -0.04, -9.22, -308.27
5.49, 0.0070, 12.00, -8.60, -0.04, -9.55, -314.43
5.50, 0.0060, 12.00, -8.66, -0.04, -9.79, -318.38
5.51, 0.0080, 12.00, -8.74, -0.04, -10.41, -321.44
5.51, 0.0060, 12.00, -8.81, -0.04, -12.07, -328.12
5.52, 0.0070, 12.00, -8.91, -0.04, -14.05, -342.83
5.53, 0.0060, 12.00, -9.00, -0.04, -15.27, -360.67
5.53, 0.0070, 12.00, -9.11, -0.04, -15.33, -372.26
5.54, 0.0060, 12.00, -9.20, -0.04, -14.90, -374.82
5.55, 0.0070, 12.00, -9.30, -0.04, -14.92, -373.20
5.55, 0.0070, 12.00, -9.41, -0.04, -15.78, -375.41
5.56, 0.0070, 12.00, -9.53, -0.04, -17.09, -384.52
5.57, 0.0060, 12.00, -9.65, -0.04, -18.58, -397.39
5.57, 0.0070, 12.00, -9.79, -0.04, -20.27, -411.55
5.58, 0.0060, 12.00, -9.92, -0.04, -21.95, -427.90
5.59, 0.0070, 12.00, -10.08, -0.04, -23.54, -443.98
5.59, 0.0070, 12.00, -10.26, -0.04, -24.66, -460.00
5.60, 0.0070, 12.00, -10.43, -0.04, -25.15, -472.44
5.61, 0.0060, 12.00, -10.59, -0.04, -25.42, -479.86
5.61, 0.0070, 12.00, -10.77, -0.04, -25.86, -485.03
5.62, 0.0060, 12.00, -10.92, -0.04, -26.23, -492.20
5.63, 0.0070, 12.00, -11.11, -0.04, -26.67, -498.32
5.64, 0.0060, 12.00, -11.28, -0.04, -27.45, -505.57
5.64, 0.0080, 12.00, -11.50, -0.04, -28.46, -515.11
5.65, 0.0060, 12.00, -11.68, -0.04, -29.35, -527.69
5.65, 0.0070, 12.00, -11.89, -0.04, -29.83, -538.39
5.66, 0.0070, 12.00, -12.10, -0.04, -29.87, -546.41
5.67, 0.0060, 12.00, -12.28, -0.04, -29.72, -550.89
5.68, 0.0070, 12.00, -12.48, -0.04, -29.65, -553.29
5.68, 0.0070, 12.00, -12.69, -0.04, -29.74, -556.85
5.69, 0.0070, 12.00, -12.90, -0.04, -30.03, -561.73
5.70, 0.0060, 12.00, -13.08, -0.04, -30.39, -568.26
5.70, 0.0070, 12.00, -13.30, -0.04, -30.59, -574.81
5.71, 0.0060, 12.00, -13.48, -0.04, -30.56, -580.66
5.71, 0.0070, 12.00, -13.69, -0.04, -30.51, -584.12
5.72, 0.0070, 12.00, -13.91, -0.04, -30.68, -587.93
5.73, 0.0070, 12.00, -14.13, -0.04, -31.16, -593.65
5.74, 0.0070, 12.00, -14.35, -0.04, -31.66, -601.81
5.74, 0.0060, 12.00, -14.54, -0.04, -31.94, -610.26
5.75, 0.0070, 12.00, -14.76, -0.04, -31.79, -616.35
5.76, 0.0060, 12.00, -14.95, -0.04, -31.30, -619.60
5.76, 0.0070, 12.00, -15.17, -0.04, -30.69, -619.45
5.77, 0.0070, 12.00, -15.38, -0.04, -30.16, -618.87
5.78, 0.0070, 12.00, -15.59, -0.04, -29.86, -618.84
5.78, 0.0060, 12.00, -15.77, -0.04, -29.93, -620.63
5.79, 0.0070, 12.00, -15.98, -0.04, -30.16, -624.74
5.80, 0.0070, 12.00, -16.19, -0.04, -30.21, -630.80
5.80, 0.0060, 12.00, -16.37, -0.04, -29.73, -635.47
5.81, 0.0080, 12.00, -16.60, -0.04, -28.95, -635.18
5.82, 0.0060, 12.00, -16.77, -0.04, -28.30, -633.60
5.82, 0.0070, 12.00, -16.97, -0.04, -28.42, -631.72
5.83, 0.0060, 12.00, -17.14, -0.04, -29.23, -636.70
5.84, 0.0070, 12.00, -17.35, -0.04, -30.08, -646.66
5.84, 0.0060, 12.00, -17.53, -0.04, -30.22, -657.69
5.85, 0.0080, 12.00, -17.77, -0.04, -30.06, -662.43
5.86, 0.0070, 12.00, -17.98, -0.04, -29.98, -665.93
5.86, 0.0060, 12.00, -18.16, -0.04, -30.04, -669.55
5.87, 0.0070, 12.00, -18.37, -0.04, -30.02, -673.61
5.88, 0.0060, 12.00, -18.55, -0.04, -29.90, -677.63
5.88, 0.0070, 12.00, -18.76, -0.04, -29.97, -680.29
5.89, 0.0060, 12.00, -18.95, -0.04, -30.29, -685.02
5.90, 0.0080, 12.00, -19.19, -0.04, -30.57, -691.23
5.90, 0.0060, 12.00, -19.37, -0.04, -30.69, -698.37
5.91, 0.0070, 12.00, -19.59, -0.04, -30.93, -703.00
5.92, 0.0060, 12.00, -19.78, -0.04, -31.20, -709.22
5.92, 0.0070, 12.00, -20.00, -0.04, -31.16, -715.17
5.93, 0.0070, 12.00, -20.21, -0.04, -30.34, -719.19
5.94, 0.0070, 12.00, -20.42, -0.04, -29.55, -716.87
5.94, 0.0070, 12.00, -20.62, -0.04, -29.21, -714.68
5.95, 0.0060, 12.00, -20.80, -0.04, -29.53, -716.10
5.96, 0.0070, 12.00, -21.01, -0.04, -30.10, -722.16
5.96, 0.0060, 12.00, -21.19, -0.04, -30.20, -730.98
5.97, 0.0070, 12.00, -21.40, -0.04, -29.58, -735.36
5.98, 0.0060, 12.00, -21.57, -0.04, -28.64, -734.57
5.98, 0.0080, 12.00, -21.79, -0.04, -27.47, -730.45
5.99, 0.0070, 12.00, -21.97, -0.04, -25.82, -725.50
6.00, 0.0060, 12.00, -22.11, -0.04, -24.05, -715.94
6.00, 0.0070, 12.00, -22.27, -0.04, -22.92, -704.67
6.01, 0.0060, 12.00, -22.41, -0.04, -22.18, -698.82
6.02, 0.0070, 12.00, -22.56, -0.04, -21.34, -695.58
6.02, 0.0070, 12.00, -22.70, -0.04, -20.04, -691.86
6.03, 0.0070, 12.00, -22.82, -0.04, -18.14, -684.26
6.04, 0.0060, 12.00, -22.92, -0.04, -16.02, -671.55
6.04, 0.0070, 12.00, -23.02, -0.04, -14.44, -656.50
6.05, 0.0060, 12.00, -23.10, -0.04, -13.03, -645.92
6.06, 0.0070, 12.00, -23.18, -0.04, -11.56, -636.17
6.06, 0.0070, 12.00, -23.25, -0.04, -10.01, -626.04
6.07, 0.0070, 12.00, -23.31, -0.04, -8.46, -615.10
6.08, 0.0060, 12.00, -23.35, -0.04, -6.70, -603.86
6.08, 0.0070, 12.00, -23.38, -0.04, -4.57, -590.61
6.09, 0.0060, 12.00, -23.39, -0.04, -2.10, -574.17
6.10, 0.0070, 12.00, -23.39, -0.04, 0.27, -554.65
6.10, 0.0060, 12.00, -23.38, -0.04, 2.39, -535.69
6.11, 0.0080, 12.00, -23.34, -0.04, 4.70, -518.41
6.12, 0.0060, 12.00, -23.29, -0.04, 7.44, -499.22
6.12, 0.0070, 12.00, -23.22, -0.04, 10.44, -476.34
6.13, 0.0060, 12.00, -23.14, -0.04, 12.94, -450.94
6.14, 0.0070, 12.00, -23.04, -0.04, 15.25, -429.36
6.14, 0.0060, 12.00, -22.93, -0.04, 17.72, -408.78
6.15, 0.0080, 12.00, -22.77, -0.04, 20.67, -386.86
6.16, 0.0060, 12.00, -22.62, -0.04, 23.89, -359.96
6.16, 0.0070, 12.00, -22.43, -0.04, 26.80, -331.32
6.17, 0.0060, 12.00, -22.26, -0.04, 29.13, -304.27
6.18, 0.0070, 12.00, -22.04, -0.04, 31.22, -282.12
6.18, 0.0060, 12.00, -21.84, -0.04, 33.27, -261.10
6.19, 0.0080, 12.00, -21.56, -0.04, 35.57, -240.66
6.20, 0.0060, 12.00, -21.33, -0.04, 38.05, -216.58
6.20, 0.0070, 12.00, -21.04, -0.04, 40.57, -192.14
6.21, 0.0070, 12.00, -20.74, -0.04, 42.87, -166.35
6.22, 0.0060, 12.00, -20.47, -0.04, 44.97, -141.91
6.22, 0.0070, 12.00, -20.15, -0.04, 46.81, -119.76
6.23, 0.0060, 12.00, -19.86, -0.04, 48.63, -98.50
6.24, 0.0080, 12.00, -19.45, -0.04, 50.48, -78.06
6.24, 0.0060, 12.00, -19.14, -0.04, 52.58, -55.17
6.25, 0.0070, 12.00, -18.75, -0.04, 54.88, -32.11
6.26, 0.0060, 12.00, -18.41, -0.04, 57.20, -5.98
6.26, 0.0070, 12.00, -17.99, -0.04, 59.14, 19.41
6.27, 0.0060, 12.00, -17.63, -0.04, 60.62, 43.21
6.28, 0.0080, 12.00, -17.14, -0.04, 61.67, 62.35
6.28, 0.0060, 12.00, -16.76, -0.04, 63.01, 80.57
6.29, 0.0070, 12.00, -16.31, -0.04, 64.28, 98.90
6.30, 0.0060, 12.00, -15.92, -0.04, 65.00, 118.03
6.30, 0.0070, 12.00, -15.46, -0.04, 65.55, 131.60
6.31, 0.0060, 12.00, -15.06, -0.04, 66.41, 145.17
6.32, 0.0070, 12.00, -14.59, -0.04, 67.41, 160.04
6.32, 0.0070, 12.00, -14.12, -0.04, 67.82, 177.44
6.33, 0.0070, 12.00, -13.64, -0.04, 67.50, 190.25
6.34, 0.0060, 12.00, -13.24, -0.04, 66.45, 197.16
6.34, 0.0070, 12.00, -12.79, -0.04, 65.06, 196.68
6.35, 0.0060, 12.00, -12.41, -0.04, 63.79, 194.70
6.36, 0.0070, 12.00, -11.97, -0.04, 62.50, 192.22
6.36, 0.0070, 12.00, -11.54, -0.04, 60.92, 190.62
6.37, 0.0070, 12.00, -11.13, -0.04, 59.12, 186.50
6.38, 0.0060, 12.00, -10.79, -0.04, 57.10, 180.36
]xAdafruit MPU6050 test!
MPU6050 Found!
Accelerometer range set to: +-8G
Gyro range set to: +- 500 deg/s
Filter bandwidth set to: 21 Hz

Calibrating ...
Done calibrating !
Waiting ...
3.59, 3.5910, 10.18, 10.18, -0.04, -0.00, 0.00
3.60, 0.0060, 10.18, 10.18, -0.04, -0.00, 133.57
3.61, 0.0070, 10.18, 10.18, -0.04, -0.00, 133.56
3.61, 0.0060, 10.18, 10.18, -0.04, -0.00, 133.56
3.62, 0.0060, 10.18, 10.18, -0.04, -0.00, 133.56
3.63, 0.0070, 10.18, 10.18, -0.04, 0.01, 133.57
3.63, 0.0070, 10.18, 10.18, -0.04, 0.03, 133.65
3.64, 0.0070, 10.18, 10.18, -0.04, 0.03, 133.82
3.65, 0.0060, 10.18, 10.18, -0.04, -0.12, 133.83
3.65, 0.0070, 10.18, 10.17, -0.04, -0.53, 132.61
3.66, 0.0060, 10.18, 10.17, -0.04, -1.35, 129.22
3.67, 0.0070, 10.18, 10.15, -0.04, -2.44, 122.57
3.67, 0.0070, 10.18, 10.12, -0.04, -3.71, 113.47
3.68, 0.0070, 10.18, 10.09, -0.04, -4.93, 102.82
3.69, 0.0060, 10.18, 10.05, -0.04, -5.98, 92.37
3.69, 0.0060, 10.18, 10.01, -0.04, -6.77, 83.25
3.70, 0.0070, 10.18, 9.96, -0.04, -7.31, 76.12
3.71, 0.0060, 10.18, 9.91, -0.04, -7.80, 70.72
3.71, 0.0070, 10.18, 9.86, -0.04, -8.54, 65.91
3.72, 0.0070, 10.18, 9.79, -0.04, -9.76, 58.80
3.73, 0.0060, 10.18, 9.72, -0.04, -11.24, 47.62
3.73, 0.0070, 10.18, 9.63, -0.04, -12.71, 34.50
3.74, 0.0060, 10.18, 9.55, -0.04, -14.03, 20.91
3.75, 0.0070, 10.18, 9.44, -0.04, -15.21, 8.67
3.75, 0.0060, 10.18, 9.34, -0.04, -16.22, -2.88
3.76, 0.0070, 10.18, 9.22, -0.04, -17.09, -12.94
3.77, 0.0070, 10.18, 9.10, -0.04, -17.76, -22.27
3.77, 0.0060, 10.18, 8.99, -0.04, -18.30, -30.10
3.78, 0.0070, 10.18, 8.86, -0.04, -18.92, -36.66
3.78, 0.0060, 10.18, 8.74, -0.04, -19.66, -44.25
3.79, 0.0070, 10.18, 8.60, -0.04, -20.34, -52.50
3.80, 0.0060, 10.18, 8.47, -0.04, -20.66, -60.79
3.81, 0.0070, 10.18, 8.33, -0.04, -20.60, -65.84
3.81, 0.0070, 10.18, 8.19, -0.04, -20.33, -68.27
3.82, 0.0060, 10.18, 8.06, -0.04, -20.14, -68.96
3.82, 0.0070, 10.18, 7.92, -0.04, -20.04, -69.85
3.83, 0.0060, 10.18, 7.81, -0.04, -19.81, -71.84
3.84, 0.0070, 10.18, 7.67, -0.04, -19.31, -72.40
3.84, 0.0070, 10.18, 7.54, -0.04, -18.33, -71.06
3.85, 0.0070, 10.18, 7.42, -0.04, -16.88, -65.79
3.86, 0.0060, 10.18, 7.33, -0.04, -15.21, -56.59
3.86, 0.0060, 10.18, 7.25, -0.04, -13.62, -45.00
3.87, 0.0070, 10.18, 7.17, -0.04, -11.10, -33.94
3.88, 0.0060, 10.18, 7.12, -0.04, -9.21, -15.31
3.88, 0.0070, 10.18, 7.06, -0.04, -8.69, -1.34
3.89, 0.0070, 10.18, 7.00, -0.04, -8.56, 1.64
3.90, 0.0060, 10.18, 6.95, -0.04, -8.10, 1.44
3.90, 0.0070, 10.18, 6.90, -0.04, -7.13, 4.17
3.91, 0.0060, 10.18, 6.86, -0.04, -5.77, 10.89
3.92, 0.0060, 10.18, 6.84, -0.04, -3.82, 21.12
3.92, 0.0070, 10.18, 6.83, -0.04, -1.48, 36.23
3.93, 0.0070, 10.18, 6.84, -0.04, 0.72, 54.74
3.94, 0.0070, 10.18, 6.85, -0.04, 2.17, 72.49
3.94, 0.0060, 10.18, 6.87, -0.04, 2.78, 84.40
3.95, 0.0060, 10.18, 6.89, -0.04, 3.02, 89.61
3.96, 0.0070, 10.18, 6.91, -0.04, 3.33, 91.84
3.96, 0.0060, 10.18, 6.93, -0.04, 3.84, 94.85
3.97, 0.0070, 10.18, 6.96, -0.04, 4.67, 99.34
3.98, 0.0070, 10.18, 7.01, -0.04, 5.93, 106.65
3.98, 0.0060, 10.18, 7.05, -0.04, 7.18, 117.53
3.99, 0.0070, 10.18, 7.10, -0.04, 7.54, 128.45
4.00, 0.0060, 10.18, 7.14, -0.04, 6.55, 132.38
4.00, 0.0070, 10.18, 7.18, -0.04, 4.86, 125.23
4.01, 0.0060, 10.18, 7.19, -0.04, 3.22, 112.39
4.01, 0.0070, 10.18, 7.21, -0.04, 2.21, 99.68
4.02, 0.0070, 10.18, 7.22, -0.04, 1.47, 91.85
4.03, 0.0060, 10.18, 7.22, -0.04, 0.61, 86.20
4.03, 0.0070, 10.18, 7.22, -0.04, -0.65, 79.36
4.04, 0.0060, 10.18, 7.20, -0.04, -2.49, 69.15
4.05, 0.0060, 10.18, 7.18, -0.04, -4.80, 54.13
4.05, 0.0070, 10.18, 7.13, -0.04, -7.13, 35.09
4.06, 0.0070, 10.18, 7.06, -0.04, -9.07, 15.46
4.07, 0.0060, 10.18, 6.99, -0.04, -11.58, -1.28
4.07, 0.0070, 10.18, 6.90, -0.04, -13.45, -22.79
4.08, 0.0060, 10.18, 6.81, -0.04, -14.26, -39.63
4.09, 0.0070, 10.18, 6.71, -0.04, -15.13, -47.84
4.09, 0.0060, 10.18, 6.61, -0.04, -16.67, -56.92
4.10, 0.0080, 10.18, 6.46, -0.04, -18.66, -71.26
4.11, 0.0060, 10.18, 6.34, -0.04, -20.43, -90.09
4.11, 0.0070, 10.18, 6.18, -0.04, -21.66, -106.70
4.12, 0.0060, 10.18, 6.05, -0.04, -22.56, -119.62
4.13, 0.0070, 10.18, 5.89, -0.04, -23.27, -129.55
4.13, 0.0060, 10.18, 5.74, -0.04, -23.81, -138.46
4.14, 0.0070, 10.18, 5.58, -0.04, -23.82, -145.64
4.15, 0.0070, 10.18, 5.41, -0.04, -23.37, -149.06
4.15, 0.0070, 10.18, 5.25, -0.04, -22.59, -148.69
4.16, 0.0060, 10.18, 5.12, -0.04, -21.73, -145.63
4.17, 0.0070, 10.18, 4.98, -0.04, -21.00, -141.34
4.17, 0.0060, 10.18, 4.85, -0.04, -20.65, -138.47
4.18, 0.0060, 10.18, 4.73, -0.04, -20.31, -138.17
4.19, 0.0080, 10.18, 4.58, -0.04, -19.09, -137.85
4.19, 0.0060, 10.18, 4.48, -0.04, -16.65, -131.15
4.20, 0.0070, 10.18, 4.38, -0.04, -13.56, -113.66
4.21, 0.0060, 10.18, 4.32, -0.04, -10.53, -90.85
4.21, 0.0070, 10.18, 4.26, -0.04, -8.03, -67.85
4.22, 0.0060, 10.18, 4.23, -0.04, -5.80, -48.97
4.23, 0.0070, 10.18, 4.20, -0.04, -3.55, -31.80
4.23, 0.0070, 10.18, 4.20, -0.04, -1.02, -14.32
4.24, 0.0060, 10.18, 4.21, -0.04, 1.84, 5.75
4.25, 0.0070, 10.18, 4.24, -0.04, 5.02, 28.91
4.25, 0.0060, 10.18, 4.29, -0.04, 8.38, 55.02
4.26, 0.0070, 10.18, 4.38, -0.04, 11.79, 82.88
4.26, 0.0060, 10.18, 4.47, -0.04, 15.11, 111.85
4.27, 0.0070, 10.18, 4.59, -0.04, 18.18, 140.18
4.28, 0.0070, 10.18, 4.74, -0.04, 20.87, 167.35
4.28, 0.0060, 10.18, 4.88, -0.04, 23.25, 191.79
4.29, 0.0070, 10.18, 5.06, -0.04, 25.35, 213.56
4.30, 0.0060, 10.18, 5.22, -0.04, 26.97, 233.97
4.30, 0.0070, 10.18, 5.42, -0.04, 28.68, 250.16
4.31, 0.0060, 10.18, 5.60, -0.04, 30.31, 267.83
4.32, 0.0080, 10.18, 5.85, -0.04, 31.10, 284.51
4.32, 0.0060, 10.18, 6.03, -0.04, 30.53, 295.80
4.33, 0.0070, 10.18, 6.24, -0.04, 29.55, 294.94
4.34, 0.0060, 10.18, 6.41, -0.04, 28.61, 291.22
4.34, 0.0070, 10.18, 6.61, -0.04, 27.68, 287.13
4.35, 0.0060, 10.18, 6.76, -0.04, 26.41, 283.52
4.36, 0.0080, 10.18, 6.96, -0.04, 24.86, 276.59
4.36, 0.0060, 10.18, 7.10, -0.04, 23.00, 268.15
4.37, 0.0070, 10.18, 7.25, -0.04, 20.90, 256.03
4.38, 0.0060, 10.18, 7.36, -0.04, 18.43, 242.19
4.38, 0.0070, 10.18, 7.47, -0.04, 15.58, 224.59
4.39, 0.0060, 10.18, 7.54, -0.04, 12.41, 204.02
4.40, 0.0080, 10.18, 7.61, -0.04, 8.85, 180.11
4.40, 0.0060, 10.18, 7.64, -0.04, 5.05, 153.06
4.41, 0.0070, 10.18, 7.65, -0.04, 1.24, 123.27
4.42, 0.0060, 10.18, 7.64, -0.04, -2.53, 92.98
4.42, 0.0060, 10.18, 7.60, -0.04, -6.51, 62.47
4.43, 0.0070, 10.18, 7.52, -0.04, -11.01, 29.86
4.44, 0.0060, 10.18, 7.43, -0.04, -15.84, -7.68
4.44, 0.0080, 10.18, 7.26, -0.04, -20.60, -48.22
4.45, 0.0060, 10.18, 7.11, -0.04, -25.10, -89.62
4.46, 0.0060, 10.18, 6.93, -0.04, -29.36, -128.60
4.46, 0.0070, 10.18, 6.70, -0.04, -33.82, -166.17
4.47, 0.0060, 10.18, 6.47, -0.04, -38.40, -206.60
4.48, 0.0070, 10.18, 6.17, -0.04, -42.53, -247.89
4.48, 0.0070, 10.18, 5.85, -0.04, -45.70, -286.88
4.49, 0.0070, 10.18, 5.52, -0.04, -47.64, -318.63
4.50, 0.0070, 10.18, 5.17, -0.04, -48.87, -340.79
4.50, 0.0060, 10.18, 4.87, -0.04, -50.85, -357.50
4.51, 0.0070, 10.18, 4.49, -0.04, -53.78, -379.46
4.52, 0.0060, 10.18, 4.15, -0.04, -56.27, -410.43
4.52, 0.0070, 10.18, 3.75, -0.04, -57.13, -437.04
4.53, 0.0070, 10.18, 3.36, -0.04, -56.68, -451.94
4.54, 0.0070, 10.18, 2.97, -0.04, -55.49, -456.33
4.54, 0.0060, 10.18, 2.65, -0.04, -53.87, -454.54
4.55, 0.0070, 10.18, 2.28, -0.04, -51.83, -448.01
4.56, 0.0060, 10.18, 1.98, -0.04, -50.10, -439.00
4.56, 0.0070, 10.18, 1.64, -0.04, -48.87, -431.14
4.57, 0.0070, 10.18, 1.31, -0.04, -47.64, -428.12
4.58, 0.0070, 10.18, 0.99, -0.04, -45.63, -424.95
4.58, 0.0060, 10.18, 0.73, -0.04, -42.83, -415.31
4.59, 0.0070, 10.18, 0.45, -0.04, -39.38, -398.02
4.60, 0.0060, 10.18, 0.24, -0.04, -35.56, -375.98
4.60, 0.0070, 10.18, 0.02, -0.04, -31.72, -349.62
4.61, 0.0060, 10.18, -0.15, -0.04, -28.08, -323.36
4.62, 0.0080, 10.18, -0.34, -0.04, -24.42, -297.64
4.62, 0.0060, 10.18, -0.47, -0.04, -20.38, -272.29
4.63, 0.0070, 10.18, -0.58, -0.04, -15.53, -242.42
4.64, 0.0060, 10.18, -0.64, -0.04, -10.30, -205.74
4.64, 0.0070, 10.18, -0.67, -0.04, -5.34, -165.16
4.65, 0.0060, 10.18, -0.68, -0.04, -0.74, -126.22
4.66, 0.0080, 10.18, -0.65, -0.04, 3.61, -89.53
4.66, 0.0060, 10.18, -0.60, -0.04, 8.39, -54.13
4.67, 0.0060, 10.18, -0.52, -0.04, 13.70, -14.85
4.68, 0.0070, 10.18, -0.38, -0.04, 19.12, 29.27
4.68, 0.0060, 10.18, -0.24, -0.04, 24.00, 75.31
4.69, 0.0070, 10.18, -0.04, -0.04, 27.87, 117.18
4.70, 0.0060, 10.18, 0.14, -0.04, 31.43, 152.04
4.70, 0.0080, 10.18, 0.43, -0.04, 35.47, 184.34
4.71, 0.0060, 10.18, 0.67, -0.04, 40.16, 222.30
4.72, 0.0070, 10.18, 0.98, -0.04, 44.76, 264.62
4.72, 0.0060, 10.18, 1.27, -0.04, 48.59, 307.69
4.73, 0.0070, 10.18, 1.63, -0.04, 51.21, 344.23
4.74, 0.0060, 10.18, 1.95, -0.04, 52.71, 372.31
4.74, 0.0080, 10.18, 2.37, -0.04, 53.18, 390.66
4.75, 0.0060, 10.18, 2.69, -0.04, 53.03, 402.89
4.76, 0.0070, 10.18, 3.06, -0.04, 53.11, 408.06
4.76, 0.0060, 10.18, 3.39, -0.04, 53.60, 416.14
4.77, 0.0070, 10.18, 3.76, -0.04, 54.27, 426.49
4.78, 0.0060, 10.18, 4.09, -0.04, 54.55, 439.44
4.78, 0.0080, 10.18, 4.52, -0.04, 54.05, 448.23
4.79, 0.0060, 10.18, 4.84, -0.04, 52.44, 452.86
4.80, 0.0070, 10.18, 5.19, -0.04, 50.00, 446.32
4.80, 0.0060, 10.18, 5.47, -0.04, 47.17, 433.81
4.81, 0.0070, 10.18, 5.78, -0.04, 44.42, 416.83
4.82, 0.0060, 10.18, 6.03, -0.04, 41.75, 401.00
4.82, 0.0070, 10.18, 6.31, -0.04, 39.08, 384.67
4.83, 0.0070, 10.18, 6.56, -0.04, 36.03, 368.82
4.84, 0.0070, 10.18, 6.79, -0.04, 32.56, 349.44
4.84, 0.0060, 10.18, 6.96, -0.04, 28.73, 326.24
4.85, 0.0070, 10.18, 7.13, -0.04, 24.70, 299.05
4.86, 0.0060, 10.18, 7.26, -0.04, 20.44, 270.29
4.86, 0.0070, 10.18, 7.37, -0.04, 15.90, 238.62
4.87, 0.0070, 10.18, 7.45, -0.04, 11.32, 204.53
4.88, 0.0060, 10.18, 7.49, -0.04, 6.83, 169.47
4.88, 0.0070, 10.18, 7.50, -0.04, 2.32, 134.41
4.89, 0.0060, 10.18, 7.49, -0.04, -2.52, 98.62
4.90, 0.0070, 10.18, 7.43, -0.04, -7.73, 59.61
4.90, 0.0060, 10.18, 7.35, -0.04, -13.23, 16.83
4.91, 0.0070, 10.18, 7.22, -0.04, -18.87, -28.72
4.92, 0.0070, 10.18, 7.05, -0.04, -24.41, -76.47
4.92, 0.0060, 10.18, 6.87, -0.04, -29.59, -124.27
4.93, 0.0070, 10.18, 6.64, -0.04, -34.08, -169.24
4.94, 0.0060, 10.18, 6.41, -0.04, -38.09, -209.97
4.94, 0.0070, 10.18, 6.12, -0.04, -41.61, -246.55
4.95, 0.0060, 10.18, 5.84, -0.04, -45.13, -280.57
4.96, 0.0080, 10.18, 5.46, -0.04, -48.67, -314.17
4.96, 0.0060, 10.18, 5.14, -0.04, -51.77, -350.22
4.97, 0.0070, 10.18, 4.77, -0.04, -54.25, -381.25
4.98, 0.0060, 10.18, 4.43, -0.04, -56.46, -408.67
4.98, 0.0070, 10.18, 4.02, -0.04, -58.65, -433.12
4.99, 0.0060, 10.18, 3.65, -0.04, -60.54, -458.91
5.00, 0.0080, 10.18, 3.16, -0.04, -61.83, -481.30
5.00, 0.0060, 10.18, 2.78, -0.04, -62.32, -501.46
5.01, 0.0070, 10.18, 2.35, -0.04, -62.01, -512.87
5.01, 0.0060, 10.18, 1.98, -0.04, -60.99, -519.09
5.02, 0.0070, 10.18, 1.57, -0.04, -59.30, -518.23
5.03, 0.0060, 10.18, 1.22, -0.04, -57.52, -513.00
5.03, 0.0070, 10.18, 0.83, -0.04, -56.10, -505.72
5.04, 0.0070, 10.18, 0.45, -0.04, -54.75, -502.21
5.05, 0.0070, 10.18, 0.08, -0.04, -53.03, -499.03
5.05, 0.0060, 10.18, -0.23, -0.04, -50.71, -492.71
5.06, 0.0070, 10.18, -0.56, -0.04, -47.74, -480.22
5.07, 0.0060, 10.18, -0.83, -0.04, -44.31, -463.14
5.07, 0.0070, 10.18, -1.11, -0.04, -40.56, -441.01
5.08, 0.0070, 10.18, -1.37, -0.04, -36.89, -416.73
5.09, 0.0070, 10.18, -1.60, -0.04, -33.34, -392.47
5.09, 0.0060, 10.18, -1.78, -0.04, -29.78, -368.78
5.10, 0.0070, 10.18, -1.96, -0.04, -25.87, -343.91
5.11, 0.0060, 10.18, -2.09, -0.04, -21.58, -316.22
5.11, 0.0070, 10.18, -2.21, -0.04, -16.82, -284.48
5.12, 0.0060, 10.18, -2.28, -0.04, -11.68, -248.77
5.13, 0.0080, 10.18, -2.33, -0.04, -6.57, -209.01
5.14, 0.0060, 10.18, -2.34, -0.04, -1.86, -169.19
5.14, 0.0070, 10.18, -2.33, -0.04, 2.50, -131.78
5.15, 0.0060, 10.18, -2.28, -0.04, 6.97, -96.54
5.15, 0.0060, 10.18, -2.21, -0.04, 11.65, -59.96
5.16, 0.0070, 10.18, -2.10, -0.04, 16.49, -21.06
5.17, 0.0070, 10.18, -1.95, -0.04, 21.03, 19.97
5.17, 0.0070, 10.18, -1.78, -0.04, 25.20, 59.18
5.18, 0.0060, 10.18, -1.60, -0.04, 29.30, 96.05
5.19, 0.0060, 10.18, -1.40, -0.04, 33.55, 132.36
5.19, 0.0070, 10.18, -1.13, -0.04, 37.85, 170.42
5.20, 0.0060, 10.18, -0.88, -0.04, 42.01, 210.13
5.21, 0.0070, 10.18, -0.56, -0.04, 45.64, 248.48
5.21, 0.0070, 10.18, -0.22, -0.04, 48.17, 283.92
5.22, 0.0070, 10.18, 0.12, -0.04, 49.21, 310.88
5.23, 0.0060, 10.18, 0.42, -0.04, 49.49, 326.03
5.23, 0.0070, 10.18, 0.77, -0.04, 49.99, 334.24
5.24, 0.0060, 10.18, 1.07, -0.04, 50.92, 345.23
5.25, 0.0070, 10.18, 1.43, -0.04, 51.72, 358.76
5.25, 0.0070, 10.18, 1.80, -0.04, 52.12, 372.42
5.26, 0.0070, 10.18, 2.16, -0.04, 51.76, 382.95
5.27, 0.0060, 10.18, 2.47, -0.04, 50.70, 387.31
5.27, 0.0070, 10.18, 2.81, -0.04, 49.04, 384.90
5.28, 0.0060, 10.18, 3.09, -0.04, 47.14, 378.49
5.29, 0.0070, 10.18, 3.41, -0.04, 45.23, 368.94
5.29, 0.0060, 10.18, 3.67, -0.04, 43.01, 360.02
5.30, 0.0080, 10.18, 3.99, -0.04, 40.22, 347.40
5.31, 0.0060, 10.18, 4.21, -0.04, 36.86, 331.50
5.31, 0.0070, 10.18, 4.44, -0.04, 32.95, 309.04
5.32, 0.0060, 10.18, 4.61, -0.04, 28.85, 282.40
5.33, 0.0070, 10.18, 4.79, -0.04, 24.97, 253.09
5.33, 0.0060, 10.18, 4.92, -0.04, 21.49, 225.50
5.34, 0.0080, 10.18, 5.06, -0.04, 17.93, 200.22
5.35, 0.0060, 10.18, 5.14, -0.04, 13.79, 174.61
5.35, 0.0070, 10.18, 5.21, -0.04, 8.96, 143.18
5.36, 0.0060, 10.18, 5.23, -0.04, 3.50, 105.77
5.37, 0.0060, 10.18, 5.21, -0.04, -2.22, 62.49
5.37, 0.0070, 10.18, 5.16, -0.04, -7.78, 16.47
5.38, 0.0070, 10.18, 5.07, -0.04, -12.99, -29.03
5.39, 0.0070, 10.18, 4.94, -0.04, -18.12, -72.58
5.39, 0.0060, 10.18, 4.80, -0.04, -23.38, -116.11
5.40, 0.0070, 10.18, 4.60, -0.04, -28.82, -161.01
5.41, 0.0060, 10.18, 4.39, -0.04, -34.43, -208.61
5.41, 0.0060, 10.18, 4.15, -0.04, -39.89, -257.61
5.42, 0.0070, 10.18, 3.84, -0.04, -44.93, -306.05
5.43, 0.0070, 10.18, 3.49, -0.04, -49.31, -352.66
5.43, 0.0070, 10.18, 3.12, -0.04, -52.77, -394.61
5.44, 0.0060, 10.18, 2.79, -0.04, -55.42, -429.66
5.45, 0.0070, 10.18, 2.39, -0.04, -57.61, -457.51
5.45, 0.0070, 10.18, 1.97, -0.04, -60.22, -483.10
5.46, 0.0060, 10.18, 1.59, -0.04, -63.18, -512.45
5.47, 0.0080, 10.18, 1.06, -0.04, -66.18, -543.72
5.47, 0.0060, 10.18, 0.65, -0.04, -68.77, -578.28
5.48, 0.0070, 10.18, 0.15, -0.04, -70.48, -607.24
5.49, 0.0060, 10.18, -0.27, -0.04, -70.76, -630.76
5.49, 0.0070, 10.18, -0.76, -0.04, -69.38, -641.50
5.50, 0.0060, 10.18, -1.16, -0.04, -67.25, -640.24
5.51, 0.0070, 10.18, -1.62, -0.04, -65.56, -631.20
5.51, 0.0070, 10.18, -2.07, -0.04, -64.78, -626.88
5.52, 0.0070, 10.18, -2.52, -0.04, -64.39, -629.74
5.53, 0.0060, 10.18, -2.91, -0.04, -63.82, -635.63
5.53, 0.0070, 10.18, -3.35, -0.04, -62.56, -638.68
5.54, 0.0060, 10.18, -3.71, -0.04, -60.46, -637.41
5.55, 0.0070, 10.18, -4.11, -0.04, -57.40, -627.88
5.55, 0.0070, 10.18, -4.49, -0.04, -53.67, -611.38
5.56, 0.0070, 10.18, -4.84, -0.04, -49.93, -589.06
5.57, 0.0060, 10.18, -5.11, -0.04, -46.59, -566.18
5.57, 0.0070, 10.18, -5.42, -0.04, -43.39, -545.02
5.58, 0.0060, 10.18, -5.66, -0.04, -40.06, -525.53
5.59, 0.0070, 10.18, -5.91, -0.04, -36.46, -503.68
5.59, 0.0060, 10.18, -6.11, -0.04, -32.75, -480.00
5.60, 0.0080, 10.18, -6.34, -0.04, -29.11, -454.25
5.61, 0.0060, 10.18, -6.50, -0.04, -25.50, -429.75
5.61, 0.0070, 10.18, -6.65, -0.04, -21.70, -403.90
5.62, 0.0060, 10.18, -6.75, -0.04, -17.52, -376.57
5.63, 0.0070, 10.18, -6.85, -0.04, -13.09, -345.19
5.63, 0.0060, 10.18, -6.90, -0.04, -8.97, -311.59
5.64, 0.0080, 10.18, -6.94, -0.04, -5.53, -279.77
5.65, 0.0060, 10.18, -6.96, -0.04, -2.64, -253.13
5.65, 0.0070, 10.18, -6.96, -0.04, 0.38, -230.34
5.66, 0.0060, 10.18, -6.93, -0.04, 3.67, -206.10
5.67, 0.0060, 10.18, -6.89, -0.04, 7.13, -179.34
5.67, 0.0070, 10.18, -6.82, -0.04, 10.60, -150.80
5.68, 0.0070, 10.18, -6.72, -0.04, 13.87, -121.52
5.69, 0.0070, 10.18, -6.61, -0.04, 16.27, -93.49
5.69, 0.0060, 10.18, -6.50, -0.04, 17.16, -71.93
5.70, 0.0070, 10.18, -6.38, -0.04, 17.32, -62.82
5.71, 0.0060, 10.18, -6.27, -0.04, 18.42, -59.12
5.71, 0.0070, 10.18, -6.13, -0.04, 20.96, -48.10
5.72, 0.0060, 10.18, -5.98, -0.04, 23.56, -24.83
5.73, 0.0080, 10.18, -5.78, -0.04, 25.30, -1.24
5.73, 0.0060, 10.18, -5.63, -0.04, 26.05, 16.78
5.74, 0.0060, 10.18, -5.47, -0.04, 26.28, 25.87
5.74, 0.0070, 10.18, -5.29, -0.04, 25.89, 30.90
5.75, 0.0060, 10.18, -5.14, -0.04, 24.97, 31.39
5.76, 0.0070, 10.18, -4.97, -0.04, 24.19, 27.01
5.76, 0.0070, 10.18, -4.80, -0.04, 23.99, 24.17
5.77, 0.0070, 10.18, -4.63, -0.04, 23.81, 25.93
5.78, 0.0060, 10.18, -4.49, -0.04, 23.08, 27.79
5.78, 0.0070, 10.18, -4.34, -0.04, 21.65, 24.74
5.79, 0.0060, 10.18, -4.22, -0.04, 20.10, 16.34
5.80, 0.0070, 10.18, -4.09, -0.04, 18.75, 6.38
5.80, 0.0060, 10.18, -3.99, -0.04, 17.47, -1.78
5.81, 0.0070, 10.18, -3.88, -0.04, 15.82, -9.98
5.82, 0.0070, 10.18, -3.78, -0.04, 13.63, -20.97
5.82, 0.0060, 10.18, -3.71, -0.04, 10.90, -36.58
5.83, 0.0070, 10.18, -3.66, -0.04, 7.73, -57.05
5.84, 0.0060, 10.18, -3.63, -0.04, 4.30, -81.40
5.84, 0.0060, 10.18, -3.63, -0.04, 0.85, -108.29
5.85, 0.0080, 10.18, -3.65, -0.04, -2.33, -135.78
5.86, 0.0060, 10.18, -3.68, -0.04, -5.17, -161.57
5.86, 0.0070, 10.18, -3.73, -0.04, -7.96, -184.91
5.87, 0.0060, 10.18, -3.80, -0.04, -11.23, -208.41
5.88, 0.0070, 10.18, -3.91, -0.04, -15.09, -235.88
5.88, 0.0060, 10.18, -4.02, -0.04, -19.04, -268.91
5.89, 0.0070, 10.18, -4.18, -0.04, -22.13, -302.80
5.90, 0.0070, 10.18, -4.35, -0.04, -24.33, -330.62
5.90, 0.0070, 10.18, -4.53, -0.04, -26.70, -351.59
5.91, 0.0060, 10.18, -4.71, -0.04, -29.65, -374.25
5.92, 0.0070, 10.18, -4.94, -0.04, -32.62, -401.43
5.92, 0.0060, 10.18, -5.15, -0.04, -35.19, -429.78
5.93, 0.0070, 10.18, -5.41, -0.04, -37.51, -454.56
5.94, 0.0070, 10.18, -5.69, -0.04, -39.80, -478.33
5.94, 0.0070, 10.18, -5.99, -0.04, -41.83, -502.22
5.95, 0.0060, 10.18, -6.25, -0.04, -43.35, -524.32
5.96, 0.0070, 10.18, -6.56, -0.04, -44.61, -541.73
5.96, 0.0060, 10.18, -6.83, -0.04, -45.83, -558.03
5.97, 0.0070, 10.18, -7.16, -0.04, -46.85, -573.28
5.98, 0.0060, 10.18, -7.45, -0.04, -47.61, -588.05
5.98, 0.0080, 10.18, -7.83, -0.04, -48.05, -599.85
5.99, 0.0060, 10.18, -8.12, -0.04, -48.54, -611.02
6.00, 0.0070, 10.18, -8.47, -0.04, -49.16, -620.74
6.00, 0.0060, 10.18, -8.76, -0.04, -49.75, -632.59
6.01, 0.0070, 10.18, -9.11, -0.04, -50.01, -643.30
6.02, 0.0060, 10.18, -9.41, -0.04, -49.93, -652.36
6.02, 0.0080, 10.18, -9.81, -0.04, -49.67, -657.75
6.03, 0.0060, 10.18, -10.11, -0.04, -49.19, -663.59
6.04, 0.0070, 10.18, -10.45, -0.04, -48.48, -665.65
6.04, 0.0060, 10.18, -10.73, -0.04, -47.59, -666.80
6.05, 0.0070, 10.18, -11.06, -0.04, -46.63, -665.32
6.06, 0.0070, 10.18, -11.38, -0.04, -45.80, -664.24
6.06, 0.0070, 10.18, -11.69, -0.04, -45.08, -663.97
6.07, 0.0070, 10.18, -12.00, -0.04, -44.24, -664.50
6.08, 0.0060, 10.18, -12.26, -0.04, -43.12, -664.03
6.08, 0.0070, 10.18, -12.56, -0.04, -41.92, -660.23
6.09, 0.0060, 10.18, -12.80, -0.04, -41.09, -656.46
6.10, 0.0070, 10.18, -13.09, -0.04, -40.94, -654.74
6.10, 0.0060, 10.18, -13.34, -0.04, -41.16, -659.29
6.11, 0.0080, 10.18, -13.67, -0.04, -41.43, -665.97
6.12, 0.0060, 10.18, -13.92, -0.04, -41.63, -674.83
6.12, 0.0070, 10.18, -14.21, -0.04, -41.81, -681.41
6.13, 0.0070, 10.18, -14.50, -0.04, -42.01, -688.71
6.14, 0.0060, 10.18, -14.76, -0.04, -42.13, -696.20
6.14, 0.0070, 10.18, -15.05, -0.04, -42.15, -702.18
6.15, 0.0070, 10.18, -15.35, -0.04, -42.24, -708.21
6.16, 0.0070, 10.18, -15.65, -0.04, -42.80, -714.84
6.16, 0.0060, 10.18, -15.91, -0.04, -44.02, -725.34
6.17, 0.0070, 10.18, -16.23, -0.04, -45.74, -740.35
6.18, 0.0060, 10.18, -16.52, -0.04, -47.50, -760.54
6.18, 0.0070, 10.18, -16.86, -0.04, -49.10, -780.34
6.19, 0.0080, 10.18, -17.26, -0.04, -50.47, -800.03
6.20, 0.0060, 10.18, -17.57, -0.04, -51.62, -819.04
6.20, 0.0070, 10.18, -17.94, -0.04, -52.62, -834.43
6.21, 0.0060, 10.18, -18.26, -0.04, -53.68, -849.79
6.22, 0.0070, 10.18, -18.65, -0.04, -55.11, -864.74
6.22, 0.0060, 10.18, -18.99, -0.04, -56.97, -883.85
6.23, 0.0070, 10.18, -19.41, -0.04, -59.07, -905.58
6.24, 0.0070, 10.18, -19.83, -0.04, -61.21, -930.68
6.24, 0.0070, 10.18, -20.28, -0.04, -63.24, -956.37
6.25, 0.0070, 10.18, -20.73, -0.04, -65.14, -981.42
6.26, 0.0060, 10.18, -21.13, -0.04, -66.98, -1005.78
6.26, 0.0070, 10.18, -21.62, -0.04, -68.95, -1028.51
6.27, 0.0060, 10.18, -22.04, -0.04, -71.01, -1053.93
6.28, 0.0080, 10.18, -22.63, -0.04, -73.37, -1078.94
6.28, 0.0060, 10.18, -23.08, -0.04, -75.63, -1109.58
6.29, 0.0070, 10.18, -23.63, -0.04, -77.38, -1136.75
6.30, 0.0070, 10.18, -24.18, -0.04, -78.56, -1161.55
6.30, 0.0060, 10.18, -24.65, -0.04, -79.48, -1181.98
6.31, 0.0070, 10.18, -25.21, -0.04, -80.37, -1198.91
6.32, 0.0080, 10.18, -25.87, -0.04, -81.29, -1217.26
6.33, 0.0060, 10.18, -26.36, -0.04, -82.27, -1237.60
6.33, 0.0070, 10.18, -26.94, -0.04, -83.14, -1255.34
6.34, 0.0060, 10.18, -27.44, -0.04, -83.78, -1273.93
6.34, 0.0070, 10.18, -28.03, -0.04, -84.31, -1289.11
6.35, 0.0070, 10.18, -28.63, -0.04, -84.99, -1305.13
6.36, 0.0060, 10.18, -29.14, -0.04, -85.64, -1322.49
6.37, 0.0080, 10.18, -29.83, -0.04, -86.13, -1338.01
6.37, 0.0060, 10.18, -30.35, -0.04, -86.10, -1355.67
6.38, 0.0070, 10.18, -30.95, -0.04, -85.40, -1365.80
6.39, 0.0060, 10.18, -31.45, -0.04, -84.37, -1372.11
6.39, 0.0070, 10.18, -32.04, -0.04, -83.39, -1374.04
6.40, 0.0070, 10.18, -32.62, -0.04, -82.78, -1377.86
6.41, 0.0070, 10.18, -33.19, -0.04, -82.45, -1384.57
6.41, 0.0070, 10.18, -33.77, -0.04, -81.98, -1393.46
6.42, 0.0060, 10.18, -34.25, -0.04, -81.10, -1401.17
6.43, 0.0070, 10.18, -34.81, -0.04, -79.51, -1403.85
6.43, 0.0070, 10.18, -35.35, -0.04, -77.26, -1402.29
6.44, 0.0060, 10.18, -35.80, -0.04, -74.59, -1395.05
6.45, 0.0080, 10.18, -36.38, -0.04, -72.18, -1382.66
6.45, 0.0060, 10.18, -36.80, -0.04, -70.34, -1374.98
6.46, 0.0070, 10.18, -37.28, -0.04, -68.64, -1368.70
6.47, 0.0070, 10.18, -37.74, -0.04, -66.22, -1364.67
6.47, 0.0060, 10.18, -38.12, -0.04, -63.33, -1354.61
6.48, 0.0070, 10.18, -38.54, -0.04, -59.80, -1339.09
6.49, 0.0070, 10.18, -38.93, -0.04, -56.22, -1319.23
6.49, 0.0070, 10.18, -39.31, -0.04, -53.15, -1298.45
6.50, 0.0070, 10.18, -39.66, -0.04, -50.50, -1281.33
6.51, 0.0060, 10.18, -39.95, -0.04, -47.69, -1267.20
6.51, 0.0070, 10.18, -40.26, -0.04, -44.58, -1250.44
6.52, 0.0070, 10.18, -40.55, -0.04, -41.23, -1231.76
6.53, 0.0060, 10.18, -40.77, -0.04, -37.66, -1210.73
6.53, 0.0080, 10.18, -41.04, -0.04, -33.99, -1186.75
6.54, 0.0060, 10.18, -41.23, -0.04, -30.58, -1162.84
6.55, 0.0070, 10.18, -41.42, -0.04, -27.52, -1139.15
6.55, 0.0070, 10.18, -41.59, -0.04, -24.53, -1118.55
6.56, 0.0060, 10.18, -41.72, -0.04, -21.30, -1098.09
6.57, 0.0070, 10.18, -41.84, -0.04, -17.61, -1074.75
6.58, 0.0070, 10.18, -41.94, -0.04, -13.73, -1047.69
6.58, 0.0070, 10.18, -42.01, -0.04, -10.20, -1018.61
6.59, 0.0070, 10.18, -42.06, -0.04, -7.02, -991.80
6.59, 0.0060, 10.18, -42.08, -0.04, -4.03, -967.37
6.60, 0.0070, 10.18, -42.09, -0.04, -0.94, -943.94
6.61, 0.0060, 10.18, -42.08, -0.04, 2.32, -919.31
6.62, 0.0070, 10.18, -42.04, -0.04, 5.61, -892.99
6.62, 0.0070, 10.18, -41.97, -0.04, 9.01, -865.89
6.63, 0.0070, 10.18, -41.89, -0.04, 12.30, -837.38
6.64, 0.0060, 10.18, -41.80, -0.04, 15.28, -809.32
6.64, 0.0070, 10.18, -41.67, -0.04, 17.95, -783.69
6.65, 0.0060, 10.18, -41.55, -0.04, 20.78, -759.80
6.66, 0.0070, 10.18, -41.38, -0.04, 24.05, -734.69
6.66, 0.0070, 10.18, -41.19, -0.04, 27.46, -705.16
6.67, 0.0070, 10.18, -40.97, -0.04, 30.41, -674.00
6.68, 0.0060, 10.18, -40.77, -0.04, 33.07, -646.16
6.68, 0.0070, 10.18, -40.53, -0.04, 35.44, -620.88
6.69, 0.0070, 10.18, -40.26, -0.04, 37.68, -596.99
6.70, 0.0060, 10.18, -40.02, -0.04, 39.98, -573.77
6.70, 0.0080, 10.18, -39.68, -0.04, 42.25, -550.64
6.71, 0.0060, 10.18, -39.42, -0.04, 44.28, -525.70
6.72, 0.0070, 10.18, -39.10, -0.04, 46.13, -504.16
6.72, 0.0060, 10.18, -38.81, -0.04, 48.00, -482.89
6.73, 0.0070, 10.18, -38.46, -0.04, 49.98, -462.13
6.74, 0.0060, 10.18, -38.15, -0.04, 51.92, -439.33
6.74, 0.0070, 10.18, -37.77, -0.04, 53.79, -417.56
6.75, 0.0080, 10.18, -37.33, -0.04, 55.58, -395.07
6.76, 0.0060, 10.18, -36.98, -0.04, 57.31, -371.82
6.76, 0.0070, 10.18, -36.57, -0.04, 58.96, -351.15
6.77, 0.0060, 10.18, -36.20, -0.04, 60.59, -329.69
6.78, 0.0070, 10.18, -35.77, -0.04, 62.14, -309.36
6.78, 0.0060, 10.18, -35.39, -0.04, 63.58, -288.29
6.79, 0.0080, 10.18, -34.87, -0.04, 65.06, -269.10
6.80, 0.0060, 10.18, -34.47, -0.04, 66.70, -246.89
6.80, 0.0070, 10.18, -33.99, -0.04, 68.50, -225.74
6.81, 0.0060, 10.18, -33.57, -0.04, 70.44, -201.78
6.82, 0.0070, 10.18, -33.06, -0.04, 72.48, -177.79
6.82, 0.0070, 10.18, -32.54, -0.04, 74.35, -151.30
6.83, 0.0070, 10.18, -32.01, -0.04, 75.91, -125.92
6.84, 0.0070, 10.18, -31.47, -0.04, 77.21, -102.83
6.84, 0.0060, 10.18, -30.99, -0.04, 78.59, -81.67
6.85, 0.0070, 10.18, -30.43, -0.04, 79.99, -61.18
6.86, 0.0060, 10.18, -29.95, -0.04, 81.54, -38.80
6.86, 0.0070, 10.18, -29.36, -0.04, 83.05, -16.60
6.87, 0.0060, 10.18, -28.86, -0.04, 84.63, 7.15
6.88, 0.0080, 10.18, -28.17, -0.04, 85.83, 29.89
6.88, 0.0060, 10.18, -27.65, -0.04, 86.67, 53.24
6.89, 0.0070, 10.18, -27.04, -0.04, 87.15, 70.40
6.90, 0.0060, 10.18, -26.51, -0.04, 87.58, 86.37
6.90, 0.0070, 10.18, -25.90, -0.04, 88.29, 100.37
6.91, 0.0060, 10.18, -25.36, -0.04, 89.07, 118.39
6.92, 0.0080, 10.18, -24.65, -0.04, 89.54, 135.30
6.92, 0.0060, 10.18, -24.11, -0.04, 89.74, 153.45
6.93, 0.0070, 10.18, -23.48, -0.04, 89.88, 165.76
6.94, 0.0060, 10.18, -22.94, -0.04, 90.08, 179.45
6.94, 0.0070, 10.18, -22.31, -0.04, 90.31, 191.86
6.95, 0.0070, 10.18, -21.67, -0.04, 90.65, 206.35
6.96, 0.0060, 10.18, -21.12, -0.04, 91.11, 221.79
6.96, 0.0080, 10.18, -20.39, -0.04, 91.49, 236.37
6.97, 0.0060, 10.18, -19.84, -0.04, 91.63, 254.08
6.98, 0.0070, 10.18, -19.20, -0.04, 91.59, 266.22
9Adafruit MPU6050 test!
MPU6050 Found!
Accelerometer range set to: +-8G
Gyro range set to: +- 500 deg/s
Filter bandwidth set to: 21 Hz

Calibrating ...
Done calibrating !
Waiting ...
