3.60, 3.5930, 6.34, 6.35, -0.04, 0.00, 0.00
3.60, 0.0060, 6.34, 6.35, -0.04, 0.00, 56.94
3.61, 0.0070, 6.34, 6.35, -0.04, 0.00, 56.94
3.62, 0.0060, 6.34, 6.35, -0.04, 0.00, 56.94
3.62, 0.0060, 6.34, 6.35, -0.04, 0.01, 56.94
3.63, 0.0060, 6.34, 6.35, -0.04, 0.02, 56.94
3.64, 0.0080, 6.34, 6.35, -0.04, 0.03, 56.94
3.64, 0.0060, 6.34, 6.35, -0.04, -0.01, 56.94
3.65, 0.0060, 6.34, 6.35, -0.04, -0.20, 56.94
3.65, 0.0060, 6.34, 6.34, -0.04, -0.54, 56.92
3.66, 0.0070, 6.34, 6.34, -0.04, -1.06, 56.85
3.67, 0.0060, 6.34, 6.33, -0.04, -1.68, 56.71
3.67, 0.0070, 6.34, 6.31, -0.04, -2.29, 56.50
3.68, 0.0070, 6.34, 6.29, -0.04, -2.79, 56.18
3.69, 0.0060, 6.34, 6.27, -0.04, -3.11, 55.79
3.69, 0.0060, 6.34, 6.25, -0.04, -3.17, 55.42
3.70, 0.0070, 6.34, 6.23, -0.04, -3.13, 55.04
3.71, 0.0060, 6.34, 6.21, -0.04, -3.16, 54.60
3.71, 0.0060, 6.34, 6.19, -0.04, -3.47, 54.22
3.72, 0.0080, 6.34, 6.16, -0.04, -4.14, 53.81
3.73, 0.0060, 6.34, 6.13, -0.04, -4.98, 53.14
3.73, 0.0060, 6.34, 6.09, -0.04, -5.79, 52.55
3.74, 0.0070, 6.34, 6.05, -0.04, -6.46, 51.85
3.74, 0.0060, 6.34, 6.01, -0.04, -6.95, 50.95
3.75, 0.0060, 6.34, 5.96, -0.04, -7.28, 50.11
3.76, 0.0080, 6.34, 5.90, -0.04, -7.56, 49.24
3.76, 0.0060, 6.34, 5.85, -0.04, -7.89, 48.03
3.77, 0.0060, 6.34, 5.80, -0.04, -8.32, 47.08
3.78, 0.0060, 6.34, 5.75, -0.04, -8.86, 46.08
3.78, 0.0070, 6.34, 5.68, -0.04, -9.47, 45.02
3.79, 0.0060, 6.34, 5.62, -0.04, -10.06, 43.70
3.80, 0.0070, 6.34, 5.55, -0.04, -10.61, 42.49
3.80, 0.0070, 6.34, 5.47, -0.04, -11.10, 41.00
3.81, 0.0060, 6.34, 5.40, -0.04, -11.53, 39.45
3.82, 0.0070, 6.34, 5.32, -0.04, -11.95, 38.06
3.82, 0.0060, 6.34, 5.25, -0.04, -12.35, 36.39
3.83, 0.0070, 6.34, 5.16, -0.04, -12.76, 34.91
3.84, 0.0060, 6.34, 5.08, -0.04, -13.13, 33.12
3.84, 0.0060, 6.34, 5.00, -0.04, -13.37, 31.55
3.85, 0.0080, 6.34, 4.89, -0.04, -13.43, 29.94
3.86, 0.0060, 6.34, 4.81, -0.04, -13.24, 27.79
3.86, 0.0070, 6.34, 4.72, -0.04, -12.89, 26.21
3.87, 0.0060, 6.34, 4.64, -0.04, -12.55, 24.40
3.88, 0.0060, 6.34, 4.57, -0.04, -12.37, 22.90
3.88, 0.0070, 6.34, 4.48, -0.04, -12.45, 21.41
3.89, 0.0070, 6.34, 4.39, -0.04, -12.78, 19.67
3.90, 0.0060, 6.34, 4.32, -0.04, -13.14, 17.88
3.90, 0.0070, 6.34, 4.22, -0.04, -13.22, 16.30
3.91, 0.0060, 6.34, 4.15, -0.04, -12.84, 14.45
3.91, 0.0070, 6.34, 4.06, -0.04, -11.99, 12.91
3.92, 0.0060, 6.34, 4.00, -0.04, -11.00, 11.23
3.93, 0.0060, 6.34, 3.93, -0.04, -10.17, 9.91
3.93, 0.0080, 6.34, 3.86, -0.04, -9.58, 8.69
3.94, 0.0060, 6.34, 3.80, -0.04, -9.17, 7.16
3.95, 0.0060, 6.34, 3.75, -0.04, -8.87, 6.06
3.95, 0.0070, 6.34, 3.69, -0.04, -8.61, 5.00
3.96, 0.0060, 6.34, 3.64, -0.04, -8.05, 3.79
3.97, 0.0060, 6.34, 3.60, -0.04, -7.27, 2.82
3.97, 0.0070, 6.34, 3.55, -0.04, -6.64, 1.95
3.98, 0.0070, 6.34, 3.51, -0.04, -6.10, 1.02
3.98, 0.0060, 6.34, 3.47, -0.04, -5.83, 0.17
3.99, 0.0060, 6.34, 3.44, -0.04, -5.68, -0.53
4.00, 0.0070, 6.34, 3.40, -0.04, -5.60, -1.21
4.00, 0.0060, 6.34, 3.37, -0.04, -5.44, -2.00
4.01, 0.0060, 6.34, 3.34, -0.04, -5.14, -2.65
4.02, 0.0070, 6.34, 3.30, -0.04, -4.65, -3.27
4.02, 0.0070, 6.34, 3.28, -0.04, -4.03, -3.92
4.03, 0.0060, 6.34, 3.26, -0.04, -3.37, -4.48
4.04, 0.0060, 6.34, 3.24, -0.04, -2.77, -4.89
4.04, 0.0070, 6.34, 3.22, -0.04, -2.32, -5.22
4.05, 0.0060, 6.34, 3.21, -0.04, -2.10, -5.54
4.06, 0.0060, 6.34, 3.20, -0.04, -2.05, -5.79
4.06, 0.0070, 6.34, 3.18, -0.04, -2.04, -6.04
4.07, 0.0070, 6.34, 3.17, -0.04, -1.94, -6.33
4.07, 0.0060, 6.34, 3.16, -0.04, -1.68, -6.60
4.08, 0.0060, 6.34, 3.15, -0.04, -1.32, -6.80
4.09, 0.0070, 6.34, 3.15, -0.04, -0.98, -6.96
4.09, 0.0060, 6.34, 3.14, -0.04, -0.81, -7.10
4.10, 0.0070, 6.34, 3.13, -0.04, -0.86, -7.19
4.11, 0.0060, 6.34, 3.13, -0.04, -1.11, -7.31
4.11, 0.0070, 6.34, 3.12, -0.04, -1.42, -7.45
4.12, 0.0060, 6.34, 3.11, -0.04, -1.65, -7.65
4.13, 0.0060, 6.34, 3.10, -0.04, -1.79, -7.84
4.13, 0.0070, 6.34, 3.08, -0.04, -1.90, -8.06
4.14, 0.0060, 6.34, 3.07, -0.04, -2.01, -8.32
4.15, 0.0070, 6.34, 3.06, -0.04, -2.06, -8.56
4.15, 0.0060, 6.34, 3.04, -0.04, -2.34, -8.85
4.16, 0.0070, 6.34, 3.02, -0.04, -2.72, -9.13
4.17, 0.0060, 6.34, 3.01, -0.04, -2.84, -9.52
4.17, 0.0060, 6.34, 2.99, -0.04, -2.86, -9.86
4.18, 0.0070, 6.34, 2.97, -0.04, -2.65, -10.20
4.19, 0.0070, 6.34, 2.95, -0.04, -2.40, -10.57
4.19, 0.0060, 6.34, 2.94, -0.04, -2.15, -10.91
4.20, 0.0070, 6.34, 2.93, -0.04, -2.00, -11.17
4.20, 0.0060, 6.34, 2.92, -0.04, -1.98, -11.45
4.21, 0.0060, 6.34, 2.90, -0.04, -2.13, -11.68
4.22, 0.0070, 6.34, 2.89, -0.04, -2.38, -11.94
4.22, 0.0060, 6.34, 2.87, -0.04, -2.67, -12.27
4.23, 0.0070, 6.34, 2.85, -0.04, -2.91, -12.59
4.24, 0.0070, 6.34, 2.83, -0.04, -3.05, -13.00
4.24, 0.0060, 6.34, 2.81, -0.04, -3.04, -13.43
4.25, 0.0060, 6.34, 2.79, -0.04, -2.93, -13.79
4.26, 0.0070, 6.34, 2.77, -0.04, -2.78, -14.14
4.26, 0.0060, 6.34, 2.76, -0.04, -2.65, -14.53
4.27, 0.0060, 6.34, 2.74, -0.04, -2.61, -14.85
4.28, 0.0080, 6.34, 2.72, -0.04, -2.66, -15.16
4.28, 0.0060, 6.34, 2.70, -0.04, -2.79, -15.59
4.29, 0.0060, 6.34, 2.69, -0.04, -2.96, -15.92
4.30, 0.0070, 6.34, 2.66, -0.04, -3.10, -16.28
4.30, 0.0060, 6.34, 2.65, -0.04, -3.17, -16.71
4.31, 0.0070, 6.34, 2.62, -0.04, -3.16, -17.09
4.32, 0.0070, 6.34, 2.60, -0.04, -3.10, -17.54
4.32, 0.0060, 6.34, 2.58, -0.04, -3.01, -17.97
4.33, 0.0070, 6.34, 2.56, -0.04, -2.93, -18.33
4.33, 0.0060, 6.34, 2.55, -0.04, -2.90, -18.74
4.34, 0.0060, 6.34, 2.53, -0.04, -2.91, -19.09
4.35, 0.0070, 6.34, 2.51, -0.04, -2.96, -19.44
4.35, 0.0060, 6.34, 2.49, -0.04, -3.06, -19.85
4.36, 0.0070, 6.34, 2.47, -0.04, -3.16, -20.22
4.37, 0.0070, 6.34, 2.44, -0.04, -3.24, -20.66
4.37, 0.0060, 6.34, 2.42, -0.04, -3.26, -21.12
4.38, 0.0060, 6.34, 2.41, -0.04, -3.25, -21.51
4.39, 0.0070, 6.34, 2.38, -0.04, -3.22, -21.90
4.39, 0.0060, 6.34, 2.36, -0.04, -3.22, -22.35
4.40, 0.0070, 6.34, 2.34, -0.04, -3.27, -22.73
4.41, 0.0070, 6.34, 2.32, -0.04, -3.36, -23.19
4.41, 0.0060, 6.34, 2.30, -0.04, -3.49, -23.66
4.42, 0.0060, 6.34, 2.27, -0.04, -3.61, -24.08
4.43, 0.0070, 6.34, 2.25, -0.04, -3.71, -24.51
4.43, 0.0060, 6.34, 2.23, -0.04, -3.78, -25.03
4.44, 0.0070, 6.34, 2.20, -0.04, -3.83, -25.49
4.45, 0.0070, 6.34, 2.17, -0.04, -3.88, -26.02
4.45, 0.0060, 6.34, 2.15, -0.04, -3.93, -26.57
4.46, 0.0070, 6.34, 2.12, -0.04, -3.99, -27.04
4.46, 0.0060, 6.34, 2.10, -0.04, -4.08, -27.60
4.47, 0.0060, 6.34, 2.07, -0.04, -4.18, -28.09
4.48, 0.0070, 6.34, 2.04, -0.04, -4.28, -28.59
4.48, 0.0070, 6.34, 2.01, -0.04, -4.35, -29.19
4.49, 0.0060, 6.34, 1.98, -0.04, -4.40, -29.80
4.50, 0.0070, 6.34, 1.95, -0.04, -4.40, -30.32
4.50, 0.0060, 6.34, 1.93, -0.04, -4.36, -30.94
4.51, 0.0060, 6.34, 1.90, -0.04, -4.30, -31.46
4.52, 0.0070, 6.34, 1.87, -0.04, -4.26, -31.98
4.52, 0.0060, 6.34, 1.85, -0.04, -4.26, -32.57
4.53, 0.0070, 6.34, 1.82, -0.04, -4.30, -33.09
4.54, 0.0070, 6.34, 1.79, -0.04, -4.33, -33.69
4.54, 0.0060, 6.34, 1.76, -0.04, -4.33, -34.29
4.55, 0.0060, 6.34, 1.73, -0.04, -4.25, -34.81
4.55, 0.0070, 6.34, 1.71, -0.04, -4.12, -35.32
4.56, 0.0060, 6.34, 1.68, -0.04, -3.97, -35.90
4.57, 0.0060, 6.34, 1.66, -0.04, -3.84, -36.38
4.57, 0.0080, 6.34, 1.63, -0.04, -3.75, -36.84
4.58, 0.0060, 6.34, 1.61, -0.04, -3.68, -37.44
4.59, 0.0060, 6.34, 1.58, -0.04, -3.56, -37.88
4.59, 0.0070, 6.34, 1.56, -0.04, -3.37, -38.31
4.60, 0.0060, 6.34, 1.54, -0.04, -3.13, -38.78
4.61, 0.0060, 6.34, 1.53, -0.04, -2.88, -39.15
4.61, 0.0080, 6.34, 1.50, -0.04, -2.66, -39.50
4.62, 0.0060, 6.34, 1.49, -0.04, -2.45, -39.92
4.63, 0.0060, 6.34, 1.48, -0.04, -2.25, -40.22
4.63, 0.0070, 6.34, 1.46, -0.04, -2.05, -40.49
4.64, 0.0060, 6.34, 1.45, -0.04, -1.84, -40.78
4.65, 0.0060, 6.34, 1.44, -0.04, -1.58, -41.00
4.65, 0.0070, 6.34, 1.43, -0.04, -1.27, -41.19
4.66, 0.0070, 6.34, 1.43, -0.04, -0.87, -41.36
4.67, 0.0060, 6.34, 1.42, -0.04, -0.42, -41.49
4.67, 0.0070, 6.34, 1.42, -0.04, 0.01, -41.54
4.68, 0.0060, 6.34, 1.43, -0.04, 0.35, -41.54
4.69, 0.0060, 6.34, 1.43, -0.04, 0.58, -41.49
4.69, 0.0070, 6.34, 1.43, -0.04, 0.72, -41.42
4.70, 0.0070, 6.34, 1.44, -0.04, 0.87, -41.32
4.71, 0.0060, 6.34, 1.45, -0.04, 1.11, -41.20
4.71, 0.0070, 6.34, 1.46, -0.04, 1.49, -41.07
4.72, 0.0060, 6.34, 1.47, -0.04, 1.98, -40.86
4.72, 0.0060, 6.34, 1.48, -0.04, 2.49, -40.62
4.73, 0.0070, 6.34, 1.50, -0.04, 2.91, -40.32
4.74, 0.0060, 6.34, 1.52, -0.04, 3.21, -39.91
4.74, 0.0070, 6.34, 1.55, -0.04, 3.38, -39.53
4.75, 0.0070, 6.34, 1.57, -0.04, 3.49, -39.06
4.76, 0.0060, 6.34, 1.59, -0.04, 3.64, -38.57
4.76, 0.0060, 6.34, 1.62, -0.04, 3.86, -38.13
4.77, 0.0070, 6.34, 1.65, -0.04, 4.23, -37.67
4.78, 0.0060, 6.34, 1.67, -0.04, 4.62, -37.08
4.78, 0.0070, 6.34, 1.71, -0.04, 4.91, -36.52
4.79, 0.0070, 6.34, 1.74, -0.04, 5.08, -35.83
4.80, 0.0060, 6.34, 1.77, -0.04, 5.13, -35.12
4.80, 0.0070, 6.34, 1.81, -0.04, 5.20, -34.51
4.81, 0.0060, 6.34, 1.84, -0.04, 5.33, -33.78
4.82, 0.0060, 6.34, 1.88, -0.04, 5.52, -33.14
4.82, 0.0070, 6.34, 1.92, -0.04, 5.73, -32.48
4.83, 0.0070, 6.34, 1.96, -0.04, 5.95, -31.67
4.84, 0.0060, 6.34, 1.99, -0.04, 6.12, -30.84
4.84, 0.0070, 6.34, 2.04, -0.04, 6.20, -30.11
4.85, 0.0060, 6.34, 2.07, -0.04, 6.15, -29.24
4.85, 0.0060, 6.34, 2.11, -0.04, 5.99, -28.50
4.86, 0.0070, 6.34, 2.15, -0.04, 5.78, -27.78
4.87, 0.0070, 6.34, 2.19, -0.04, 5.64, -26.97
4.87, 0.0060, 6.34, 2.22, -0.04, 5.63, -26.19
4.88, 0.0070, 6.34, 2.26, -0.04, 5.76, -25.51
4.89, 0.0060, 6.34, 2.30, -0.04, 5.93, -24.70
4.89, 0.0060, 6.34, 2.34, -0.04, 6.01, -23.99
4.90, 0.0070, 6.34, 2.38, -0.04, 5.89, -23.27
4.91, 0.0060, 6.34, 2.41, -0.04, 5.56, -22.44
4.91, 0.0070, 6.34, 2.45, -0.04, 5.12, -21.78
4.92, 0.0070, 6.34, 2.48, -0.04, 4.71, -21.06
4.93, 0.0060, 6.34, 2.51, -0.04, 4.42, -20.40
4.93, 0.0060, 6.34, 2.53, -0.04, 4.23, -19.87
4.94, 0.0070, 6.34, 2.56, -0.04, 4.10, -19.36
4.95, 0.0060, 6.34, 2.58, -0.04, 3.96, -18.79
4.95, 0.0070, 6.34, 2.61, -0.04, 3.75, -18.31
4.96, 0.0070, 6.34, 2.63, -0.04, 3.45, -17.79
4.97, 0.0060, 6.34, 2.65, -0.04, 3.00, -17.31
4.97, 0.0070, 6.34, 2.67, -0.04, 2.44, -16.95
4.98, 0.0060, 6.34, 2.68, -0.04, 1.86, -16.61
4.98, 0.0060, 6.34, 2.69, -0.04, 1.36, -16.38
4.99, 0.0070, 6.34, 2.70, -0.04, 0.98, -16.22
5.00, 0.0070, 6.34, 2.70, -0.04, 0.70, -16.08
5.00, 0.0060, 6.34, 2.70, -0.04, 0.43, -15.98
5.01, 0.0070, 6.34, 2.70, -0.04, 0.09, -15.93
5.02, 0.0060, 6.34, 2.70, -0.04, -0.38, -15.92
5.02, 0.0060, 6.34, 2.70, -0.04, -1.03, -15.96
5.03, 0.0070, 6.34, 2.68, -0.04, -1.77, -16.09
5.04, 0.0060, 6.34, 2.67, -0.04, -2.47, -16.33
5.04, 0.0070, 6.34, 2.65, -0.04, -3.03, -16.63
5.05, 0.0070, 6.34, 2.62, -0.04, -3.44, -17.05
5.05, 0.0060, 6.34, 2.60, -0.04, -3.75, -17.54
5.06, 0.0060, 6.34, 2.58, -0.04, -4.10, -17.99
5.07, 0.0070, 6.34, 2.54, -0.04, -4.60, -18.48
5.07, 0.0060, 6.34, 2.51, -0.04, -5.26, -19.12
5.08, 0.0070, 6.34, 2.47, -0.04, -6.01, -19.75
5.09, 0.0070, 6.34, 2.42, -0.04, -6.74, -20.60
5.09, 0.0060, 6.34, 2.38, -0.04, -7.34, -21.54
5.10, 0.0060, 6.34, 2.33, -0.04, -7.79, -22.42
5.11, 0.0070, 6.34, 2.28, -0.04, -8.18, -23.35
5.11, 0.0060, 6.34, 2.22, -0.04, -8.60, -24.50
5.12, 0.0060, 6.34, 2.17, -0.04, -9.08, -25.53
5.13, 0.0080, 6.34, 2.09, -0.04, -9.62, -26.62
5.13, 0.0060, 6.34, 2.03, -0.04, -10.17, -28.16
5.14, 0.0060, 6.34, 1.97, -0.04, -10.66, -29.38
5.15, 0.0070, 6.34, 1.89, -0.04, -11.06, -30.66
5.15, 0.0060, 6.34, 1.82, -0.04, -11.36, -32.21
5.16, 0.0060, 6.34, 1.75, -0.04, -11.57, -33.57
5.17, 0.0080, 6.34, 1.66, -0.04, -11.70, -34.96
5.17, 0.0060, 6.34, 1.59, -0.04, -11.87, -36.83
5.18, 0.0070, 6.34, 1.50, -0.04, -12.14, -38.26
5.19, 0.0060, 6.34, 1.43, -0.04, -12.54, -39.96
5.19, 0.0060, 6.34, 1.35, -0.04, -13.03, -41.46
5.20, 0.0070, 6.34, 1.25, -0.04, -13.47, -43.03
5.21, 0.0060, 6.34, 1.17, -0.04, -13.72, -44.91
5.21, 0.0080, 6.34, 1.06, -0.04, -13.64, -46.56
5.22, 0.0060, 6.34, 0.98, -0.04, -13.29, -48.74
5.23, 0.0060, 6.34, 0.91, -0.04, -12.87, -50.34
5.23, 0.0070, 6.34, 0.82, -0.04, -12.56, -51.88
5.24, 0.0060, 6.34, 0.74, -0.04, -12.50, -53.64
5.24, 0.0070, 6.34, 0.65, -0.04, -12.61, -55.14
5.25, 0.0070, 6.34, 0.57, -0.04, -12.79, -56.91
5.26, 0.0060, 6.34, 0.49, -0.04, -12.85, -58.70
5.26, 0.0070, 6.34, 0.40, -0.04, -12.70, -60.24
5.27, 0.0060, 6.34, 0.33, -0.04, -12.33, -62.01
5.28, 0.0070, 6.34, 0.24, -0.04, -11.81, -63.50
5.28, 0.0060, 6.34, 0.18, -0.04, -11.24, -65.15
5.29, 0.0060, 6.34, 0.11, -0.04, -10.72, -66.50
5.30, 0.0080, 6.34, 0.03, -0.04, -10.26, -67.78
5.30, 0.0060, 6.34, -0.03, -0.04, -9.82, -69.42
5.31, 0.0060, 6.34, -0.09, -0.04, -9.38, -70.60
5.32, 0.0070, 6.34, -0.15, -0.04, -8.88, -71.73
5.32, 0.0060, 6.34, -0.20, -0.04, -8.33, -72.97
5.33, 0.0060, 6.34, -0.25, -0.04, -7.75, -73.97
5.34, 0.0070, 6.34, -0.30, -0.04, -7.19, -74.90
5.34, 0.0070, 6.34, -0.34, -0.04, -6.67, -75.91
5.35, 0.0070, 6.34, -0.38, -0.04, -6.12, -76.84
5.36, 0.0060, 6.34, -0.42, -0.04, -5.57, -77.70
5.36, 0.0060, 6.34, -0.45, -0.04, -4.98, -78.37
5.37, 0.0070, 6.34, -0.48, -0.04, -4.32, -78.96
5.37, 0.0060, 6.34, -0.50, -0.04, -3.58, -79.57
5.38, 0.0070, 6.34, -0.52, -0.04, -2.79, -80.00
5.39, 0.0070, 6.34, -0.53, -0.04, -1.94, -80.39
5.39, 0.0060, 6.34, -0.54, -0.04, -1.15, -80.66
5.40, 0.0060, 6.34, -0.54, -0.04, -0.48, -80.79
5.41, 0.0070, 6.34, -0.54, -0.04, 0.08, -80.85
5.41, 0.0060, 6.34, -0.54, -0.04, 0.54, -80.84
5.42, 0.0060, 6.34, -0.53, -0.04, 1.07, -80.78
5.43, 0.0070, 6.34, -0.52, -0.04, 1.66, -80.65
5.43, 0.0070, 6.34, -0.50, -0.04, 2.36, -80.42
5.44, 0.0060, 6.34, -0.49, -0.04, 3.05, -80.09
5.45, 0.0070, 6.34, -0.46, -0.04, 3.71, -79.72
5.45, 0.0060, 6.34, -0.43, -0.04, 4.36, -79.20
5.46, 0.0060, 6.34, -0.40, -0.04, 4.99, -78.68
5.47, 0.0080, 6.34, -0.36, -0.04, 5.61, -78.08
5.47, 0.0060, 6.34, -0.32, -0.04, 6.14, -77.18
5.48, 0.0060, 6.34, -0.28, -0.04, 6.67, -76.44
5.49, 0.0070, 6.34, -0.23, -0.04, 7.17, -75.64
5.49, 0.0060, 6.34, -0.19, -0.04, 7.69, -74.64
5.50, 0.0060, 6.34, -0.14, -0.04, 8.19, -73.72
5.51, 0.0070, 6.34, -0.08, -0.04, 8.65, -72.73
5.51, 0.0070, 6.34, -0.01, -0.04, 9.05, -71.52
5.52, 0.0060, 6.34, 0.04, -0.04, 9.39, -70.26
5.52, 0.0070, 6.34, 0.11, -0.04, 9.74, -69.13
5.53, 0.0060, 6.34, 0.17, -0.04, 10.12, -67.77
5.54, 0.0060, 6.34, 0.24, -0.04, 10.52, -66.55
5.54, 0.0070, 6.34, 0.31, -0.04, 10.85, -65.29
5.55, 0.0070, 6.34, 0.39, -0.04, 11.11, -63.77
5.56, 0.0060, 6.34, 0.46, -0.04, 11.29, -62.21
5.56, 0.0070, 6.34, 0.54, -0.04, 11.43, -60.86
5.57, 0.0060, 6.34, 0.61, -0.04, 11.56, -59.26
5.58, 0.0070, 6.34, 0.69, -0.04, 11.73, -57.87
5.58, 0.0060, 6.34, 0.76, -0.04, 11.86, -56.23
5.59, 0.0060, 6.34, 0.83, -0.04, 11.99, -54.81
5.60, 0.0080, 6.34, 0.93, -0.04, 12.08, -53.37
5.60, 0.0060, 6.34, 1.00, -0.04, 12.04, -51.44
5.61, 0.0070, 6.34, 1.08, -0.04, 11.92, -49.99
5.61, 0.0060, 6.34, 1.15, -0.04, 11.67, -48.32
5.62, 0.0060, 6.34, 1.22, -0.04, 11.46, -46.92
5.63, 0.0070, 6.34, 1.30, -0.04, 11.36, -45.55
5.64, 0.0070, 6.34, 1.38, -0.04, 11.36, -43.96
5.64, 0.0060, 6.34, 1.45, -0.04, 11.34, -42.37
5.65, 0.0070, 6.34, 1.53, -0.04, 11.16, -41.01
5.66, 0.0060, 6.34, 1.59, -0.04, 10.77, -39.44
5.66, 0.0070, 6.34, 1.66, -0.04, 10.26, -38.15
5.67, 0.0060, 6.34, 1.72, -0.04, 9.73, -36.71
5.68, 0.0060, 6.34, 1.78, -0.04, 9.21, -35.55
5.68, 0.0080, 6.34, 1.85, -0.04, 8.69, -34.44
5.69, 0.0060, 6.34, 1.90, -0.04, 8.17, -33.05
5.69, 0.0060, 6.34, 1.94, -0.04, 7.62, -32.07
5.70, 0.0070, 6.34, 1.99, -0.04, 7.07, -31.16
5.71, 0.0060, 6.34, 2.03, -0.04, 6.49, -30.17
5.71, 0.0060, 6.34, 2.07, -0.04, 5.87, -29.39
5.72, 0.0070, 6.34, 2.10, -0.04, 5.18, -28.68
5.73, 0.0070, 6.34, 2.13, -0.04, 4.40, -27.96
5.73, 0.0060, 6.34, 2.15, -0.04, 3.52, -27.34
5.74, 0.0070, 6.34, 2.17, -0.04, 2.59, -26.92
5.75, 0.0060, 6.34, 2.18, -0.04, 1.66, -26.56
5.75, 0.0070, 6.34, 2.19, -0.04, 0.79, -26.36
5.76, 0.0060, 6.34, 2.19, -0.04, 0.01, -26.25
5.77, 0.0070, 6.34, 2.18, -0.04, -0.76, -26.25
5.77, 0.0070, 6.34, 2.17, -0.04, -1.64, -26.35
5.78, 0.0060, 6.34, 2.16, -0.04, -2.64, -26.58
5.78, 0.0060, 6.34, 2.13, -0.04, -3.73, -26.90
5.79, 0.0070, 6.34, 2.10, -0.04, -4.85, -27.35
5.80, 0.0060, 6.34, 2.06, -0.04, -5.91, -28.03
5.80, 0.0060, 6.34, 2.02, -0.04, -6.89, -28.74
5.81, 0.0080, 6.34, 1.96, -0.04, -7.80, -29.56
5.82, 0.0060, 6.34, 1.91, -0.04, -8.75, -30.81
5.82, 0.0060, 6.34, 1.85, -0.04, -9.78, -31.86
5.83, 0.0070, 6.34, 1.77, -0.04, -10.88, -33.03
5.84, 0.0060, 6.34, 1.70, -0.04, -11.98, -34.56
5.84, 0.0060, 6.34, 1.62, -0.04, -13.02, -36.00
5.85, 0.0080, 6.34, 1.51, -0.04, -13.97, -37.56
5.86, 0.0060, 6.34, 1.42, -0.04, -14.86, -39.79
5.86, 0.0070, 6.34, 1.31, -0.04, -15.69, -41.58
5.87, 0.0060, 6.34, 1.21, -0.04, -16.49, -43.77
5.88, 0.0060, 6.34, 1.11, -0.04, -17.26, -45.75
5.88, 0.0070, 6.34, 0.98, -0.04, -18.05, -47.82
5.89, 0.0060, 6.34, 0.87, -0.04, -18.88, -50.35
5.90, 0.0080, 6.34, 0.71, -0.04, -19.74, -52.62
5.90, 0.0060, 6.34, 0.59, -0.04, -20.60, -55.77
5.91, 0.0060, 6.34, 0.46, -0.04, -21.41, -58.25
5.92, 0.0070, 6.34, 0.30, -0.04, -22.13, -60.81
5.92, 0.0060, 6.34, 0.17, -0.04, -22.74, -63.91
5.93, 0.0060, 6.34, 0.03, -0.04, -23.17, -66.64
5.94, 0.0080, 6.34, -0.16, -0.04, -23.43, -69.42
5.94, 0.0060, 6.34, -0.30, -0.04, -23.56, -73.17
5.95, 0.0070, 6.34, -0.47, -0.04, -23.73, -76.00
5.95, 0.0060, 6.34, -0.61, -0.04, -24.06, -79.32
5.96, 0.0060, 6.34, -0.76, -0.04, -24.56, -82.21
5.97, 0.0070, 6.34, -0.93, -0.04, -25.12, -85.15
5.98, 0.0060, 6.34, -1.09, -0.04, -25.54, -88.67
5.98, 0.0080, 6.34, -1.29, -0.04, -25.71, -91.74
5.99, 0.0060, 6.34, -1.45, -0.04, -25.57, -95.85
5.99, 0.0060, 6.34, -1.60, -0.04, -25.21, -98.92
6.00, 0.0070, 6.34, -1.77, -0.04, -24.81, -101.94
6.01, 0.0060, 6.34, -1.92, -0.04, -24.51, -105.42
6.01, 0.0070, 6.34, -2.09, -0.04, -24.42, -108.36
6.02, 0.0070, 6.34, -2.26, -0.04, -24.39, -111.78
6.03, 0.0070, 6.34, -2.43, -0.04, -24.25, -115.19
6.03, 0.0060, 6.34, -2.57, -0.04, -23.92, -118.59
6.04, 0.0060, 6.34, -2.71, -0.04, -23.42, -121.46
6.05, 0.0070, 6.34, -2.87, -0.04, -22.76, -124.27
6.05, 0.0060, 6.34, -3.01, -0.04, -22.10, -127.45
6.06, 0.0070, 6.34, -3.16, -0.04, -21.46, -130.11
6.07, 0.0070, 6.34, -3.30, -0.04, -20.96, -133.11
6.07, 0.0070, 6.34, -3.45, -0.04, -20.51, -136.05
6.08, 0.0060, 6.34, -3.57, -0.04, -19.98, -138.92
6.09, 0.0070, 6.34, -3.70, -0.04, -19.22, -141.31
6.09, 0.0060, 6.34, -3.81, -0.04, -18.29, -144.00
6.10, 0.0060, 6.34, -3.91, -0.04, -17.31, -146.20
6.11, 0.0080, 6.34, -4.04, -0.04, -16.39, -148.28
6.11, 0.0060, 6.34, -4.14, -0.04, -15.68, -150.90
6.12, 0.0070, 6.34, -4.24, -0.04, -15.06, -152.78
6.13, 0.0060, 6.34, -4.33, -0.04, -14.41, -154.89
6.13, 0.0070, 6.34, -4.43, -0.04, -13.65, -156.62
6.14, 0.0060, 6.34, -4.51, -0.04, -13.14, -158.53
6.15, 0.0070, 6.34, -4.59, -0.04, -12.82, -160.10
6.15, 0.0070, 6.34, -4.68, -0.04, -12.51, -161.90
6.16, 0.0060, 6.34, -4.75, -0.04, -11.76, -163.65
6.17, 0.0070, 6.34, -4.83, -0.04, -10.44, -165.06
6.17, 0.0060, 6.34, -4.88, -0.04, -9.02, -166.52
6.18, 0.0070, 6.34, -4.94, -0.04, -8.07, -167.61
6.19, 0.0060, 6.34, -4.98, -0.04, -7.89, -168.73
6.19, 0.0080, 6.34, -5.05, -0.04, -8.10, -169.68
6.20, 0.0060, 6.34, -5.10, -0.04, -8.15, -170.98
6.21, 0.0060, 6.34, -5.15, -0.04, -7.89, -171.96
6.21, 0.0070, 6.34, -5.20, -0.04, -7.34, -172.90
6.22, 0.0060, 6.34, -5.24, -0.04, -6.75, -173.93
6.22, 0.0070, 6.34, -5.28, -0.04, -6.35, -174.74
6.23, 0.0060, 6.34, -5.32, -0.04, -5.98, -175.63
6.24, 0.0070, 6.34, -5.36, -0.04, -5.58, -176.35
6.24, 0.0070, 6.34, -5.39, -0.04, -5.22, -177.13
6.25, 0.0060, 6.34, -5.42, -0.04, -5.20, -177.86
6.26, 0.0070, 6.34, -5.46, -0.04, -5.60, -178.48
6.26, 0.0060, 6.34, -5.50, -0.04, -5.99, -179.27
6.27, 0.0060, 6.34, -5.54, -0.04, -5.98, -179.99
6.28, 0.0080, 6.34, -5.58, -0.04, -5.37, -180.70
6.28, 0.0060, 6.34, -5.61, -0.04, -4.65, -181.56
6.29, 0.0070, 6.34, -5.64, -0.04, -4.40, -182.12
6.30, 0.0060, 6.34, -5.67, -0.04, -4.83, -182.73
6.30, 0.0060, 6.34, -5.70, -0.04, -5.53, -183.32
6.31, 0.0070, 6.34, -5.74, -0.04, -5.96, -183.98
6.32, 0.0060, 6.34, -5.78, -0.04, -6.14, -184.81
6.32, 0.0070, 6.34, -5.82, -0.04, -5.96, -185.55
6.33, 0.0070, 6.34, -5.86, -0.04, -5.49, -186.38
6.34, 0.0060, 6.34, -5.88, -0.04, -4.51, -187.15
6.34, 0.0070, 6.34, -5.91, -0.04, -3.46, -187.69
6.35, 0.0060, 6.34, -5.93, -0.04, -2.93, -188.18
6.36, 0.0060, 6.34, -5.95, -0.04, -3.46, -188.53
6.36, 0.0080, 6.34, -5.99, -0.04, -4.77, -188.95
6.37, 0.0060, 6.34, -6.02, -0.04, -6.07, -189.71
6.38, 0.0070, 6.34, -6.07, -0.04, -6.66, -190.44
6.38, 0.0060, 6.34, -6.11, -0.04, -6.14, -191.37
6.39, 0.0060, 6.34, -6.14, -0.04, -5.14, -192.11
6.39, 0.0070, 6.34, -6.17, -0.04, -4.23, -192.72
6.40, 0.0060, 6.34, -6.19, -0.04, -3.65, -193.32
6.41, 0.0080, 6.34, -6.21, -0.04, -3.39, -193.75
6.41, 0.0060, 6.34, -6.23, -0.04, -3.33, -194.30
6.42, 0.0060, 6.34, -6.25, -0.04, -3.28, -194.70
6.43, 0.0070, 6.34, -6.28, -0.04, -3.39, -195.09
6.43, 0.0060, 6.34, -6.30, -0.04, -3.61, -195.56
6.44, 0.0060, 6.34, -6.32, -0.04, -3.85, -196.00
6.45, 0.0080, 6.34, -6.35, -0.04, -3.62, -196.46
6.45, 0.0060, 6.34, -6.37, -0.04, -2.98, -197.04
6.46, 0.0070, 6.34, -6.39, -0.04, -2.34, -197.40
6.47, 0.0060, 6.34, -6.40, -0.04, -2.18, -197.73
6.47, 0.0060, 6.34, -6.42, -0.04, -2.69, -197.99
6.48, 0.0070, 6.34, -6.44, -0.04, -3.33, -198.31
6.49, 0.0060, 6.34, -6.46, -0.04, -3.49, -198.78
6.49, 0.0080, 6.34, -6.48, -0.04, -2.89, -199.19
6.50, 0.0060, 6.34, -6.50, -0.04, -2.07, -199.66
6.51, 0.0060, 6.34, -6.50, -0.04, -1.45, -199.90
6.51, 0.0070, 6.34, -6.51, -0.04, -1.08, -200.08
6.52, 0.0060, 6.34, -6.52, -0.04, -1.20, -200.23
6.53, 0.0060, 6.34, -6.53, -0.04, -1.86, -200.37
6.53, 0.0080, 6.34, -6.55, -0.04, -3.07, -200.60
6.54, 0.0060, 6.34, -6.58, -0.04, -4.35, -201.09
6.55, 0.0070, 6.34, -6.62, -0.04, -5.13, -201.61
6.55, 0.0060, 6.34, -6.65, -0.04, -5.03, -202.33
6.56, 0.0060, 6.34, -6.67, -0.04, -4.38, -202.93
6.56, 0.0070, 6.34, -6.70, -0.04, -3.63, -203.46
6.57, 0.0060, 6.34, -6.72, -0.04, -3.10, -203.97
6.58, 0.0080, 6.34, -6.74, -0.04, -3.23, -204.34
6.58, 0.0060, 6.34, -6.77, -0.04, -4.00, -204.85
6.59, 0.0070, 6.34, -6.80, -0.04, -5.38, -205.33
6.60, 0.0060, 6.34, -6.85, -0.04, -6.83, -206.09
6.60, 0.0060, 6.34, -6.89, -0.04, -7.92, -206.91
6.61, 0.0070, 6.34, -6.95, -0.04, -8.45, -207.86
6.62, 0.0070, 6.34, -7.01, -0.04, -8.43, -209.04
6.62, 0.0070, 6.34, -7.07, -0.04, -8.26, -210.22
6.63, 0.0060, 6.34, -7.12, -0.04, -8.35, -211.38
6.64, 0.0060, 6.34, -7.17, -0.04, -9.03, -212.38
6.64, 0.0070, 6.34, -7.24, -0.04, -10.14, -213.46
6.65, 0.0060, 6.34, -7.31, -0.04, -11.39, -214.88
6.66, 0.0070, 6.34, -7.40, -0.04, -12.15, -216.25
6.66, 0.0070, 6.34, -7.48, -0.04, -12.42, -217.95
6.67, 0.0070, 6.34, -7.57, -0.04, -12.42, -219.69
6.68, 0.0060, 6.34, -7.65, -0.04, -12.41, -221.43
6.68, 0.0070, 6.34, -7.73, -0.04, -12.47, -222.92
6.69, 0.0060, 6.34, -7.81, -0.04, -12.62, -224.66
6.70, 0.0070, 6.34, -7.90, -0.04, -12.89, -226.18
6.70, 0.0070, 6.34, -7.99, -0.04, -13.23, -227.98
6.71, 0.0060, 6.34, -8.07, -0.04, -13.76, -229.83
6.72, 0.0070, 6.34, -8.17, -0.04, -14.12, -231.48
6.72, 0.0060, 6.34, -8.26, -0.04, -14.19, -233.46
6.73, 0.0070, 6.34, -8.35, -0.04, -13.66, -235.16
6.74, 0.0060, 6.34, -8.43, -0.04, -12.65, -237.08
6.74, 0.0070, 6.34, -8.51, -0.04, -11.36, -238.59
6.75, 0.0070, 6.34, -8.58, -0.04, -10.24, -240.18
6.76, 0.0070, 6.34, -8.65, -0.04, -9.38, -241.62
6.76, 0.0060, 6.34, -8.70, -0.04, -8.95, -242.93
6.77, 0.0060, 6.34, -8.75, -0.04, -8.98, -244.01
6.78, 0.0070, 6.34, -8.82, -0.04, -9.11, -245.08
6.78, 0.0060, 6.34, -8.87, -0.04, -8.85, -246.36
6.79, 0.0080, 6.34, -8.93, -0.04, -7.73, -247.42
6.80, 0.0060, 6.34, -8.97, -0.04, -6.01, -248.66
6.80, 0.0060, 6.34, -8.99, -0.04, -4.09, -249.38
6.81, 0.0070, 6.34, -9.01, -0.04, -2.68, -249.87
6.81, 0.0060, 6.34, -9.03, -0.04, -2.15, -250.25
6.82, 0.0060, 6.34, -9.04, -0.04, -2.00, -250.50
6.83, 0.0070, 6.34, -9.05, -0.04, -1.78, -250.74
6.84, 0.0070, 6.34, -9.06, -0.04, -1.02, -250.99
6.84, 0.0070, 6.34, -9.06, -0.04, 0.07, -251.14
6.85, 0.0060, 6.34, -9.05, -0.04, 1.33, -251.13
6.85, 0.0060, 6.34, -9.03, -0.04, 2.42, -250.97
6.86, 0.0070, 6.34, -9.01, -0.04, 3.30, -250.68
6.87, 0.0060, 6.34, -8.99, -0.04, 3.94, -250.21
6.87, 0.0080, 6.34, -8.95, -0.04, 4.37, -249.74
6.88, 0.0060, 6.34, -8.92, -0.04, 4.74, -249.04
6.89, 0.0060, 6.34, -8.89, -0.04, 5.40, -248.47
6.89, 0.0070, 6.34, -8.84, -0.04, 6.61, -247.83
6.90, 0.0060, 6.34, -8.80, -0.04, 8.31, -246.90
6.91, 0.0070, 6.34, -8.72, -0.04, 10.13, -245.90
6.91, 0.0060, 6.34, -8.66, -0.04, 11.48, -244.48
6.92, 0.0070, 6.34, -8.57, -0.04, 12.27, -243.11
6.93, 0.0070, 6.34, -8.48, -0.04, 12.47, -241.39
6.93, 0.0060, 6.34, -8.41, -0.04, 12.49, -239.64
6.94, 0.0070, 6.34, -8.32, -0.04, 12.63, -238.14
6.95, 0.0060, 6.34, -8.24, -0.04, 13.26, -236.38
6.95, 0.0070, 6.34, -8.14, -0.04, 14.14, -234.78
6.96, 0.0070, 6.34, -8.03, -0.04, 15.33, -232.81
6.97, 0.0060, 6.34, -7.93, -0.04, 16.71, -230.66
6.97, 0.0070, 6.34, -7.81, -0.04, 18.04, -228.65
6.98, 0.0060, 6.34, -7.69, -0.04, 19.04, -226.13
6.99, 0.0070, 6.34, -7.56, -0.04, 19.47, -223.84
6.99, 0.0060, 6.34, -7.44, -0.04, 19.47, -221.12
7.00, 0.0070, 6.34, -7.30, -0.04, 19.34, -218.78
7.01, 0.0070, 6.34, -7.17, -0.04, 19.81, -216.07
7.01, 0.0070, 6.34, -7.02, -0.04, 20.97, -213.30
7.02, 0.0060, 6.34, -6.88, -0.04, 22.68, -210.36
7.03, 0.0060, 6.34, -6.74, -0.04, 24.43, -207.64
7.03, 0.0070, 6.34, -6.55, -0.04, 26.16, -204.71
7.04, 0.0060, 6.34, -6.38, -0.04, 27.93, -201.05
7.05, 0.0080, 6.34, -6.15, -0.04, 29.67, -197.70
7.05, 0.0060, 6.34, -5.96, -0.04, 31.30, -192.95
7.06, 0.0070, 6.34, -5.73, -0.04, 32.78, -189.20
7.06, 0.0060, 6.34, -5.53, -0.04, 34.20, -184.61
7.07, 0.0070, 6.34, -5.27, -0.04, 35.79, -180.50
7.08, 0.0060, 6.34, -5.05, -0.04, 37.51, -175.49
7.09, 0.0060, 6.34, -4.81, -0.04, 39.23, -170.99
7.09, 0.0080, 6.34, -4.49, -0.04, 40.71, -166.29
7.10, 0.0060, 6.34, -4.24, -0.04, 41.95, -159.77
7.10, 0.0070, 6.34, -3.93, -0.04, 43.26, -154.74
7.11, 0.0060, 6.34, -3.66, -0.04, 44.88, -148.68
7.12, 0.0070, 6.34, -3.34, -0.04, 46.87, -143.30
7.12, 0.0060, 6.34, -3.04, -0.04, 49.17, -136.73
7.13, 0.0080, 6.34, -2.63, -0.04, 51.45, -130.83
7.14, 0.0060, 6.34, -2.31, -0.04, 53.48, -122.60
7.14, 0.0060, 6.34, -1.98, -0.04, 55.01, -116.18
7.15, 0.0070, 6.34, -1.59, -0.04, 56.17, -109.58
7.16, 0.0060, 6.34, -1.24, -0.04, 57.05, -101.72
7.16, 0.0070, 6.34, -0.84, -0.04, 57.99, -94.87
7.17, 0.0060, 6.34, -0.48, -0.04, 59.21, -86.75
7.18, 0.0080, 6.34, 0.00, -0.04, 60.85, -79.65
7.18, 0.0060, 6.34, 0.38, -0.04, 62.78, -69.91
7.19, 0.0060, 6.34, 0.77, -0.04, 64.85, -62.38
7.20, 0.0070, 6.34, 1.24, -0.04, 66.78, -54.60
7.20, 0.0060, 6.34, 1.65, -0.04, 68.28, -45.25
7.21, 0.0060, 6.34, 2.06, -0.04, 69.41, -37.05
7.22, 0.0080, 6.34, 2.62, -0.04, 70.12, -28.72
7.22, 0.0060, 6.34, 3.05, -0.04, 70.64, -17.51
7.23, 0.0070, 6.34, 3.55, -0.04, 70.99, -9.03
7.24, 0.0060, 6.34, 3.97, -0.04, 71.22, 0.91
7.24, 0.0060, 6.34, 4.40, -0.04, 71.48, 9.46
7.25, 0.0070, 6.34, 4.90, -0.04, 71.77, 18.03
7.26, 0.0060, 6.34, 5.34, -0.04, 72.15, 28.08
7.26, 0.0070, 6.34, 5.84, -0.04, 72.55, 36.74
7.27, 0.0070, 6.34, 6.35, -0.04, 72.66, 46.90
7.28, 0.0060, 6.34, 6.79, -0.04, 72.32, 57.07
7.28, 0.0070, 6.34, 7.29, -0.04, 71.54, 65.75
7.29, 0.0060, 6.34, 7.71, -0.04, 70.56, 75.76
7.29, 0.0060, 6.34, 8.13, -0.04, 69.60, 84.23
7.30, 0.0080, 6.34, 8.68, -0.04, 68.69, 92.58
7.31, 0.0060, 6.34, 9.09, -0.04, 67.79, 103.57
7.31, 0.0060, 6.34, 9.49, -0.04, 66.79, 111.71
7.32, 0.0070, 6.34, 9.95, -0.04, 65.60, 119.72
7.33, 0.0060, 6.34, 10.33, -0.04, 64.21, 128.90
7.33, 0.0070, 6.34, 10.77, -0.04, 62.75, 136.61
7.34, 0.0060, 6.34, 11.14, -0.04, 61.39, 145.40
7.35, 0.0080, 6.34, 11.62, -0.04, 60.21, 152.76
7.35, 0.0060, 6.34, 11.97, -0.04, 59.13, 162.40
7.36, 0.0070, 6.34, 12.38, -0.04, 57.94, 169.49
7.37, 0.0060, 6.34, 12.72, -0.04, 56.49, 177.60
7.37, 0.0070, 6.34, 13.10, -0.04, 54.74, 184.38
7.38, 0.0060, 6.34, 13.42, -0.04, 52.87, 192.04
7.39, 0.0070, 6.34, 13.78, -0.04, 50.95, 198.39
7.39, 0.0070, 6.34, 14.12, -0.04, 49.12, 205.52
7.40, 0.0060, 6.34, 14.40, -0.04, 47.31, 212.40
7.41, 0.0070, 6.34, 14.72, -0.04, 45.53, 218.08
7.41, 0.0060, 6.34, 14.98, -0.04, 43.71, 224.45
7.42, 0.0070, 6.34, 15.28, -0.04, 41.96, 229.70
7.43, 0.0060, 6.34, 15.52, -0.04, 40.26, 235.57
7.43, 0.0080, 6.34, 15.83, -0.04, 38.65, 240.40
7.44, 0.0060, 6.34, 16.05, -0.04, 37.04, 246.59
7.45, 0.0070, 6.34, 16.30, -0.04, 35.35, 251.03
7.45, 0.0060, 6.34, 16.50, -0.04, 33.52, 255.98
7.46, 0.0070, 6.34, 16.72, -0.04, 31.65, 260.00
7.47, 0.0060, 6.34, 16.90, -0.04, 29.97, 264.43
7.47, 0.0080, 6.34, 17.13, -0.04, 28.59, 268.03
7.48, 0.0060, 6.34, 17.30, -0.04, 27.48, 272.61
7.49, 0.0070, 6.34, 17.48, -0.04, 26.50, 275.90
7.49, 0.0060, 6.34, 17.63, -0.04, 25.47, 279.61
