3.60, 3.5920, 9.18, 9.17, -0.03, -0.00, 0.00
3.60, 0.0070, 9.18, 9.17, -0.03, -0.01, 113.42
3.61, 0.0060, 9.18, 9.17, -0.03, -0.01, 113.42
3.62, 0.0060, 9.18, 9.17, -0.03, -0.02, 113.42
3.62, 0.0070, 9.18, 9.17, -0.03, -0.02, 113.41
3.63, 0.0060, 9.18, 9.17, -0.03, -0.01, 113.41
3.63, 0.0070, 9.18, 9.17, -0.03, -0.01, 113.41
3.64, 0.0060, 9.18, 9.17, -0.03, -0.01, 113.41
3.65, 0.0070, 9.18, 9.17, -0.03, -0.08, 113.41
3.65, 0.0060, 9.18, 9.17, -0.03, -0.44, 113.40
3.66, 0.0060, 9.18, 9.16, -0.03, -1.19, 113.34
3.67, 0.0070, 9.18, 9.14, -0.03, -2.38, 113.20
3.67, 0.0070, 9.18, 9.12, -0.03, -3.85, 112.87
3.68, 0.0070, 9.18, 9.08, -0.03, -5.41, 112.33
3.69, 0.0060, 9.18, 9.04, -0.03, -6.79, 111.57
3.69, 0.0060, 9.18, 8.99, -0.03, -7.71, 110.76
3.70, 0.0070, 9.18, 8.93, -0.03, -8.22, 109.83
3.71, 0.0060, 9.18, 8.88, -0.03, -8.41, 108.68
3.71, 0.0060, 9.18, 8.83, -0.03, -8.59, 107.67
3.72, 0.0080, 9.18, 8.76, -0.03, -9.14, 106.64
3.73, 0.0060, 9.18, 8.70, -0.03, -10.39, 105.18
3.73, 0.0060, 9.18, 8.62, -0.03, -12.14, 103.93
3.74, 0.0070, 9.18, 8.53, -0.03, -14.05, 102.47
3.75, 0.0060, 9.18, 8.43, -0.03, -15.73, 100.51
3.75, 0.0070, 9.18, 8.31, -0.03, -17.24, 98.62
3.76, 0.0070, 9.18, 8.18, -0.03, -18.52, 96.21
3.77, 0.0060, 9.18, 8.06, -0.03, -19.81, 93.61
3.77, 0.0070, 9.18, 7.91, -0.03, -21.19, 91.24
3.78, 0.0060, 9.18, 7.78, -0.03, -22.67, 88.27
3.78, 0.0060, 9.18, 7.63, -0.03, -24.21, 85.55
3.79, 0.0070, 9.18, 7.45, -0.03, -25.68, 82.65
3.80, 0.0060, 9.18, 7.29, -0.03, -27.02, 79.05
3.80, 0.0080, 9.18, 7.06, -0.03, -28.34, 75.81
3.81, 0.0060, 9.18, 6.89, -0.03, -29.72, 71.27
3.82, 0.0060, 9.18, 6.70, -0.03, -31.25, 67.71
3.82, 0.0070, 9.18, 6.47, -0.03, -32.96, 63.96
3.83, 0.0060, 9.18, 6.26, -0.03, -34.70, 59.34
3.84, 0.0070, 9.18, 6.00, -0.03, -36.31, 55.18
3.84, 0.0070, 9.18, 5.74, -0.03, -37.68, 50.09
3.85, 0.0060, 9.18, 5.51, -0.03, -38.57, 44.82
3.86, 0.0070, 9.18, 5.24, -0.03, -38.93, 40.19
3.86, 0.0060, 9.18, 5.00, -0.03, -38.85, 34.74
3.87, 0.0070, 9.18, 4.73, -0.03, -38.58, 30.08
3.88, 0.0060, 9.18, 4.50, -0.03, -38.32, 24.68
3.88, 0.0060, 9.18, 4.27, -0.03, -38.28, 20.08
3.89, 0.0080, 9.18, 3.96, -0.03, -38.67, 15.48
3.90, 0.0060, 9.18, 3.73, -0.03, -39.30, 9.30
3.90, 0.0060, 9.18, 3.49, -0.03, -40.05, 4.58
3.91, 0.0070, 9.18, 3.21, -0.03, -40.54, -0.22
3.91, 0.0060, 9.18, 2.96, -0.03, -40.51, -5.90
3.92, 0.0060, 9.18, 2.72, -0.03, -39.76, -10.76
3.93, 0.0070, 9.18, 2.45, -0.03, -38.58, -15.53
3.94, 0.0070, 9.18, 2.19, -0.03, -37.32, -20.93
3.94, 0.0070, 9.18, 1.94, -0.03, -36.24, -26.16
3.95, 0.0060, 9.18, 1.73, -0.03, -35.25, -31.23
3.95, 0.0060, 9.18, 1.52, -0.03, -34.42, -35.46
3.96, 0.0070, 9.18, 1.29, -0.03, -33.57, -39.59
3.97, 0.0060, 9.18, 1.09, -0.03, -32.65, -44.29
3.97, 0.0080, 9.18, 0.84, -0.03, -31.56, -48.21
3.98, 0.0060, 9.18, 0.66, -0.03, -30.30, -53.26
3.99, 0.0060, 9.18, 0.48, -0.03, -28.90, -56.90
3.99, 0.0070, 9.18, 0.29, -0.03, -27.43, -60.37
4.00, 0.0060, 9.18, 0.13, -0.03, -25.87, -64.21
4.01, 0.0070, 9.18, -0.04, -0.03, -24.22, -67.31
4.01, 0.0060, 9.18, -0.17, -0.03, -22.52, -70.70
4.02, 0.0070, 9.18, -0.32, -0.03, -20.81, -73.40
4.03, 0.0070, 9.18, -0.45, -0.03, -19.12, -76.32
4.03, 0.0060, 9.18, -0.55, -0.03, -17.47, -78.99
4.04, 0.0060, 9.18, -0.65, -0.03, -15.87, -81.09
4.05, 0.0070, 9.18, -0.75, -0.03, -14.25, -82.99
4.05, 0.0060, 9.18, -0.83, -0.03, -12.63, -84.99
4.06, 0.0080, 9.18, -0.91, -0.03, -10.88, -86.50
4.07, 0.0060, 9.18, -0.97, -0.03, -9.02, -88.25
4.07, 0.0060, 9.18, -1.01, -0.03, -7.06, -89.33
4.08, 0.0070, 9.18, -1.04, -0.03, -5.12, -90.18
4.08, 0.0060, 9.18, -1.06, -0.03, -3.23, -90.89
4.09, 0.0060, 9.18, -1.07, -0.03, -1.46, -91.28
4.10, 0.0070, 9.18, -1.07, -0.03, 0.21, -91.46
4.10, 0.0070, 9.18, -1.06, -0.03, 1.74, -91.43
4.11, 0.0060, 9.18, -1.04, -0.03, 3.23, -91.18
4.12, 0.0070, 9.18, -1.01, -0.03, 4.77, -90.80
4.12, 0.0060, 9.18, -0.97, -0.03, 6.37, -90.13
4.13, 0.0060, 9.18, -0.92, -0.03, 7.95, -89.36
4.14, 0.0070, 9.18, -0.85, -0.03, 9.45, -88.41
4.14, 0.0070, 9.18, -0.78, -0.03, 10.90, -87.09
4.15, 0.0060, 9.18, -0.70, -0.03, 12.33, -85.56
4.16, 0.0070, 9.18, -0.61, -0.03, 13.87, -84.08
4.16, 0.0060, 9.18, -0.51, -0.03, 15.48, -82.14
4.17, 0.0070, 9.18, -0.39, -0.03, 17.11, -80.28
4.18, 0.0060, 9.18, -0.28, -0.03, 18.63, -77.88
4.18, 0.0060, 9.18, -0.16, -0.03, 19.96, -75.65
4.19, 0.0080, 9.18, 0.01, -0.03, 21.01, -73.25
4.20, 0.0060, 9.18, 0.14, -0.03, 21.95, -69.89
4.20, 0.0060, 9.18, 0.27, -0.03, 22.87, -67.26
4.21, 0.0070, 9.18, 0.44, -0.03, 23.92, -64.52
4.22, 0.0060, 9.18, 0.59, -0.03, 25.08, -61.17
4.22, 0.0070, 9.18, 0.78, -0.03, 26.33, -58.16
4.23, 0.0070, 9.18, 0.97, -0.03, 27.48, -54.47
4.24, 0.0060, 9.18, 1.14, -0.03, 28.53, -50.62
4.24, 0.0070, 9.18, 1.35, -0.03, 29.44, -47.20
4.25, 0.0060, 9.18, 1.53, -0.03, 30.24, -43.08
4.25, 0.0070, 9.18, 1.74, -0.03, 30.89, -39.45
4.26, 0.0060, 9.18, 1.93, -0.03, 31.45, -35.13
4.27, 0.0060, 9.18, 2.12, -0.03, 31.96, -31.35
4.27, 0.0080, 9.18, 2.38, -0.03, 32.47, -27.52
4.28, 0.0060, 9.18, 2.58, -0.03, 32.93, -22.32
4.29, 0.0060, 9.18, 2.78, -0.03, 33.26, -18.37
4.29, 0.0070, 9.18, 3.01, -0.03, 33.36, -14.38
4.30, 0.0060, 9.18, 3.21, -0.03, 33.23, -9.71
4.31, 0.0070, 9.18, 3.44, -0.03, 32.95, -5.72
4.31, 0.0070, 9.18, 3.67, -0.03, 32.62, -1.11
4.32, 0.0060, 9.18, 3.87, -0.03, 32.38, 3.46
4.33, 0.0070, 9.18, 4.09, -0.03, 32.25, 7.35
4.33, 0.0060, 9.18, 4.29, -0.03, 32.11, 11.86
4.34, 0.0060, 9.18, 4.48, -0.03, 31.80, 15.71
4.34, 0.0070, 9.18, 4.70, -0.03, 31.24, 19.53
4.35, 0.0060, 9.18, 4.88, -0.03, 30.39, 23.90
4.36, 0.0070, 9.18, 5.08, -0.03, 29.38, 27.55
4.36, 0.0070, 9.18, 5.28, -0.03, 28.29, 31.66
4.37, 0.0060, 9.18, 5.44, -0.03, 27.30, 35.62
4.38, 0.0070, 9.18, 5.63, -0.03, 26.37, 38.90
4.38, 0.0060, 9.18, 5.78, -0.03, 25.54, 42.59
4.39, 0.0060, 9.18, 5.93, -0.03, 24.65, 45.65
4.40, 0.0080, 9.18, 6.12, -0.03, 23.60, 48.61
4.40, 0.0060, 9.18, 6.25, -0.03, 22.35, 52.39
4.41, 0.0060, 9.18, 6.38, -0.03, 21.01, 55.07
4.42, 0.0070, 9.18, 6.52, -0.03, 19.60, 57.59
4.42, 0.0060, 9.18, 6.63, -0.03, 18.25, 60.34
4.43, 0.0070, 9.18, 6.74, -0.03, 16.93, 62.53
4.44, 0.0060, 9.18, 6.84, -0.03, 15.64, 64.90
4.44, 0.0070, 9.18, 6.94, -0.03, 14.33, 66.77
4.45, 0.0070, 9.18, 7.03, -0.03, 12.99, 68.78
4.46, 0.0060, 9.18, 7.10, -0.03, 11.54, 70.60
4.46, 0.0060, 9.18, 7.16, -0.03, 10.03, 71.98
4.47, 0.0070, 9.18, 7.22, -0.03, 8.45, 73.19
4.48, 0.0060, 9.18, 7.26, -0.03, 6.87, 74.37
4.48, 0.0060, 9.18, 7.29, -0.03, 5.37, 75.19
4.49, 0.0080, 9.18, 7.32, -0.03, 4.04, 75.84
4.50, 0.0060, 9.18, 7.34, -0.03, 2.91, 76.48
4.50, 0.0060, 9.18, 7.35, -0.03, 1.87, 76.83
4.51, 0.0070, 9.18, 7.36, -0.03, 0.81, 77.06
4.51, 0.0060, 9.18, 7.36, -0.03, -0.52, 77.17
4.52, 0.0060, 9.18, 7.34, -0.03, -2.05, 77.11
4.53, 0.0080, 9.18, 7.31, -0.03, -3.67, 76.86
4.53, 0.0060, 9.18, 7.28, -0.03, -5.14, 76.27
4.54, 0.0060, 9.18, 7.25, -0.03, -6.30, 75.66
4.55, 0.0070, 9.18, 7.19, -0.03, -7.17, 74.90
4.55, 0.0060, 9.18, 7.15, -0.03, -7.87, 73.90
4.56, 0.0060, 9.18, 7.10, -0.03, -8.63, 72.95
4.57, 0.0070, 9.18, 7.03, -0.03, -9.64, 71.92
4.57, 0.0070, 9.18, 6.95, -0.03, -10.90, 70.57
4.58, 0.0060, 9.18, 6.88, -0.03, -12.26, 69.04
4.59, 0.0070, 9.18, 6.78, -0.03, -13.50, 67.57
4.59, 0.0060, 9.18, 6.70, -0.03, -14.46, 65.68
4.60, 0.0060, 9.18, 6.61, -0.03, -15.16, 63.95
4.61, 0.0070, 9.18, 6.50, -0.03, -15.72, 62.13
4.61, 0.0070, 9.18, 6.38, -0.03, -16.33, 59.93
4.62, 0.0070, 9.18, 6.26, -0.03, -17.02, 57.64
4.63, 0.0060, 9.18, 6.16, -0.03, -17.85, 55.26
4.63, 0.0060, 9.18, 6.04, -0.03, -18.73, 53.11
4.64, 0.0070, 9.18, 5.91, -0.03, -19.57, 50.87
4.65, 0.0060, 9.18, 5.78, -0.03, -20.26, 48.13
4.65, 0.0070, 9.18, 5.64, -0.03, -20.77, 45.70
4.66, 0.0070, 9.18, 5.49, -0.03, -21.19, 42.79
4.67, 0.0060, 9.18, 5.36, -0.03, -21.51, 39.82
4.67, 0.0070, 9.18, 5.21, -0.03, -21.78, 37.24
4.68, 0.0060, 9.18, 5.08, -0.03, -21.98, 34.19
4.68, 0.0070, 9.18, 4.92, -0.03, -22.14, 31.55
4.69, 0.0060, 9.18, 4.79, -0.03, -22.33, 28.45
4.70, 0.0070, 9.18, 4.63, -0.03, -22.53, 25.77
4.70, 0.0070, 9.18, 4.47, -0.03, -22.65, 22.62
4.71, 0.0060, 9.18, 4.34, -0.03, -22.51, 19.45
4.72, 0.0070, 9.18, 4.18, -0.03, -22.16, 16.75
4.72, 0.0060, 9.18, 4.05, -0.03, -21.67, 13.64
4.73, 0.0060, 9.18, 3.93, -0.03, -21.18, 11.04
4.74, 0.0070, 9.18, 3.78, -0.03, -20.73, 8.50
4.74, 0.0070, 9.18, 3.64, -0.03, -20.28, 5.60
4.75, 0.0060, 9.18, 3.52, -0.03, -19.76, 2.76
4.76, 0.0070, 9.18, 3.39, -0.03, -19.10, 0.39
4.76, 0.0060, 9.18, 3.28, -0.03, -18.27, -2.28
4.77, 0.0060, 9.18, 3.17, -0.03, -17.26, -4.47
4.78, 0.0070, 9.18, 3.06, -0.03, -16.23, -6.55
4.78, 0.0070, 9.18, 2.95, -0.03, -15.27, -8.82
4.79, 0.0060, 9.18, 2.87, -0.03, -14.45, -10.96
4.80, 0.0070, 9.18, 2.77, -0.03, -13.70, -12.69
4.80, 0.0060, 9.18, 2.69, -0.03, -12.90, -14.61
4.81, 0.0070, 9.18, 2.61, -0.03, -11.90, -16.16
4.81, 0.0060, 9.18, 2.54, -0.03, -10.71, -17.82
4.82, 0.0060, 9.18, 2.49, -0.03, -9.41, -19.11
4.83, 0.0080, 9.18, 2.42, -0.03, -8.16, -20.24
4.83, 0.0060, 9.18, 2.38, -0.03, -7.06, -21.54
4.84, 0.0060, 9.18, 2.34, -0.03, -6.14, -22.39
4.85, 0.0070, 9.18, 2.31, -0.03, -5.28, -23.13
4.85, 0.0060, 9.18, 2.28, -0.03, -4.32, -23.87
4.86, 0.0060, 9.18, 2.26, -0.03, -3.26, -24.39
4.87, 0.0080, 9.18, 2.24, -0.03, -2.08, -24.78
4.87, 0.0060, 9.18, 2.24, -0.03, -0.94, -25.11
4.88, 0.0060, 9.18, 2.24, -0.03, 0.08, -25.22
4.89, 0.0070, 9.18, 2.25, -0.03, 0.96, -25.21
4.89, 0.0060, 9.18, 2.26, -0.03, 1.68, -25.08
4.90, 0.0060, 9.18, 2.27, -0.03, 2.32, -24.88
4.91, 0.0070, 9.18, 2.29, -0.03, 2.91, -24.60
4.91, 0.0070, 9.18, 2.32, -0.03, 3.53, -24.19
4.92, 0.0060, 9.18, 2.34, -0.03, 4.23, -23.70
4.93, 0.0070, 9.18, 2.38, -0.03, 5.02, -23.19
4.93, 0.0060, 9.18, 2.41, -0.03, 5.77, -22.49
4.94, 0.0060, 9.18, 2.45, -0.03, 6.35, -21.80
4.94, 0.0070, 9.18, 2.50, -0.03, 6.68, -21.03
4.95, 0.0060, 9.18, 2.54, -0.03, 7.23, -20.10
4.96, 0.0070, 9.18, 2.59, -0.03, 7.64, -19.23
4.96, 0.0070, 9.18, 2.64, -0.03, 7.37, -18.16
4.97, 0.0060, 9.18, 2.68, -0.03, 6.62, -17.13
4.98, 0.0060, 9.18, 2.72, -0.03, 5.76, -16.33
4.98, 0.0070, 9.18, 2.75, -0.03, 5.15, -15.64
4.99, 0.0060, 9.18, 2.78, -0.03, 5.08, -14.92
5.00, 0.0070, 9.18, 2.82, -0.03, 5.31, -14.31
5.00, 0.0070, 9.18, 2.86, -0.03, 5.65, -13.57
5.01, 0.0060, 9.18, 2.90, -0.03, 5.78, -12.78
5.02, 0.0060, 9.18, 2.93, -0.03, 5.52, -12.08
5.02, 0.0070, 9.18, 2.96, -0.03, 5.01, -11.42
5.03, 0.0060, 9.18, 2.99, -0.03, 4.44, -10.72
5.04, 0.0060, 9.18, 3.01, -0.03, 4.03, -10.19
5.04, 0.0080, 9.18, 3.05, -0.03, 3.78, -9.70
5.05, 0.0060, 9.18, 3.07, -0.03, 3.57, -9.10
5.05, 0.0060, 9.18, 3.09, -0.03, 3.22, -8.67
5.06, 0.0060, 9.18, 3.10, -0.03, 2.62, -8.28
5.07, 0.0070, 9.18, 3.11, -0.03, 1.92, -7.97
5.07, 0.0060, 9.18, 3.12, -0.03, 1.30, -7.70
5.08, 0.0060, 9.18, 3.13, -0.03, 0.91, -7.54
5.09, 0.0070, 9.18, 3.13, -0.03, 0.69, -7.43
5.09, 0.0070, 9.18, 3.14, -0.03, 0.44, -7.34
5.10, 0.0060, 9.18, 3.14, -0.03, 0.01, -7.28
5.11, 0.0060, 9.18, 3.13, -0.03, -0.61, -7.27
5.11, 0.0070, 9.18, 3.12, -0.03, -1.32, -7.35
5.12, 0.0060, 9.18, 3.11, -0.03, -2.02, -7.53
5.13, 0.0070, 9.18, 3.09, -0.03, -2.60, -7.77
5.13, 0.0060, 9.18, 3.08, -0.03, -3.00, -8.14
5.14, 0.0070, 9.18, 3.05, -0.03, -3.24, -8.50
5.14, 0.0060, 9.18, 3.03, -0.03, -3.85, -8.95
5.15, 0.0060, 9.18, 3.00, -0.03, -4.46, -9.41
5.16, 0.0070, 9.18, 2.97, -0.03, -4.48, -9.95
5.16, 0.0060, 9.18, 2.95, -0.03, -4.04, -10.58
5.17, 0.0070, 9.18, 2.92, -0.03, -3.40, -11.06
5.18, 0.0070, 9.18, 2.90, -0.03, -2.94, -11.54
5.18, 0.0060, 9.18, 2.88, -0.03, -2.94, -11.95
5.19, 0.0060, 9.18, 2.87, -0.03, -3.32, -12.30
5.20, 0.0070, 9.18, 2.84, -0.03, -3.91, -12.70
5.20, 0.0060, 9.18, 2.81, -0.03, -4.44, -13.25
5.21, 0.0070, 9.18, 2.78, -0.03, -4.66, -13.78
5.22, 0.0070, 9.18, 2.75, -0.03, -4.64, -14.43
5.22, 0.0060, 9.18, 2.72, -0.03, -4.53, -15.08
5.23, 0.0060, 9.18, 2.69, -0.03, -4.52, -15.62
5.24, 0.0070, 9.18, 2.66, -0.03, -4.67, -16.17
5.24, 0.0060, 9.18, 2.63, -0.03, -4.89, -16.82
5.25, 0.0060, 9.18, 2.60, -0.03, -5.00, -17.41
5.26, 0.0080, 9.18, 2.56, -0.03, -4.91, -18.01
5.26, 0.0060, 9.18, 2.53, -0.03, -4.72, -18.79
5.27, 0.0060, 9.18, 2.50, -0.03, -4.56, -19.36
5.27, 0.0070, 9.18, 2.47, -0.03, -4.59, -19.91
5.28, 0.0060, 9.18, 2.44, -0.03, -4.75, -20.55
5.29, 0.0060, 9.18, 2.41, -0.03, -4.90, -21.12
5.29, 0.0080, 9.18, 2.38, -0.03, -4.91, -21.71
5.30, 0.0060, 9.18, 2.35, -0.03, -4.77, -22.49
5.31, 0.0060, 9.18, 2.32, -0.03, -4.58, -23.06
5.31, 0.0070, 9.18, 2.29, -0.03, -4.43, -23.61
5.32, 0.0060, 9.18, 2.26, -0.03, -4.44, -24.23
5.33, 0.0070, 9.18, 2.23, -0.03, -4.60, -24.77
5.33, 0.0060, 9.18, 2.20, -0.03, -4.84, -25.41
5.34, 0.0070, 9.18, 2.17, -0.03, -5.06, -25.99
5.35, 0.0070, 9.18, 2.13, -0.03, -5.18, -26.70
5.35, 0.0060, 9.18, 2.10, -0.03, -5.19, -27.42
5.36, 0.0060, 9.18, 2.07, -0.03, -5.15, -28.05
5.36, 0.0070, 9.18, 2.03, -0.03, -5.14, -28.66
5.37, 0.0060, 9.18, 2.00, -0.03, -5.18, -29.38
5.38, 0.0060, 9.18, 1.97, -0.03, -5.26, -30.01
5.39, 0.0080, 9.18, 1.93, -0.03, -5.35, -30.64
5.39, 0.0060, 9.18, 1.89, -0.03, -5.45, -31.49
5.40, 0.0060, 9.18, 1.86, -0.03, -5.58, -32.15
5.40, 0.0070, 9.18, 1.82, -0.03, -5.76, -32.82
5.41, 0.0060, 9.18, 1.78, -0.03, -5.91, -33.62
5.42, 0.0060, 9.18, 1.75, -0.03, -5.96, -34.33
5.42, 0.0080, 9.18, 1.70, -0.03, -5.90, -35.05
5.43, 0.0060, 9.18, 1.67, -0.03, -5.76, -35.99
5.44, 0.0060, 9.18, 1.63, -0.03, -5.61, -36.68
5.44, 0.0070, 9.18, 1.59, -0.03, -5.54, -37.36
5.45, 0.0060, 9.18, 1.56, -0.03, -5.56, -38.13
5.46, 0.0060, 9.18, 1.53, -0.03, -5.65, -38.80
5.46, 0.0070, 9.18, 1.49, -0.03, -5.74, -39.47
5.47, 0.0070, 9.18, 1.45, -0.03, -5.77, -40.28
5.48, 0.0070, 9.18, 1.41, -0.03, -5.73, -41.09
5.48, 0.0060, 9.18, 1.37, -0.03, -5.63, -41.89
5.49, 0.0060, 9.18, 1.34, -0.03, -5.56, -42.56
5.50, 0.0070, 9.18, 1.30, -0.03, -5.53, -43.23
5.50, 0.0060, 9.18, 1.27, -0.03, -5.55, -44.00
5.51, 0.0070, 9.18, 1.23, -0.03, -5.58, -44.67
5.51, 0.0070, 9.18, 1.19, -0.03, -5.57, -45.45
5.52, 0.0060, 9.18, 1.16, -0.03, -5.48, -46.23
5.53, 0.0060, 9.18, 1.12, -0.03, -5.31, -46.89
5.53, 0.0070, 9.18, 1.09, -0.03, -5.10, -47.53
5.54, 0.0060, 9.18, 1.06, -0.03, -4.86, -48.24
5.55, 0.0060, 9.18, 1.03, -0.03, -4.60, -48.82
5.55, 0.0080, 9.18, 1.00, -0.03, -4.30, -49.38
5.56, 0.0060, 9.18, 0.97, -0.03, -4.01, -50.06
5.57, 0.0060, 9.18, 0.95, -0.03, -3.79, -50.54
5.57, 0.0070, 9.18, 0.92, -0.03, -3.70, -51.00
5.58, 0.0060, 9.18, 0.90, -0.03, -3.72, -51.52
5.59, 0.0060, 9.18, 0.88, -0.03, -3.69, -51.96
5.59, 0.0080, 9.18, 0.85, -0.03, -3.48, -52.41
5.60, 0.0060, 9.18, 0.83, -0.03, -3.05, -52.96
5.61, 0.0060, 9.18, 0.82, -0.03, -2.48, -53.33
5.61, 0.0070, 9.18, 0.81, -0.03, -1.92, -53.63
5.62, 0.0060, 9.18, 0.80, -0.03, -1.52, -53.90
5.63, 0.0060, 9.18, 0.79, -0.03, -1.30, -54.08
5.63, 0.0070, 9.18, 0.78, -0.03, -1.21, -54.23
5.64, 0.0070, 9.18, 0.77, -0.03, -1.11, -54.40
5.65, 0.0060, 9.18, 0.77, -0.03, -0.90, -54.56
5.65, 0.0070, 9.18, 0.76, -0.03, -0.53, -54.67
5.66, 0.0060, 9.18, 0.76, -0.03, -0.03, -54.74
5.66, 0.0060, 9.18, 0.77, -0.03, 0.49, -54.74
5.67, 0.0070, 9.18, 0.77, -0.03, 0.94, -54.68
5.68, 0.0060, 9.18, 0.78, -0.03, 1.26, -54.55
5.68, 0.0070, 9.18, 0.79, -0.03, 1.51, -54.40
5.69, 0.0070, 9.18, 0.80, -0.03, 1.73, -54.19
5.70, 0.0060, 9.18, 0.81, -0.03, 1.95, -53.95
5.70, 0.0060, 9.18, 0.83, -0.03, 2.25, -53.71
5.71, 0.0070, 9.18, 0.85, -0.03, 2.63, -53.44
5.72, 0.0060, 9.18, 0.86, -0.03, 3.08, -53.07
5.72, 0.0070, 9.18, 0.89, -0.03, 3.51, -52.71
5.73, 0.0070, 9.18, 0.92, -0.03, 3.92, -52.21
5.74, 0.0060, 9.18, 0.94, -0.03, 4.22, -51.66
5.74, 0.0060, 9.18, 0.97, -0.03, 4.41, -51.16
5.75, 0.0070, 9.18, 1.00, -0.03, 4.49, -50.63
5.75, 0.0060, 9.18, 1.03, -0.03, 4.53, -50.00
5.76, 0.0060, 9.18, 1.06, -0.03, 4.67, -49.46
5.77, 0.0080, 9.18, 1.10, -0.03, 4.99, -48.90
5.77, 0.0060, 9.18, 1.13, -0.03, 5.47, -48.10
5.78, 0.0060, 9.18, 1.16, -0.03, 5.90, -47.44
5.79, 0.0070, 9.18, 1.21, -0.03, 6.14, -46.73
5.79, 0.0060, 9.18, 1.24, -0.03, 6.18, -45.87
5.80, 0.0060, 9.18, 1.28, -0.03, 6.06, -45.13
5.81, 0.0080, 9.18, 1.33, -0.03, 5.93, -44.41
5.81, 0.0060, 9.18, 1.36, -0.03, 5.91, -43.46
5.82, 0.0060, 9.18, 1.40, -0.03, 6.00, -42.75
5.83, 0.0070, 9.18, 1.44, -0.03, 6.25, -42.03
5.83, 0.0060, 9.18, 1.48, -0.03, 6.57, -41.15
5.84, 0.0060, 9.18, 1.52, -0.03, 6.80, -40.36
5.85, 0.0070, 9.18, 1.57, -0.03, 6.88, -39.55
5.85, 0.0070, 9.18, 1.62, -0.03, 6.73, -38.58
5.86, 0.0060, 9.18, 1.66, -0.03, 6.44, -37.64
5.86, 0.0070, 9.18, 1.70, -0.03, 6.13, -36.87
5.87, 0.0060, 9.18, 1.74, -0.03, 5.96, -36.01
5.88, 0.0060, 9.18, 1.77, -0.03, 5.92, -35.30
5.88, 0.0070, 9.18, 1.81, -0.03, 6.03, -34.59
5.89, 0.0070, 9.18, 1.86, -0.03, 6.20, -33.74
5.90, 0.0060, 9.18, 1.89, -0.03, 6.24, -32.87
5.90, 0.0070, 9.18, 1.94, -0.03, 6.07, -32.13
5.91, 0.0060, 9.18, 1.97, -0.03, 5.57, -31.28
5.92, 0.0060, 9.18, 2.00, -0.03, 4.92, -30.61
5.92, 0.0070, 9.18, 2.03, -0.03, 4.27, -30.02
5.93, 0.0060, 9.18, 2.05, -0.03, 3.82, -29.42
5.94, 0.0070, 9.18, 2.08, -0.03, 3.62, -28.96
5.94, 0.0070, 9.18, 2.10, -0.03, 3.59, -28.45
5.95, 0.0060, 9.18, 2.12, -0.03, 3.56, -27.95
5.96, 0.0060, 9.18, 2.14, -0.03, 3.30, -27.52
5.96, 0.0070, 9.18, 2.16, -0.03, 2.77, -27.13
5.97, 0.0060, 9.18, 2.18, -0.03, 2.08, -26.74
5.98, 0.0060, 9.18, 2.18, -0.03, 1.41, -26.49
5.98, 0.0080, 9.18, 2.19, -0.03, 0.82, -26.32
5.99, 0.0060, 9.18, 2.19, -0.03, 0.28, -26.19
6.00, 0.0060, 9.18, 2.19, -0.03, -0.24, -26.16
6.00, 0.0070, 9.18, 2.19, -0.03, -0.74, -26.18
6.01, 0.0060, 9.18, 2.18, -0.03, -1.16, -26.29
6.01, 0.0060, 9.18, 2.17, -0.03, -1.55, -26.43
6.02, 0.0080, 9.18, 2.15, -0.03, -2.04, -26.61
6.03, 0.0060, 9.18, 2.14, -0.03, -2.70, -26.94
6.03, 0.0060, 9.18, 2.12, -0.03, -3.56, -27.26
6.04, 0.0070, 9.18, 2.08, -0.03, -4.49, -27.69
6.05, 0.0060, 9.18, 2.05, -0.03, -5.34, -28.32
6.05, 0.0060, 9.18, 2.02, -0.03, -6.08, -28.96
6.06, 0.0070, 9.18, 1.97, -0.03, -6.69, -29.69
6.07, 0.0070, 9.18, 1.92, -0.03, -7.22, -30.62
6.07, 0.0060, 9.18, 1.87, -0.03, -7.69, -31.63
6.08, 0.0070, 9.18, 1.81, -0.03, -8.17, -32.56
6.09, 0.0060, 9.18, 1.76, -0.03, -8.73, -33.70
6.09, 0.0060, 9.18, 1.71, -0.03, -9.39, -34.75
6.10, 0.0070, 9.18, 1.64, -0.03, -10.14, -35.88
6.11, 0.0070, 9.18, 1.56, -0.03, -10.79, -37.30
6.11, 0.0070, 9.18, 1.48, -0.03, -11.31, -38.81
6.12, 0.0060, 9.18, 1.41, -0.03, -11.73, -40.39
6.13, 0.0060, 9.18, 1.34, -0.03, -12.19, -41.80
6.13, 0.0070, 9.18, 1.25, -0.03, -12.78, -43.26
6.14, 0.0060, 9.18, 1.17, -0.03, -13.47, -45.05
6.15, 0.0060, 9.18, 1.08, -0.03, -14.15, -46.66
6.15, 0.0080, 9.18, 0.96, -0.03, -14.71, -48.36
6.16, 0.0060, 9.18, 0.87, -0.03, -15.08, -50.72
6.16, 0.0070, 9.18, 0.77, -0.03, -15.39, -52.53
6.17, 0.0060, 9.18, 0.67, -0.03, -15.67, -54.68
6.18, 0.0060, 9.18, 0.58, -0.03, -15.90, -56.56
6.18, 0.0070, 9.18, 0.46, -0.03, -16.11, -58.47
6.19, 0.0070, 9.18, 0.35, -0.03, -16.36, -60.73
6.20, 0.0070, 9.18, 0.23, -0.03, -16.76, -63.02
6.20, 0.0060, 9.18, 0.13, -0.03, -17.35, -65.36
6.21, 0.0060, 9.18, 0.02, -0.03, -18.01, -67.44
6.22, 0.0070, 9.18, -0.11, -0.03, -18.54, -69.61
6.22, 0.0060, 9.18, -0.22, -0.03, -18.82, -72.20
6.23, 0.0070, 9.18, -0.35, -0.03, -18.81, -74.46
6.24, 0.0070, 9.18, -0.49, -0.03, -18.67, -77.09
6.24, 0.0060, 9.18, -0.60, -0.03, -18.56, -79.71
6.25, 0.0070, 9.18, -0.73, -0.03, -18.53, -81.94
6.26, 0.0060, 9.18, -0.84, -0.03, -18.58, -84.53
6.26, 0.0060, 9.18, -0.95, -0.03, -18.65, -86.76
6.27, 0.0070, 9.18, -1.08, -0.03, -18.79, -89.00
6.28, 0.0070, 9.18, -1.21, -0.03, -18.95, -91.63
6.28, 0.0070, 9.18, -1.35, -0.03, -19.13, -94.28
6.29, 0.0060, 9.18, -1.46, -0.03, -19.25, -96.96
6.30, 0.0060, 9.18, -1.58, -0.03, -19.18, -99.27
6.30, 0.0070, 9.18, -1.71, -0.03, -18.98, -101.57
6.31, 0.0060, 9.18, -1.82, -0.03, -18.67, -104.23
6.32, 0.0070, 9.18, -1.95, -0.03, -18.33, -106.47
6.32, 0.0070, 9.18, -2.08, -0.03, -18.00, -109.03
6.33, 0.0070, 9.18, -2.20, -0.03, -17.67, -111.55
6.33, 0.0060, 9.18, -2.31, -0.03, -17.35, -114.03
6.34, 0.0060, 9.18, -2.41, -0.03, -17.03, -116.11
6.35, 0.0070, 9.18, -2.52, -0.03, -16.64, -118.15
6.35, 0.0060, 9.18, -2.62, -0.03, -16.19, -120.48
6.36, 0.0080, 9.18, -2.75, -0.03, -15.66, -122.43
6.37, 0.0060, 9.18, -2.84, -0.03, -15.10, -124.93
6.37, 0.0070, 9.18, -2.94, -0.03, -14.56, -126.74
6.38, 0.0060, 9.18, -3.02, -0.03, -13.98, -128.78
6.39, 0.0060, 9.18, -3.10, -0.03, -13.27, -130.46
6.39, 0.0070, 9.18, -3.19, -0.03, -12.36, -132.05
6.40, 0.0060, 9.18, -3.26, -0.03, -11.37, -133.78
6.41, 0.0080, 9.18, -3.34, -0.03, -10.45, -135.15
6.41, 0.0060, 9.18, -3.40, -0.03, -9.70, -136.82
6.42, 0.0070, 9.18, -3.46, -0.03, -9.08, -137.98
6.43, 0.0060, 9.18, -3.51, -0.03, -8.47, -139.25
6.43, 0.0060, 9.18, -3.56, -0.03, -7.75, -140.27
6.44, 0.0070, 9.18, -3.61, -0.03, -6.85, -141.20
6.45, 0.0070, 9.18, -3.65, -0.03, -5.86, -142.16
6.45, 0.0070, 9.18, -3.68, -0.03, -4.88, -142.98
6.46, 0.0060, 9.18, -3.71, -0.03, -4.02, -143.66
6.47, 0.0060, 9.18, -3.73, -0.03, -3.36, -144.14
6.47, 0.0070, 9.18, -3.75, -0.03, -2.82, -144.55
6.48, 0.0060, 9.18, -3.76, -0.03, -2.30, -144.94
6.49, 0.0070, 9.18, -3.77, -0.03, -1.51, -145.22
6.49, 0.0070, 9.18, -3.78, -0.03, -0.51, -145.43
6.50, 0.0060, 9.18, -3.77, -0.03, 0.83, -145.50
6.51, 0.0070, 9.18, -3.75, -0.03, 2.17, -145.40
6.51, 0.0060, 9.18, -3.74, -0.03, 3.27, -145.10
6.52, 0.0060, 9.18, -3.71, -0.03, 3.94, -144.71
6.52, 0.0070, 9.18, -3.68, -0.03, 4.28, -144.23
6.53, 0.0070, 9.18, -3.65, -0.03, 4.56, -143.63
6.54, 0.0070, 9.18, -3.62, -0.03, 4.92, -143.00
6.54, 0.0060, 9.18, -3.58, -0.03, 5.39, -142.31
6.55, 0.0060, 9.18, -3.55, -0.03, 5.99, -141.66
6.56, 0.0070, 9.18, -3.50, -0.03, 6.67, -140.94
6.56, 0.0060, 9.18, -3.46, -0.03, 7.54, -140.01
6.57, 0.0070, 9.18, -3.40, -0.03, 8.53, -139.10
6.58, 0.0070, 9.18, -3.33, -0.03, 9.55, -137.91
6.58, 0.0060, 9.18, -3.27, -0.03, 10.23, -136.57
6.59, 0.0070, 9.18, -3.19, -0.03, 10.33, -135.34
6.60, 0.0060, 9.18, -3.13, -0.03, 10.02, -133.90
6.60, 0.0070, 9.18, -3.07, -0.03, 9.78, -132.70
6.61, 0.0060, 9.18, -3.01, -0.03, 10.00, -131.33
6.62, 0.0080, 9.18, -2.92, -0.03, 10.68, -130.13
6.62, 0.0060, 9.18, -2.85, -0.03, 11.94, -128.42
6.63, 0.0060, 9.18, -2.77, -0.03, 13.25, -126.99
6.64, 0.0070, 9.18, -2.67, -0.03, 14.12, -125.40
6.64, 0.0060, 9.18, -2.59, -0.03, 14.24, -123.42
6.65, 0.0070, 9.18, -2.49, -0.03, 13.90, -121.71
6.66, 0.0060, 9.18, -2.41, -0.03, 13.41, -119.77
6.66, 0.0080, 9.18, -2.30, -0.03, 13.10, -118.16
6.67, 0.0060, 9.18, -2.22, -0.03, 13.02, -116.06
6.68, 0.0070, 9.18, -2.13, -0.03, 13.34, -114.50
6.68, 0.0060, 9.18, -2.05, -0.03, 13.51, -112.63
6.69, 0.0060, 9.18, -1.97, -0.03, 13.94, -111.01
6.70, 0.0070, 9.18, -1.87, -0.03, 13.90, -109.34
6.70, 0.0070, 9.18, -1.77, -0.03, 13.77, -107.39
6.71, 0.0070, 9.18, -1.68, -0.03, 13.69, -105.46
6.72, 0.0060, 9.18, -1.59, -0.03, 13.85, -103.55
6.72, 0.0070, 9.18, -1.50, -0.03, 13.89, -101.88
6.73, 0.0060, 9.18, -1.42, -0.03, 13.12, -99.94
6.74, 0.0070, 9.18, -1.33, -0.03, 11.93, -98.37
6.74, 0.0060, 9.18, -1.27, -0.03, 10.77, -96.70
6.75, 0.0070, 9.18, -1.20, -0.03, 10.14, -95.40
6.76, 0.0070, 9.18, -1.13, -0.03, 9.95, -93.98
6.76, 0.0060, 9.18, -1.07, -0.03, 9.81, -92.59
6.77, 0.0060, 9.18, -1.01, -0.03, 9.40, -91.41
6.77, 0.0070, 9.18, -0.95, -0.03, 8.51, -90.29
6.78, 0.0060, 9.18, -0.91, -0.03, 7.53, -89.10
6.79, 0.0070, 9.18, -0.86, -0.03, 6.82, -88.19
6.79, 0.0070, 9.18, -0.82, -0.03, 6.43, -87.24
6.80, 0.0060, 9.18, -0.78, -0.03, 6.13, -86.34
6.81, 0.0060, 9.18, -0.75, -0.03, 5.57, -85.60
6.81, 0.0070, 9.18, -0.71, -0.03, 4.69, -84.93
6.82, 0.0060, 9.18, -0.69, -0.03, 3.22, -84.28
6.83, 0.0060, 9.18, -0.69, -0.03, 1.52, -83.89
6.83, 0.0080, 9.18, -0.69, -0.03, -0.06, -83.71
6.84, 0.0060, 9.18, -0.69, -0.03, -1.12, -83.72
6.85, 0.0060, 9.18, -0.70, -0.03, -1.83, -83.85
6.85, 0.0070, 9.18, -0.72, -0.03, -2.28, -84.07
6.86, 0.0060, 9.18, -0.74, -0.03, -2.65, -84.39
6.86, 0.0060, 9.18, -0.75, -0.03, -3.09, -84.71
6.87, 0.0070, 9.18, -0.78, -0.03, -3.96, -85.08
6.88, 0.0070, 9.18, -0.82, -0.03, -4.98, -85.63
6.89, 0.0070, 9.18, -0.86, -0.03, -6.56, -86.33
6.89, 0.0060, 9.18, -0.91, -0.03, -8.04, -87.25
6.90, 0.0060, 9.18, -0.97, -0.03, -9.55, -88.21
6.90, 0.0070, 9.18, -1.05, -0.03, -11.02, -89.36
6.91, 0.0060, 9.18, -1.12, -0.03, -12.48, -90.90
6.92, 0.0070, 9.18, -1.22, -0.03, -13.58, -92.40
6.92, 0.0070, 9.18, -1.31, -0.03, -13.82, -94.30
6.93, 0.0060, 9.18, -1.39, -0.03, -13.67, -96.24
6.94, 0.0070, 9.18, -1.49, -0.03, -13.60, -97.88
6.94, 0.0060, 9.18, -1.57, -0.03, -14.19, -99.78
6.95, 0.0060, 9.18, -1.67, -0.03, -15.37, -101.48
6.96, 0.0070, 9.18, -1.79, -0.03, -16.96, -103.33
6.96, 0.0070, 9.18, -1.92, -0.03, -18.57, -105.70
6.97, 0.0070, 9.18, -2.05, -0.03, -19.84, -108.30
6.98, 0.0060, 9.18, -2.18, -0.03, -20.81, -111.08
6.98, 0.0070, 9.18, -2.33, -0.03, -21.44, -113.58
6.99, 0.0060, 9.18, -2.46, -0.03, -21.95, -116.58
7.00, 0.0070, 9.18, -2.62, -0.03, -22.52, -119.21
7.00, 0.0070, 9.18, -2.78, -0.03, -23.22, -122.36
7.01, 0.0060, 9.18, -2.93, -0.03, -24.13, -125.61
7.02, 0.0070, 9.18, -3.10, -0.03, -25.09, -128.51
7.02, 0.0060, 9.18, -3.26, -0.03, -25.98, -132.02
7.03, 0.0070, 9.18, -3.44, -0.03, -26.57, -135.14
7.04, 0.0060, 9.18, -3.60, -0.03, -26.92, -138.86
7.04, 0.0080, 9.18, -3.82, -0.03, -27.16, -142.09
7.05, 0.0060, 9.18, -3.99, -0.03, -27.53, -146.43
7.06, 0.0070, 9.18, -4.18, -0.03, -28.10, -149.74
7.06, 0.0060, 9.18, -4.36, -0.03, -28.74, -153.67
7.07, 0.0060, 9.18, -4.53, -0.03, -29.29, -157.12
7.07, 0.0070, 9.18, -4.74, -0.03, -29.70, -160.64
7.08, 0.0060, 9.18, -4.92, -0.03, -30.00, -164.79
7.09, 0.0080, 9.18, -5.16, -0.03, -30.30, -168.39
7.10, 0.0060, 9.18, -5.35, -0.03, -30.53, -173.24
7.10, 0.0070, 9.18, -5.56, -0.03, -30.66, -176.91
7.11, 0.0060, 9.18, -5.74, -0.03, -30.64, -181.20
7.11, 0.0070, 9.18, -5.96, -0.03, -30.63, -184.88
7.12, 0.0060, 9.18, -6.14, -0.03, -30.79, -189.16
7.13, 0.0060, 9.18, -6.33, -0.03, -31.15, -192.86
7.14, 0.0080, 9.18, -6.58, -0.03, -31.55, -196.60
7.14, 0.0060, 9.18, -6.77, -0.03, -31.74, -201.64
7.15, 0.0070, 9.18, -6.99, -0.03, -31.55, -205.45
7.16, 0.0060, 9.18, -7.18, -0.03, -30.93, -209.87
7.16, 0.0070, 9.18, -7.39, -0.03, -29.98, -213.58
7.17, 0.0060, 9.18, -7.56, -0.03, -29.02, -217.78
7.18, 0.0080, 9.18, -7.79, -0.03, -28.21, -221.26
7.18, 0.0060, 9.18, -7.95, -0.03, -27.61, -225.78
7.19, 0.0060, 9.18, -8.12, -0.03, -27.04, -229.09
7.19, 0.0070, 9.18, -8.30, -0.03, -26.34, -232.33
7.20, 0.0060, 9.18, -8.45, -0.03, -25.46, -236.02
7.21, 0.0070, 9.18, -8.62, -0.03, -24.39, -239.08
7.22, 0.0070, 9.18, -8.79, -0.03, -23.25, -242.49
7.22, 0.0070, 9.18, -8.94, -0.03, -22.10, -245.75
7.23, 0.0060, 9.18, -9.07, -0.03, -21.04, -248.84
7.23, 0.0070, 9.18, -9.21, -0.03, -20.06, -251.37
7.24, 0.0060, 9.18, -9.32, -0.03, -19.09, -254.17
7.25, 0.0060, 9.18, -9.43, -0.03, -18.04, -256.47
7.25, 0.0070, 9.18, -9.55, -0.03, -16.90, -258.63
7.26, 0.0070, 9.18, -9.66, -0.03, -15.63, -261.00
7.27, 0.0070, 9.18, -9.76, -0.03, -14.22, -263.18
7.27, 0.0060, 9.18, -9.83, -0.03, -12.66, -265.18
7.28, 0.0070, 9.18, -9.91, -0.03, -11.00, -266.70
7.29, 0.0060, 9.18, -9.97, -0.03, -9.27, -268.23
7.29, 0.0070, 9.18, -10.02, -0.03, -7.63, -269.35
7.30, 0.0070, 9.18, -10.06, -0.03, -6.14, -270.41
7.31, 0.0060, 9.18, -10.09, -0.03, -4.70, -271.27
7.31, 0.0070, 9.18, -10.11, -0.03, -3.10, -271.84
7.32, 0.0060, 9.18, -10.12, -0.03, -1.15, -272.27
7.33, 0.0070, 9.18, -10.11, -0.03, 1.10, -272.41
7.33, 0.0060, 9.18, -10.09, -0.03, 3.36, -272.26
7.34, 0.0070, 9.18, -10.05, -0.03, 5.41, -271.85
7.35, 0.0070, 9.18, -10.00, -0.03, 7.13, -271.10
7.35, 0.0070, 9.18, -9.94, -0.03, 8.58, -270.10
7.36, 0.0060, 9.18, -9.89, -0.03, 9.90, -268.90
7.37, 0.0060, 9.18, -9.82, -0.03, 11.32, -267.71
7.37, 0.0070, 9.18, -9.73, -0.03, 12.93, -266.35
7.38, 0.0060, 9.18, -9.64, -0.03, 14.61, -264.54
7.39, 0.0080, 9.18, -9.51, -0.03, 16.18, -262.79
7.39, 0.0060, 9.18, -9.40, -0.03, 17.52, -260.20
7.40, 0.0060, 9.18, -9.29, -0.03, 18.74, -258.09
7.41, 0.0070, 9.18, -9.15, -0.03, 20.05, -255.85
7.41, 0.0060, 9.18, -9.02, -0.03, 21.57, -253.04
7.42, 0.0070, 9.18, -8.86, -0.03, 23.31, -250.45
7.43, 0.0060, 9.18, -8.71, -0.03, 25.22, -247.19
7.43, 0.0080, 9.18, -8.49, -0.03, 27.13, -244.16
7.44, 0.0060, 9.18, -8.32, -0.03, 28.92, -239.82
7.45, 0.0070, 9.18, -8.10, -0.03, 30.59, -236.35
7.45, 0.0060, 9.18, -7.91, -0.03, 32.22, -232.07
7.46, 0.0070, 9.18, -7.67, -0.03, 33.88, -228.20
7.46, 0.0060, 9.18, -7.46, -0.03, 35.55, -223.46
7.47, 0.0070, 9.18, -7.20, -0.03, 37.29, -219.19
7.48, 0.0070, 9.18, -6.93, -0.03, 39.02, -213.97
7.49, 0.0060, 9.18, -6.68, -0.03, 40.74, -208.51
7.49, 0.0070, 9.18, -6.38, -0.03, 42.54, -203.62
7.50, 0.0060, 9.18, -6.12, -0.03, 44.49, -197.66
7.50, 0.0070, 9.18, -5.79, -0.03, 46.59, -192.32
7.51, 0.0060, 9.18, -5.50, -0.03, 48.70, -185.80
7.52, 0.0080, 9.18, -5.09, -0.03, 50.62, -179.96
7.52, 0.0060, 9.18, -4.78, -0.03, 52.38, -171.86
7.53, 0.0060, 9.18, -4.45, -0.03, 54.08, -165.57
7.54, 0.0070, 9.18, -4.06, -0.03, 55.79, -159.08
7.54, 0.0060, 9.18, -3.72, -0.03, 57.51, -151.27
7.55, 0.0070, 9.18, -3.30, -0.03, 59.25, -144.37
7.56, 0.0070, 9.18, -2.88, -0.03, 61.00, -136.08
7.56, 0.0070, 9.18, -2.44, -0.03, 62.84, -127.54
7.57, 0.0060, 9.18, -2.05, -0.03, 64.77, -118.74
7.58, 0.0070, 9.18, -1.58, -0.03, 66.80, -110.97
7.58, 0.0060, 9.18, -1.17, -0.03, 68.88, -101.61
7.59, 0.0060, 9.18, -0.74, -0.03, 71.00, -93.35
7.60, 0.0070, 9.18, -0.23, -0.03, 73.08, -84.83
7.60, 0.0070, 9.18, 0.29, -0.03, 74.95, -74.60
7.61, 0.0070, 9.18, 0.83, -0.03, 76.55, -64.10
7.62, 0.0060, 9.18, 1.30, -0.03, 77.87, -53.39
7.62, 0.0060, 9.18, 1.77, -0.03, 78.94, -44.04
7.63, 0.0070, 9.18, 2.33, -0.03, 79.90, -34.57
7.64, 0.0060, 9.18, 2.82, -0.03, 80.85, -23.39
7.64, 0.0070, 9.18, 3.39, -0.03, 81.79, -13.68
7.65, 0.0070, 9.18, 3.97, -0.03, 82.67, -2.23
7.66, 0.0060, 9.18, 4.47, -0.03, 83.40, 9.34
7.66, 0.0070, 9.18, 5.05, -0.03, 83.84, 19.35
7.67, 0.0060, 9.18, 5.56, -0.03, 83.85, 31.09
7.68, 0.0060, 9.18, 6.06, -0.03, 83.52, 41.15
7.68, 0.0070, 9.18, 6.64, -0.03, 82.88, 51.17
7.69, 0.0070, 9.18, 7.21, -0.03, 81.96, 62.78
7.70, 0.0060, 9.18, 7.70, -0.03, 80.72, 74.25
7.70, 0.0070, 9.18, 8.25, -0.03, 79.16, 83.94
7.71, 0.0060, 9.18, 8.72, -0.03, 77.46, 95.02
7.71, 0.0070, 9.18, 9.25, -0.03, 75.76, 104.31
7.72, 0.0060, 9.18, 9.69, -0.03, 74.05, 114.92
7.73, 0.0070, 9.18, 10.20, -0.03, 72.12, 123.81
7.73, 0.0070, 9.18, 10.68, -0.03, 69.79, 133.90
7.74, 0.0060, 9.18, 11.09, -0.03, 67.16, 143.67
7.75, 0.0070, 9.18, 11.54, -0.03, 64.25, 151.73
7.75, 0.0060, 9.18, 11.90, -0.03, 61.27, 160.73
7.76, 0.0070, 9.18, 12.31, -0.03, 58.24, 168.08
7.77, 0.0060, 9.18, 12.64, -0.03, 55.16, 176.23
7.77, 0.0080, 9.18, 13.06, -0.03, 52.00, 182.85
7.78, 0.0060, 9.18, 13.35, -0.03, 48.72, 191.17
7.79, 0.0070, 9.18, 13.67, -0.03, 45.29, 197.02
7.79, 0.0060, 9.18, 13.92, -0.03, 41.76, 203.36
7.80, 0.0070, 9.18, 14.19, -0.03, 38.14, 208.37
7.81, 0.0060, 9.18, 14.39, -0.03, 34.46, 213.71
7.81, 0.0080, 9.18, 14.64, -0.03, 30.77, 217.85
7.82, 0.0060, 9.18, 14.80, -0.03, 27.15, 222.77
7.83, 0.0060, 9.18, 14.94, -0.03, 23.61, 226.03
7.83, 0.0070, 9.18, 15.08, -0.03, 20.14, 228.86
7.84, 0.0060, 9.18, 15.18, -0.03, 16.69, 231.68
7.85, 0.0070, 9.18, 15.28, -0.03, 13.22, 233.68
7.85, 0.0060, 9.18, 15.34, -0.03, 9.74, 235.53
7.86, 0.0080, 9.18, 15.39, -0.03, 6.34, 236.70
7.87, 0.0060, 9.18, 15.40, -0.03, 3.10, 237.72
7.87, 0.0070, 9.18, 15.40, -0.03, 0.00, 238.09
7.88, 0.0060, 9.18, 15.39, -0.03, -2.89, 238.09
7.89, 0.0060, 9.18, 15.35, -0.03, -5.57, 237.74
7.89, 0.0070, 9.18, 15.30, -0.03, -7.99, 237.08
7.90, 0.0070, 9.18, 15.23, -0.03, -10.16, 235.96
7.91, 0.0070, 9.18, 15.14, -0.03, -12.19, 234.53
7.91, 0.0060, 9.18, 15.06, -0.03, -14.16, 232.83
7.92, 0.0070, 9.18, 14.94, -0.03, -16.14, 231.13
7.93, 0.0060, 9.18, 14.84, -0.03, -18.00, 228.87
7.93, 0.0070, 9.18, 14.70, -0.03, -19.59, 226.71
7.94, 0.0070, 9.18, 14.55, -0.03, -20.92, 223.96
7.95, 0.0070, 9.18, 14.40, -0.03, -22.02, 221.04
7.95, 0.0060, 9.18, 14.26, -0.03, -23.01, 217.95
7.96, 0.0070, 9.18, 14.09, -0.03, -24.01, 215.19
7.97, 0.0060, 9.18, 13.94, -0.03, -25.01, 211.83
7.97, 0.0070, 9.18, 13.76, -0.03, -25.90, 208.83
7.98, 0.0060, 9.18, 13.60, -0.03, -26.66, 205.20
7.99, 0.0080, 9.18, 13.38, -0.03, -27.27, 202.00
7.99, 0.0060, 9.18, 13.21, -0.03, -27.84, 197.64
8.00, 0.0070, 9.18, 13.02, -0.03, -28.33, 194.30
8.01, 0.0060, 9.18, 12.84, -0.03, -28.74, 190.33
8.01, 0.0070, 9.18, 12.64, -0.03, -29.04, 186.88
8.02, 0.0060, 9.18, 12.47, -0.03, -29.23, 182.82
8.03, 0.0080, 9.18, 12.23, -0.03, -29.30, 179.31
8.03, 0.0060, 9.18, 12.06, -0.03, -29.25, 174.62
8.04, 0.0060, 9.18, 11.88, -0.03, -29.07, 171.11
8.05, 0.0070, 9.18, 11.68, -0.03, -28.80, 167.63
8.05, 0.0060, 9.18, 11.51, -0.03, -28.51, 163.59
8.06, 0.0070, 9.18, 11.31, -0.03, -28.19, 160.17
8.07, 0.0060, 9.18, 11.14, -0.03, -27.83, 156.23
8.07, 0.0080, 9.18, 10.93, -0.03, -27.40, 152.89
8.08, 0.0060, 9.18, 10.76, -0.03, -26.86, 148.50
8.09, 0.0070, 9.18, 10.58, -0.03, -26.26, 145.28
8.09, 0.0060, 9.18, 10.43, -0.03, -25.59, 141.60
8.10, 0.0070, 9.18, 10.25, -0.03, -24.95, 138.53
8.10, 0.0060, 9.18, 10.11, -0.03, -24.35, 135.04
8.11, 0.0080, 9.18, 9.92, -0.03, -23.75, 132.12
8.12, 0.0060, 9.18, 9.78, -0.03, -23.07, 128.31
8.13, 0.0070, 9.18, 9.62, -0.03, -22.28, 125.55
8.13, 0.0060, 9.18, 9.49, -0.03, -21.42, 122.43
8.14, 0.0070, 9.18, 9.35, -0.03, -20.51, 119.86
8.14, 0.0060, 9.18, 9.23, -0.03, -19.59, 116.99
8.15, 0.0060, 9.18, 9.12, -0.03, -18.73, 114.63
8.16, 0.0080, 9.18, 8.98, -0.03, -17.90, 112.39
8.17, 0.0060, 9.18, 8.87, -0.03, -17.12, 109.52
8.17, 0.0070, 9.18, 8.76, -0.03, -16.36, 107.47
8.18, 0.0060, 9.18, 8.67, -0.03, -15.53, 105.18
8.18, 0.0070, 9.18, 8.56, -0.03, -14.57, 103.31
8.19, 0.0060, 9.18, 8.48, -0.03, -13.42, 101.27
8.20, 0.0070, 9.18, 8.40, -0.03, -12.18, 99.66
8.20, 0.0070, 9.18, 8.32, -0.03, -10.96, 97.96
8.21, 0.0060, 9.18, 8.26, -0.03, -9.84, 96.42
8.22, 0.0070, 9.18, 8.20, -0.03, -8.86, 95.24
8.22, 0.0060, 9.18, 8.15, -0.03, -7.95, 94.00
8.23, 0.0060, 9.18, 8.11, -0.03, -7.03, 93.05
8.24, 0.0070, 9.18, 8.07, -0.03, -6.03, 92.20
8.24, 0.0070, 9.18, 8.03, -0.03, -4.94, 91.36
8.25, 0.0060, 9.18, 8.01, -0.03, -3.72, 90.67
8.26, 0.0070, 9.18, 7.99, -0.03, -2.50, 90.22
8.26, 0.0060, 9.18, 7.99, -0.03, -1.28, 89.87
8.27, 0.0060, 9.18, 7.99, -0.03, -0.13, 89.72
8.27, 0.0060, 9.18, 7.99, -0.03, 0.96, 89.70
