3.60, 3.5920, 8.70, 8.69, -0.04, -0.00, 0.00
3.60, 0.0060, 8.70, 8.69, -0.04, -0.00, 103.86
3.61, 0.0060, 8.70, 8.69, -0.04, 0.00, 103.86
3.61, 0.0070, 8.70, 8.69, -0.04, 0.00, 103.87
3.62, 0.0060, 8.70, 8.69, -0.04, 0.00, 103.87
3.63, 0.0060, 8.70, 8.69, -0.04, 0.01, 103.87
3.63, 0.0080, 8.70, 8.69, -0.04, 0.04, 103.90
3.64, 0.0060, 8.70, 8.69, -0.04, 0.05, 104.01
3.65, 0.0060, 8.70, 8.69, -0.04, -0.09, 104.08
3.65, 0.0070, 8.70, 8.69, -0.04, -0.54, 103.51
3.66, 0.0060, 8.70, 8.68, -0.04, -1.44, 101.62
3.67, 0.0060, 8.70, 8.66, -0.04, -2.67, 97.86
3.67, 0.0080, 8.70, 8.63, -0.04, -4.10, 92.64
3.68, 0.0060, 8.70, 8.60, -0.04, -5.47, 86.25
3.69, 0.0060, 8.70, 8.56, -0.04, -6.60, 80.10
3.69, 0.0060, 8.70, 8.52, -0.04, -7.30, 74.78
3.70, 0.0070, 8.70, 8.46, -0.04, -7.65, 71.11
3.70, 0.0060, 8.70, 8.42, -0.04, -7.77, 68.66
3.71, 0.0060, 8.70, 8.37, -0.04, -7.92, 67.23
3.72, 0.0080, 8.70, 8.30, -0.04, -8.59, 65.67
3.72, 0.0060, 8.70, 8.24, -0.04, -9.85, 61.64
3.73, 0.0060, 8.70, 8.17, -0.04, -11.40, 55.42
3.74, 0.0070, 8.70, 8.08, -0.04, -12.95, 47.83
3.74, 0.0060, 8.70, 8.00, -0.04, -14.27, 39.82
3.75, 0.0060, 8.70, 7.90, -0.04, -15.43, 32.81
3.76, 0.0070, 8.70, 7.79, -0.04, -16.40, 26.33
3.76, 0.0070, 8.70, 7.67, -0.04, -17.23, 20.15
3.77, 0.0070, 8.70, 7.54, -0.04, -17.90, 14.43
3.78, 0.0060, 8.70, 7.43, -0.04, -18.41, 9.25
3.78, 0.0060, 8.70, 7.32, -0.04, -18.95, 5.00
3.79, 0.0070, 8.70, 7.18, -0.04, -19.64, 0.55
3.80, 0.0060, 8.70, 7.06, -0.04, -20.49, -4.93
3.80, 0.0070, 8.70, 6.91, -0.04, -21.26, -10.78
3.81, 0.0070, 8.70, 6.76, -0.04, -21.70, -16.88
3.82, 0.0060, 8.70, 6.63, -0.04, -21.70, -21.66
3.82, 0.0070, 8.70, 6.48, -0.04, -21.47, -24.27
3.83, 0.0060, 8.70, 6.35, -0.04, -21.46, -26.34
3.84, 0.0060, 8.70, 6.22, -0.04, -21.88, -28.90
3.84, 0.0070, 8.70, 6.06, -0.04, -22.32, -33.17
3.85, 0.0070, 8.70, 5.90, -0.04, -22.36, -38.08
3.86, 0.0070, 8.70, 5.75, -0.04, -21.70, -41.37
3.86, 0.0060, 8.70, 5.63, -0.04, -20.34, -41.78
3.87, 0.0060, 8.70, 5.52, -0.04, -18.40, -38.75
3.87, 0.0070, 8.70, 5.41, -0.04, -16.29, -33.21
3.88, 0.0060, 8.70, 5.32, -0.04, -14.34, -27.04
3.89, 0.0080, 8.70, 5.22, -0.04, -12.97, -20.98
3.89, 0.0060, 8.70, 5.14, -0.04, -12.25, -17.57
3.90, 0.0060, 8.70, 5.07, -0.04, -11.93, -16.18
3.91, 0.0070, 8.70, 4.99, -0.04, -11.56, -16.30
3.91, 0.0060, 8.70, 4.93, -0.04, -10.54, -16.44
3.92, 0.0070, 8.70, 4.87, -0.04, -8.76, -13.63
3.93, 0.0060, 8.70, 4.83, -0.04, -6.65, -7.76
3.93, 0.0070, 8.70, 4.79, -0.04, -4.57, -0.08
3.94, 0.0060, 8.70, 4.78, -0.04, -2.73, 7.59
3.95, 0.0070, 8.70, 4.77, -0.04, -1.09, 14.63
3.95, 0.0060, 8.70, 4.77, -0.04, 0.23, 21.00
3.96, 0.0060, 8.70, 4.78, -0.04, 1.81, 26.34
3.97, 0.0070, 8.70, 4.80, -0.04, 3.03, 32.86
3.97, 0.0070, 8.70, 4.82, -0.04, 3.08, 38.17
3.98, 0.0060, 8.70, 4.84, -0.04, 2.32, 38.81
3.98, 0.0070, 8.70, 4.85, -0.04, 1.55, 36.04
3.99, 0.0060, 8.70, 4.86, -0.04, 1.48, 33.18
4.00, 0.0060, 8.70, 4.87, -0.04, 2.00, 33.09
4.00, 0.0070, 8.70, 4.89, -0.04, 2.77, 35.40
4.01, 0.0060, 8.70, 4.91, -0.04, 3.40, 38.86
4.02, 0.0070, 8.70, 4.94, -0.04, 3.88, 41.81
4.02, 0.0070, 8.70, 4.97, -0.04, 4.37, 44.27
4.03, 0.0060, 8.70, 5.00, -0.04, 4.83, 46.82
4.04, 0.0060, 8.70, 5.03, -0.04, 4.87, 49.25
4.04, 0.0070, 8.70, 5.06, -0.04, 4.47, 49.98
4.05, 0.0060, 8.70, 5.08, -0.04, 3.73, 49.00
4.06, 0.0060, 8.70, 5.10, -0.04, 2.77, 46.51
4.06, 0.0080, 8.70, 5.11, -0.04, 1.76, 43.00
4.07, 0.0060, 8.70, 5.11, -0.04, 0.82, 39.23
4.07, 0.0060, 8.70, 5.12, -0.04, 0.11, 35.59
4.08, 0.0060, 8.70, 5.11, -0.04, -0.38, 32.75
4.09, 0.0070, 8.70, 5.11, -0.04, -0.76, 30.76
4.09, 0.0060, 8.70, 5.10, -0.04, -1.30, 29.12
4.10, 0.0070, 8.70, 5.09, -0.04, -2.14, 26.82
4.11, 0.0070, 8.70, 5.06, -0.04, -3.22, 23.16
4.11, 0.0060, 8.70, 5.04, -0.04, -4.39, 18.36
4.12, 0.0060, 8.70, 5.00, -0.04, -5.44, 13.18
4.13, 0.0070, 8.70, 4.96, -0.04, -6.36, 8.33
4.13, 0.0060, 8.70, 4.92, -0.04, -7.27, 3.73
4.14, 0.0060, 8.70, 4.87, -0.04, -8.13, -0.78
4.15, 0.0080, 8.70, 4.80, -0.04, -8.80, -5.20
4.15, 0.0060, 8.70, 4.74, -0.04, -9.69, -9.29
4.16, 0.0060, 8.70, 4.68, -0.04, -10.21, -14.01
4.17, 0.0070, 8.70, 4.61, -0.04, -9.66, -17.29
4.17, 0.0060, 8.70, 4.56, -0.04, -8.44, -16.45
4.18, 0.0060, 8.70, 4.51, -0.04, -7.35, -12.58
4.19, 0.0080, 8.70, 4.46, -0.04, -6.90, -9.10
4.19, 0.0060, 8.70, 4.42, -0.04, -7.02, -8.43
4.20, 0.0060, 8.70, 4.37, -0.04, -7.51, -9.73
4.21, 0.0060, 8.70, 4.32, -0.04, -8.01, -12.61
4.21, 0.0070, 8.70, 4.27, -0.04, -8.40, -15.55
4.22, 0.0060, 8.70, 4.21, -0.04, -8.57, -18.31
4.23, 0.0070, 8.70, 4.15, -0.04, -8.41, -20.00
4.23, 0.0070, 8.70, 4.10, -0.04, -7.85, -20.55
4.24, 0.0060, 8.70, 4.06, -0.04, -7.04, -19.40
4.24, 0.0070, 8.70, 4.01, -0.04, -6.16, -17.00
4.25, 0.0060, 8.70, 3.98, -0.04, -5.39, -14.34
4.26, 0.0060, 8.70, 3.95, -0.04, -4.91, -11.93
4.26, 0.0070, 8.70, 3.92, -0.04, -4.73, -10.59
4.27, 0.0070, 8.70, 3.89, -0.04, -4.82, -10.51
4.28, 0.0060, 8.70, 3.86, -0.04, -4.97, -11.56
4.28, 0.0070, 8.70, 3.82, -0.04, -4.91, -12.76
4.29, 0.0060, 8.70, 3.79, -0.04, -4.53, -13.20
4.30, 0.0060, 8.70, 3.77, -0.04, -3.91, -12.23
4.30, 0.0070, 8.70, 3.75, -0.04, -3.23, -10.20
4.31, 0.0060, 8.70, 3.73, -0.04, -2.68, -7.95
4.32, 0.0070, 8.70, 3.72, -0.04, -2.32, -6.08
4.32, 0.0070, 8.70, 3.70, -0.04, -2.07, -4.97
4.33, 0.0060, 8.70, 3.69, -0.04, -1.83, -4.25
4.34, 0.0060, 8.70, 3.68, -0.04, -1.57, -3.50
4.34, 0.0060, 8.70, 3.67, -0.04, -1.34, -2.64
4.35, 0.0070, 8.70, 3.66, -0.04, -1.25, -1.91
4.35, 0.0060, 8.70, 3.66, -0.04, -1.32, -1.72
4.36, 0.0070, 8.70, 3.65, -0.04, -1.44, -2.14
4.37, 0.0070, 8.70, 3.64, -0.04, -1.40, -2.82
4.37, 0.0060, 8.70, 3.63, -0.04, -1.12, -2.86
4.38, 0.0060, 8.70, 3.63, -0.04, -0.76, -1.87
4.39, 0.0060, 8.70, 3.62, -0.04, -0.52, -0.54
4.39, 0.0070, 8.70, 3.62, -0.04, -0.49, 0.37
4.40, 0.0070, 8.70, 3.61, -0.04, -0.75, 0.42
4.41, 0.0060, 8.70, 3.61, -0.04, -1.18, -0.74
4.41, 0.0070, 8.70, 3.60, -0.04, -1.62, -2.60
4.42, 0.0060, 8.70, 3.58, -0.04, -1.91, -4.58
4.43, 0.0060, 8.70, 3.57, -0.04, -1.99, -5.96
4.43, 0.0060, 8.70, 3.56, -0.04, -1.97, -6.51
4.44, 0.0070, 8.70, 3.55, -0.04, -1.98, -6.70
4.44, 0.0070, 8.70, 3.53, -0.04, -2.04, -6.99
4.45, 0.0060, 8.70, 3.52, -0.04, -2.14, -7.51
4.46, 0.0070, 8.70, 3.50, -0.04, -2.26, -8.19
4.46, 0.0060, 8.70, 3.49, -0.04, -2.40, -8.99
4.47, 0.0060, 8.70, 3.47, -0.04, -2.56, -9.83
4.48, 0.0070, 8.70, 3.45, -0.04, -2.72, -10.75
4.48, 0.0070, 8.70, 3.43, -0.04, -2.88, -11.81
4.49, 0.0060, 8.70, 3.42, -0.04, -2.99, -12.83
4.50, 0.0070, 8.70, 3.40, -0.04, -3.04, -13.63
4.50, 0.0060, 8.70, 3.38, -0.04, -3.06, -14.27
4.51, 0.0060, 8.70, 3.36, -0.04, -3.08, -14.72
4.51, 0.0070, 8.70, 3.34, -0.04, -3.09, -15.14
4.52, 0.0060, 8.70, 3.32, -0.04, -3.11, -15.63
4.53, 0.0080, 8.70, 3.29, -0.04, -3.15, -16.10
4.53, 0.0060, 8.70, 3.27, -0.04, -3.21, -16.74
4.54, 0.0060, 8.70, 3.25, -0.04, -3.30, -17.37
4.55, 0.0070, 8.70, 3.23, -0.04, -3.41, -18.13
4.55, 0.0060, 8.70, 3.21, -0.04, -3.54, -19.06
4.56, 0.0060, 8.70, 3.19, -0.04, -3.65, -19.97
4.57, 0.0070, 8.70, 3.16, -0.04, -3.74, -20.87
4.57, 0.0070, 8.70, 3.13, -0.04, -3.82, -21.77
4.58, 0.0060, 8.70, 3.11, -0.04, -3.87, -22.60
4.59, 0.0070, 8.70, 3.08, -0.04, -3.89, -23.28
4.59, 0.0060, 8.70, 3.06, -0.04, -3.86, -23.91
4.60, 0.0060, 8.70, 3.04, -0.04, -3.74, -24.24
4.61, 0.0070, 8.70, 3.01, -0.04, -3.60, -24.21
4.61, 0.0070, 8.70, 2.99, -0.04, -3.54, -24.15
4.62, 0.0060, 8.70, 2.97, -0.04, -3.62, -24.42
4.63, 0.0070, 8.70, 2.94, -0.04, -3.84, -25.18
4.63, 0.0060, 8.70, 2.91, -0.04, -4.07, -26.57
4.64, 0.0060, 8.70, 2.89, -0.04, -4.22, -27.97
4.65, 0.0070, 8.70, 2.86, -0.04, -4.25, -29.08
4.65, 0.0060, 8.70, 2.83, -0.04, -4.19, -29.81
4.66, 0.0080, 8.70, 2.80, -0.04, -4.08, -30.05
4.67, 0.0060, 8.70, 2.78, -0.04, -3.99, -30.29
4.67, 0.0060, 8.70, 2.75, -0.04, -3.92, -30.41
4.68, 0.0070, 8.70, 2.73, -0.04, -3.86, -30.60
4.68, 0.0060, 8.70, 2.70, -0.04, -3.78, -30.88
4.69, 0.0060, 8.70, 2.68, -0.04, -3.67, -31.01
4.70, 0.0080, 8.70, 2.65, -0.04, -3.55, -31.02
4.70, 0.0060, 8.70, 2.63, -0.04, -3.44, -31.11
4.71, 0.0060, 8.70, 2.61, -0.04, -3.35, -31.07
4.72, 0.0070, 8.70, 2.59, -0.04, -3.31, -31.14
4.72, 0.0060, 8.70, 2.57, -0.04, -3.29, -31.43
4.73, 0.0060, 8.70, 2.55, -0.04, -3.27, -31.77
4.74, 0.0070, 8.70, 2.53, -0.04, -3.20, -32.07
4.74, 0.0070, 8.70, 2.51, -0.04, -3.01, -32.21
4.75, 0.0070, 8.70, 2.49, -0.04, -2.75, -31.91
4.76, 0.0060, 8.70, 2.47, -0.04, -2.44, -31.23
4.76, 0.0060, 8.70, 2.46, -0.04, -2.15, -30.27
4.77, 0.0070, 8.70, 2.45, -0.04, -1.92, -29.36
4.78, 0.0060, 8.70, 2.44, -0.04, -1.72, -28.73
4.78, 0.0070, 8.70, 2.43, -0.04, -1.52, -28.14
4.79, 0.0070, 8.70, 2.42, -0.04, -1.37, -27.57
4.80, 0.0060, 8.70, 2.41, -0.04, -1.32, -27.13
4.80, 0.0060, 8.70, 2.40, -0.04, -1.35, -27.08
4.81, 0.0070, 8.70, 2.39, -0.04, -1.39, -27.40
4.81, 0.0060, 8.70, 2.38, -0.04, -1.32, -27.73
4.82, 0.0060, 8.70, 2.38, -0.04, -1.12, -27.61
4.83, 0.0080, 8.70, 2.37, -0.04, -0.85, -26.94
4.83, 0.0060, 8.70, 2.37, -0.04, -0.59, -26.00
4.84, 0.0060, 8.70, 2.36, -0.04, -0.36, -25.03
4.85, 0.0070, 8.70, 2.36, -0.04, -0.18, -24.15
4.85, 0.0060, 8.70, 2.36, -0.04, -0.07, -23.48
4.86, 0.0060, 8.70, 2.36, -0.04, -0.01, -23.02
4.87, 0.0080, 8.70, 2.36, -0.04, -0.03, -22.79
4.87, 0.0060, 8.70, 2.36, -0.04, -0.12, -22.89
4.88, 0.0060, 8.70, 2.36, -0.04, -0.26, -23.25
4.89, 0.0070, 8.70, 2.36, -0.04, -0.41, -23.84
4.89, 0.0060, 8.70, 2.35, -0.04, -0.52, -24.51
4.90, 0.0060, 8.70, 2.35, -0.04, -0.56, -25.01
4.91, 0.0070, 8.70, 2.35, -0.04, -0.52, -25.22
4.91, 0.0070, 8.70, 2.34, -0.04, -0.44, -25.14
4.92, 0.0060, 8.70, 2.34, -0.04, -0.39, -24.88
4.93, 0.0070, 8.70, 2.34, -0.04, -0.42, -24.72
4.93, 0.0060, 8.70, 2.33, -0.04, -0.58, -24.91
4.94, 0.0060, 8.70, 2.33, -0.04, -0.88, -25.61
4.94, 0.0070, 8.70, 2.32, -0.04, -1.27, -26.92
4.95, 0.0060, 8.70, 2.31, -0.04, -1.66, -28.65
4.96, 0.0070, 8.70, 2.30, -0.04, -1.98, -30.43
4.96, 0.0070, 8.70, 2.28, -0.04, -2.16, -31.99
4.97, 0.0060, 8.70, 2.27, -0.04, -2.28, -33.02
4.98, 0.0060, 8.70, 2.25, -0.04, -2.42, -33.76
4.98, 0.0070, 8.70, 2.24, -0.04, -2.63, -34.61
4.99, 0.0060, 8.70, 2.22, -0.04, -2.89, -35.81
5.00, 0.0080, 8.70, 2.19, -0.04, -3.15, -37.21
5.00, 0.0060, 8.70, 2.17, -0.04, -3.35, -38.75
5.01, 0.0060, 8.70, 2.15, -0.04, -3.50, -39.96
5.02, 0.0070, 8.70, 2.13, -0.04, -3.60, -40.98
5.02, 0.0060, 8.70, 2.10, -0.04, -3.69, -41.89
5.03, 0.0060, 8.70, 2.08, -0.04, -3.80, -42.69
5.04, 0.0070, 8.70, 2.05, -0.04, -3.97, -43.58
5.04, 0.0070, 8.70, 2.02, -0.04, -4.18, -44.81
5.05, 0.0060, 8.70, 2.00, -0.04, -4.37, -46.24
5.05, 0.0070, 8.70, 1.97, -0.04, -4.46, -47.51
5.06, 0.0060, 8.70, 1.94, -0.04, -4.43, -48.52
5.07, 0.0060, 8.70, 1.91, -0.04, -4.31, -48.93
5.07, 0.0070, 8.70, 1.89, -0.04, -4.15, -48.95
5.08, 0.0070, 8.70, 1.86, -0.04, -4.02, -48.89
5.09, 0.0060, 8.70, 1.83, -0.04, -3.94, -48.93
5.09, 0.0070, 8.70, 1.81, -0.04, -3.90, -49.10
5.10, 0.0060, 8.70, 1.78, -0.04, -3.85, -49.47
5.11, 0.0060, 8.70, 1.76, -0.04, -3.76, -49.75
5.11, 0.0070, 8.70, 1.74, -0.04, -3.61, -49.84
5.12, 0.0060, 8.70, 1.72, -0.04, -3.38, -49.72
5.13, 0.0070, 8.70, 1.69, -0.04, -3.05, -49.20
5.13, 0.0070, 8.70, 1.68, -0.04, -2.66, -48.34
5.14, 0.0060, 8.70, 1.66, -0.04, -2.24, -47.16
5.15, 0.0070, 8.70, 1.65, -0.04, -1.88, -45.74
5.15, 0.0060, 8.70, 1.64, -0.04, -1.61, -44.53
5.16, 0.0060, 8.70, 1.63, -0.04, -1.43, -43.67
5.17, 0.0080, 8.70, 1.62, -0.04, -1.24, -43.13
5.17, 0.0060, 8.70, 1.61, -0.04, -0.97, -42.54
5.18, 0.0060, 8.70, 1.61, -0.04, -0.66, -41.60
5.19, 0.0070, 8.70, 1.61, -0.04, -0.32, -40.42
5.19, 0.0060, 8.70, 1.61, -0.04, -0.05, -39.13
5.20, 0.0060, 8.70, 1.61, -0.04, 0.15, -38.04
5.20, 0.0070, 8.70, 1.61, -0.04, 0.30, -37.20
5.21, 0.0070, 8.70, 1.61, -0.04, 0.41, -36.59
5.22, 0.0060, 8.70, 1.62, -0.04, 0.54, -36.10
5.22, 0.0070, 8.70, 1.62, -0.04, 0.73, -35.49
5.23, 0.0060, 8.70, 1.63, -0.04, 0.97, -34.65
5.24, 0.0060, 8.70, 1.64, -0.04, 1.23, -33.55
5.24, 0.0070, 8.70, 1.65, -0.04, 1.42, -32.37
5.25, 0.0060, 8.70, 1.65, -0.04, 1.45, -31.40
5.26, 0.0070, 8.70, 1.66, -0.04, 1.30, -31.13
5.26, 0.0070, 8.70, 1.67, -0.04, 1.04, -31.53
5.27, 0.0060, 8.70, 1.67, -0.04, 0.76, -32.45
5.28, 0.0060, 8.70, 1.68, -0.04, 0.58, -33.44
5.28, 0.0070, 8.70, 1.68, -0.04, 0.47, -34.12
5.29, 0.0060, 8.70, 1.68, -0.04, 0.41, -34.49
5.30, 0.0070, 8.70, 1.69, -0.04, 0.32, -34.69
5.30, 0.0070, 8.70, 1.69, -0.04, 0.18, -34.99
5.31, 0.0060, 8.70, 1.69, -0.04, -0.03, -35.54
5.32, 0.0060, 8.70, 1.69, -0.04, -0.33, -36.37
5.32, 0.0070, 8.70, 1.68, -0.04, -0.73, -37.60
5.33, 0.0060, 8.70, 1.67, -0.04, -1.24, -39.29
5.34, 0.0060, 8.70, 1.66, -0.04, -1.82, -41.51
5.34, 0.0080, 8.70, 1.64, -0.04, -2.33, -44.04
5.35, 0.0060, 8.70, 1.63, -0.04, -2.65, -46.46
5.35, 0.0060, 8.70, 1.61, -0.04, -2.82, -48.05
5.36, 0.0070, 8.70, 1.59, -0.04, -2.98, -49.05
5.37, 0.0060, 8.70, 1.57, -0.04, -3.31, -50.14
5.37, 0.0060, 8.70, 1.55, -0.04, -3.83, -51.86
5.38, 0.0080, 8.70, 1.51, -0.04, -4.38, -54.38
5.39, 0.0060, 8.70, 1.48, -0.04, -4.80, -57.29
5.39, 0.0060, 8.70, 1.45, -0.04, -5.05, -59.53
5.40, 0.0070, 8.70, 1.42, -0.04, -5.14, -61.13
5.41, 0.0060, 8.70, 1.39, -0.04, -5.18, -62.22
5.41, 0.0060, 8.70, 1.35, -0.04, -5.26, -62.99
5.42, 0.0070, 8.70, 1.32, -0.04, -5.43, -63.96
5.43, 0.0070, 8.70, 1.28, -0.04, -5.71, -65.42
5.43, 0.0060, 8.70, 1.24, -0.04, -5.99, -67.32
5.44, 0.0070, 8.70, 1.20, -0.04, -6.17, -69.18
5.44, 0.0060, 8.70, 1.16, -0.04, -6.17, -70.76
5.45, 0.0060, 8.70, 1.12, -0.04, -6.02, -71.50
5.46, 0.0070, 8.70, 1.08, -0.04, -5.79, -71.61
5.46, 0.0060, 8.70, 1.05, -0.04, -5.58, -71.51
5.47, 0.0070, 8.70, 1.01, -0.04, -5.39, -71.33
5.48, 0.0070, 8.70, 0.98, -0.04, -5.17, -71.34
5.48, 0.0060, 8.70, 0.95, -0.04, -4.92, -71.15
5.49, 0.0070, 8.70, 0.91, -0.04, -4.64, -70.75
5.50, 0.0060, 8.70, 0.89, -0.04, -4.38, -70.30
5.50, 0.0060, 8.70, 0.86, -0.04, -4.18, -69.79
5.51, 0.0080, 8.70, 0.83, -0.04, -3.96, -69.49
5.52, 0.0060, 8.70, 0.81, -0.04, -3.63, -69.23
5.52, 0.0060, 8.70, 0.79, -0.04, -3.12, -68.35
5.53, 0.0070, 8.70, 0.77, -0.04, -2.47, -66.69
5.53, 0.0060, 8.70, 0.76, -0.04, -1.79, -64.42
5.54, 0.0060, 8.70, 0.75, -0.04, -1.24, -61.91
5.55, 0.0070, 8.70, 0.75, -0.04, -0.89, -59.87
5.55, 0.0070, 8.70, 0.74, -0.04, -0.66, -58.61
5.56, 0.0060, 8.70, 0.74, -0.04, -0.39, -57.76
5.57, 0.0070, 8.70, 0.74, -0.04, 0.06, -56.71
5.57, 0.0060, 8.70, 0.75, -0.04, 0.60, -54.93
5.58, 0.0060, 8.70, 0.75, -0.04, 1.10, -52.70
5.59, 0.0070, 8.70, 0.76, -0.04, 1.53, -50.55
5.59, 0.0070, 8.70, 0.78, -0.04, 1.82, -48.61
5.60, 0.0060, 8.70, 0.79, -0.04, 2.01, -47.19
5.61, 0.0070, 8.70, 0.80, -0.04, 2.16, -46.20
5.61, 0.0060, 8.70, 0.82, -0.04, 2.31, -45.30
5.62, 0.0060, 8.70, 0.83, -0.04, 2.46, -44.44
5.63, 0.0070, 8.70, 0.85, -0.04, 2.60, -43.51
5.63, 0.0060, 8.70, 0.87, -0.04, 2.62, -42.62
5.64, 0.0070, 8.70, 0.88, -0.04, 2.54, -42.20
5.65, 0.0070, 8.70, 0.90, -0.04, 2.43, -42.17
5.65, 0.0060, 8.70, 0.91, -0.04, 2.32, -42.29
5.66, 0.0060, 8.70, 0.93, -0.04, 2.21, -42.42
5.67, 0.0070, 8.70, 0.94, -0.04, 1.99, -42.61
5.67, 0.0060, 8.70, 0.95, -0.04, 1.58, -43.23
5.68, 0.0070, 8.70, 0.96, -0.04, 1.02, -44.67
5.69, 0.0070, 8.70, 0.96, -0.04, 0.45, -46.76
5.69, 0.0060, 8.70, 0.96, -0.04, -0.03, -48.96
5.70, 0.0060, 8.70, 0.96, -0.04, -0.39, -50.92
5.70, 0.0070, 8.70, 0.95, -0.04, -0.71, -52.38
5.71, 0.0060, 8.70, 0.95, -0.04, -1.16, -53.77
5.72, 0.0060, 8.70, 0.94, -0.04, -1.77, -55.69
5.72, 0.0080, 8.70, 0.92, -0.04, -2.54, -58.35
5.73, 0.0060, 8.70, 0.90, -0.04, -3.39, -61.86
5.74, 0.0060, 8.70, 0.87, -0.04, -4.21, -65.64
5.74, 0.0070, 8.70, 0.84, -0.04, -4.90, -69.43
5.75, 0.0060, 8.70, 0.80, -0.04, -5.47, -72.87
5.76, 0.0060, 8.70, 0.77, -0.04, -5.93, -75.82
5.76, 0.0080, 8.70, 0.72, -0.04, -6.35, -78.36
5.77, 0.0060, 8.70, 0.68, -0.04, -6.85, -81.06
5.78, 0.0070, 8.70, 0.62, -0.04, -7.47, -83.87
5.78, 0.0060, 8.70, 0.57, -0.04, -8.18, -87.40
5.79, 0.0060, 8.70, 0.52, -0.04, -8.85, -91.25
5.80, 0.0070, 8.70, 0.46, -0.04, -9.36, -94.97
5.80, 0.0060, 8.70, 0.40, -0.04, -9.69, -98.34
5.81, 0.0070, 8.70, 0.33, -0.04, -9.84, -100.81
5.82, 0.0070, 8.70, 0.26, -0.04, -9.94, -102.77
5.82, 0.0060, 8.70, 0.20, -0.04, -10.08, -104.56
5.83, 0.0060, 8.70, 0.14, -0.04, -10.28, -106.36
5.83, 0.0070, 8.70, 0.06, -0.04, -10.44, -108.39
5.84, 0.0060, 8.70, 0.00, -0.04, -10.49, -110.47
5.85, 0.0070, 8.70, -0.07, -0.04, -10.45, -111.96
5.86, 0.0070, 8.70, -0.14, -0.04, -10.22, -113.23
5.86, 0.0070, 8.70, -0.21, -0.04, -9.82, -113.74
5.87, 0.0060, 8.70, -0.27, -0.04, -9.35, -113.53
5.87, 0.0070, 8.70, -0.33, -0.04, -8.91, -112.75
5.88, 0.0060, 8.70, -0.38, -0.04, -8.53, -112.27
5.89, 0.0060, 8.70, -0.43, -0.04, -8.19, -111.75
5.89, 0.0080, 8.70, -0.49, -0.04, -7.79, -111.39
5.90, 0.0060, 8.70, -0.54, -0.04, -7.27, -111.05
5.91, 0.0060, 8.70, -0.58, -0.04, -6.61, -109.84
5.91, 0.0070, 8.70, -0.62, -0.04, -5.87, -107.98
5.92, 0.0060, 8.70, -0.65, -0.04, -5.08, -105.84
5.93, 0.0070, 8.70, -0.68, -0.04, -4.32, -103.31
5.93, 0.0060, 8.70, -0.70, -0.04, -3.48, -100.84
5.94, 0.0070, 8.70, -0.72, -0.04, -2.70, -97.89
5.95, 0.0070, 8.70, -0.73, -0.04, -1.95, -95.17
5.95, 0.0060, 8.70, -0.74, -0.04, -1.35, -92.46
5.96, 0.0070, 8.70, -0.75, -0.04, -0.83, -90.22
5.97, 0.0060, 8.70, -0.75, -0.04, -0.26, -88.25
5.97, 0.0060, 8.70, -0.74, -0.04, 0.48, -85.98
5.98, 0.0080, 8.70, -0.74, -0.04, 1.08, -82.98
5.99, 0.0060, 8.70, -0.73, -0.04, 1.61, -80.41
5.99, 0.0060, 8.70, -0.72, -0.04, 1.91, -78.07
6.00, 0.0070, 8.70, -0.70, -0.04, 2.02, -76.66
6.00, 0.0060, 8.70, -0.69, -0.04, 2.07, -75.93
6.01, 0.0060, 8.70, -0.67, -0.04, 2.34, -75.48
6.02, 0.0070, 8.70, -0.65, -0.04, 2.91, -74.12
6.02, 0.0070, 8.70, -0.63, -0.04, 3.63, -71.45
6.03, 0.0060, 8.70, -0.61, -0.04, 3.83, -68.06
6.04, 0.0070, 8.70, -0.58, -0.04, 3.26, -66.78
6.04, 0.0060, 8.70, -0.57, -0.04, 2.13, -68.63
6.05, 0.0060, 8.70, -0.57, -0.04, 0.81, -72.88
6.06, 0.0070, 8.70, -0.57, -0.04, -0.19, -78.06
6.06, 0.0070, 8.70, -0.57, -0.04, -0.71, -82.10
6.07, 0.0060, 8.70, -0.58, -0.04, -0.66, -84.26
6.08, 0.0070, 8.70, -0.58, -0.04, -0.32, -84.13
6.08, 0.0060, 8.70, -0.58, -0.04, -0.14, -82.84
6.09, 0.0060, 8.70, -0.58, -0.04, -0.60, -82.13
6.09, 0.0070, 8.70, -0.60, -0.04, -1.94, -84.02
6.10, 0.0060, 8.70, -0.62, -0.04, -3.80, -89.68
6.11, 0.0080, 8.70, -0.66, -0.04, -5.71, -97.55
6.11, 0.0060, 8.70, -0.71, -0.04, -7.36, -106.12
6.12, 0.0060, 8.70, -0.76, -0.04, -8.42, -113.62
6.13, 0.0070, 8.70, -0.82, -0.04, -9.00, -118.85
6.13, 0.0060, 8.70, -0.88, -0.04, -8.98, -122.43
6.14, 0.0060, 8.70, -0.93, -0.04, -8.85, -123.45
6.15, 0.0080, 8.70, -1.00, -0.04, -9.45, -123.99
6.16, 0.0060, 8.70, -1.07, -0.04, -10.87, -127.90
6.16, 0.0070, 8.70, -1.16, -0.04, -12.75, -134.86
6.17, 0.0060, 8.70, -1.25, -0.04, -14.59, -144.20
6.17, 0.0060, 8.70, -1.34, -0.04, -15.91, -153.29
6.18, 0.0070, 8.70, -1.46, -0.04, -16.83, -160.47
6.19, 0.0060, 8.70, -1.56, -0.04, -17.14, -166.52
6.19, 0.0080, 8.70, -1.70, -0.04, -17.06, -169.81
6.20, 0.0060, 8.70, -1.80, -0.04, -16.72, -172.23
6.21, 0.0070, 8.70, -1.91, -0.04, -16.45, -172.87
6.21, 0.0060, 8.70, -2.02, -0.04, -16.81, -174.09
6.22, 0.0070, 8.70, -2.14, -0.04, -18.05, -177.54
6.23, 0.0060, 8.70, -2.26, -0.04, -19.10, -185.03
6.23, 0.0070, 8.70, -2.39, -0.04, -19.33, -191.53
6.24, 0.0070, 8.70, -2.52, -0.04, -18.71, -195.16
6.25, 0.0060, 8.70, -2.63, -0.04, -17.74, -195.30
6.25, 0.0070, 8.70, -2.75, -0.04, -16.99, -193.55
6.26, 0.0060, 8.70, -2.85, -0.04, -16.68, -192.93
6.27, 0.0070, 8.70, -2.97, -0.04, -16.79, -193.69
6.27, 0.0060, 8.70, -3.07, -0.04, -17.16, -196.48
6.28, 0.0080, 8.70, -3.21, -0.04, -17.41, -200.00
6.29, 0.0060, 8.70, -3.31, -0.04, -17.26, -203.78
6.29, 0.0060, 8.70, -3.41, -0.04, -16.40, -205.25
6.30, 0.0070, 8.70, -3.52, -0.04, -15.07, -203.80
6.31, 0.0060, 8.70, -3.60, -0.04, -13.55, -200.57
6.31, 0.0070, 8.70, -3.68, -0.04, -12.15, -196.11
6.32, 0.0070, 8.70, -3.76, -0.04, -11.22, -192.23
6.33, 0.0070, 8.70, -3.84, -0.04, -10.76, -190.07
6.33, 0.0060, 8.70, -3.90, -0.04, -10.77, -189.77
6.34, 0.0070, 8.70, -3.98, -0.04, -10.80, -191.07
6.34, 0.0060, 8.70, -4.04, -0.04, -10.03, -192.73
6.35, 0.0060, 8.70, -4.09, -0.04, -8.62, -190.83
6.36, 0.0070, 8.70, -4.14, -0.04, -6.94, -186.22
6.37, 0.0070, 8.70, -4.17, -0.04, -5.49, -180.48
6.37, 0.0070, 8.70, -4.20, -0.04, -4.29, -175.43
6.38, 0.0060, 8.70, -4.22, -0.04, -3.33, -171.25
6.39, 0.0060, 8.70, -4.24, -0.04, -2.71, -167.82
6.39, 0.0070, 8.70, -4.26, -0.04, -2.30, -165.67
6.40, 0.0060, 8.70, -4.27, -0.04, -2.10, -164.34
6.41, 0.0080, 8.70, -4.29, -0.04, -1.95, -163.81
6.41, 0.0060, 8.70, -4.29, -0.04, -1.36, -163.49
6.42, 0.0070, 8.70, -4.29, -0.04, -0.12, -161.29
6.42, 0.0060, 8.70, -4.29, -0.04, 1.22, -156.34
6.43, 0.0060, 8.70, -4.27, -0.04, 2.20, -150.84
6.44, 0.0070, 8.70, -4.25, -0.04, 2.71, -146.65
6.44, 0.0060, 8.70, -4.24, -0.04, 3.00, -144.23
6.45, 0.0080, 8.70, -4.21, -0.04, 3.28, -142.72
6.46, 0.0060, 8.70, -4.19, -0.04, 3.63, -141.07
6.46, 0.0060, 8.70, -4.16, -0.04, 3.97, -139.24
6.47, 0.0070, 8.70, -4.14, -0.04, 4.14, -137.42
6.48, 0.0060, 8.70, -4.11, -0.04, 4.15, -136.16
6.48, 0.0070, 8.70, -4.08, -0.04, 4.17, -135.63
6.49, 0.0070, 8.70, -4.05, -0.04, 4.24, -134.94
6.50, 0.0060, 8.70, -4.03, -0.04, 4.31, -134.08
6.50, 0.0070, 8.70, -4.00, -0.04, 4.30, -133.28
6.51, 0.0060, 8.70, -3.97, -0.04, 4.22, -132.73
6.52, 0.0070, 8.70, -3.94, -0.04, 3.97, -132.55
6.52, 0.0060, 8.70, -3.92, -0.04, 3.52, -132.97
6.53, 0.0060, 8.70, -3.91, -0.04, 2.72, -134.36
6.54, 0.0080, 8.70, -3.89, -0.04, 1.57, -137.25
6.54, 0.0060, 8.70, -3.89, -0.04, 0.35, -141.58
6.55, 0.0070, 8.70, -3.89, -0.04, -0.58, -146.43
6.55, 0.0060, 8.70, -3.90, -0.04, -1.15, -150.21
6.56, 0.0060, 8.70, -3.91, -0.04, -1.47, -152.65
6.57, 0.0070, 8.70, -3.92, -0.04, -1.82, -154.08
6.57, 0.0070, 8.70, -3.94, -0.04, -2.39, -155.74
6.58, 0.0060, 8.70, -3.96, -0.04, -3.23, -158.36
6.59, 0.0070, 8.70, -3.99, -0.04, -4.37, -162.10
6.59, 0.0060, 8.70, -4.02, -0.04, -5.75, -167.28
6.60, 0.0070, 8.70, -4.08, -0.04, -7.30, -173.48
6.61, 0.0060, 8.70, -4.13, -0.04, -8.83, -180.73
6.61, 0.0070, 8.70, -4.20, -0.04, -10.07, -187.88
6.62, 0.0070, 8.70, -4.28, -0.04, -11.00, -194.28
6.63, 0.0060, 8.70, -4.35, -0.04, -11.70, -199.53
6.63, 0.0070, 8.70, -4.43, -0.04, -12.48, -203.74
6.64, 0.0060, 8.70, -4.51, -0.04, -13.55, -208.59
6.65, 0.0070, 8.70, -4.62, -0.04, -14.89, -214.50
6.65, 0.0060, 8.70, -4.72, -0.04, -16.10, -221.95
6.66, 0.0080, 8.70, -4.85, -0.04, -16.96, -228.73
6.67, 0.0060, 8.70, -4.96, -0.04, -17.33, -234.89
6.67, 0.0070, 8.70, -5.08, -0.04, -17.53, -238.44
6.68, 0.0060, 8.70, -5.19, -0.04, -17.89, -241.70
6.69, 0.0060, 8.70, -5.30, -0.04, -18.32, -245.25
6.69, 0.0070, 8.70, -5.43, -0.04, -18.67, -249.18
6.70, 0.0060, 8.70, -5.54, -0.04, -18.89, -253.20
6.71, 0.0080, 8.70, -5.69, -0.04, -19.05, -256.34
6.71, 0.0060, 8.70, -5.81, -0.04, -19.15, -260.05
6.72, 0.0070, 8.70, -5.94, -0.04, -19.18, -262.75
6.73, 0.0060, 8.70, -6.06, -0.04, -19.09, -265.56
6.73, 0.0070, 8.70, -6.19, -0.04, -18.79, -267.45
6.74, 0.0060, 8.70, -6.30, -0.04, -18.35, -268.89
6.75, 0.0070, 8.70, -6.42, -0.04, -17.80, -269.36
6.75, 0.0070, 8.70, -6.54, -0.04, -17.17, -269.65
6.76, 0.0060, 8.70, -6.64, -0.04, -16.44, -269.53
6.77, 0.0070, 8.70, -6.75, -0.04, -15.68, -268.58
6.77, 0.0060, 8.70, -6.84, -0.04, -14.90, -267.71
6.78, 0.0070, 8.70, -6.94, -0.04, -14.18, -266.40
6.79, 0.0060, 8.70, -7.02, -0.04, -13.40, -265.49
6.79, 0.0080, 8.70, -7.12, -0.04, -12.52, -263.97
6.80, 0.0060, 8.70, -7.19, -0.04, -11.56, -262.49
6.81, 0.0060, 8.70, -7.25, -0.04, -10.56, -260.01
6.81, 0.0070, 8.70, -7.32, -0.04, -9.60, -257.30
6.82, 0.0060, 8.70, -7.37, -0.04, -8.60, -254.78
6.82, 0.0070, 8.70, -7.42, -0.04, -7.45, -251.83
6.83, 0.0070, 8.70, -7.47, -0.04, -6.03, -248.27
6.84, 0.0060, 8.70, -7.49, -0.04, -4.39, -243.42
6.84, 0.0070, 8.70, -7.51, -0.04, -2.77, -237.41
6.85, 0.0060, 8.70, -7.52, -0.04, -1.54, -231.30
6.86, 0.0070, 8.70, -7.53, -0.04, -0.69, -226.56
6.86, 0.0060, 8.70, -7.53, -0.04, -0.09, -223.25
6.87, 0.0060, 8.70, -7.52, -0.04, 0.68, -220.90
6.88, 0.0080, 8.70, -7.51, -0.04, 1.82, -217.70
6.89, 0.0060, 8.70, -7.49, -0.04, 2.87, -212.87
6.89, 0.0070, 8.70, -7.46, -0.04, 3.61, -208.32
6.90, 0.0060, 8.70, -7.44, -0.04, 4.04, -204.87
6.90, 0.0060, 8.70, -7.41, -0.04, 4.57, -202.65
6.91, 0.0070, 8.70, -7.37, -0.04, 5.51, -200.00
6.92, 0.0070, 8.70, -7.33, -0.04, 6.82, -195.46
6.92, 0.0070, 8.70, -7.27, -0.04, 8.36, -189.26
6.93, 0.0060, 8.70, -7.21, -0.04, 10.02, -181.93
6.94, 0.0060, 8.70, -7.14, -0.04, 11.73, -174.07
6.94, 0.0070, 8.70, -7.04, -0.04, 13.27, -165.82
6.95, 0.0060, 8.70, -6.96, -0.04, 14.37, -157.81
6.96, 0.0070, 8.70, -6.85, -0.04, 15.00, -151.70
6.96, 0.0070, 8.70, -6.74, -0.04, 15.53, -147.06
6.97, 0.0070, 8.70, -6.63, -0.04, 16.55, -142.77
6.98, 0.0060, 8.70, -6.52, -0.04, 18.16, -136.40
6.98, 0.0070, 8.70, -6.38, -0.04, 20.00, -127.76
6.99, 0.0060, 8.70, -6.25, -0.04, 21.67, -117.60
7.00, 0.0070, 8.70, -6.09, -0.04, 22.94, -108.34
7.00, 0.0070, 8.70, -5.92, -0.04, 23.89, -100.03
7.01, 0.0060, 8.70, -5.77, -0.04, 24.83, -92.90
7.02, 0.0070, 8.70, -5.59, -0.04, 25.91, -86.15
7.02, 0.0060, 8.70, -5.43, -0.04, 27.15, -78.20
7.03, 0.0070, 8.70, -5.23, -0.04, 28.43, -69.98
7.03, 0.0060, 8.70, -5.05, -0.04, 29.76, -60.87
7.04, 0.0060, 8.70, -4.87, -0.04, 31.06, -52.00
7.05, 0.0080, 8.70, -4.61, -0.04, 32.28, -43.06
7.06, 0.0060, 8.70, -4.41, -0.04, 33.36, -33.04
7.06, 0.0070, 8.70, -4.17, -0.04, 34.32, -24.71
7.07, 0.0060, 8.70, -3.95, -0.04, 35.48, -16.05
7.07, 0.0060, 8.70, -3.73, -0.04, 36.79, -7.16
7.08, 0.0070, 8.70, -3.46, -0.04, 38.54, 2.48
7.09, 0.0070, 8.70, -3.18, -0.04, 40.45, 14.89
7.09, 0.0060, 8.70, -2.93, -0.04, 42.35, 28.18
7.10, 0.0070, 8.70, -2.62, -0.04, 43.73, 40.87
7.11, 0.0060, 8.70, -2.35, -0.04, 44.40, 52.53
7.11, 0.0070, 8.70, -2.04, -0.04, 44.32, 60.55
7.12, 0.0060, 8.70, -1.78, -0.04, 43.87, 66.40
7.13, 0.0060, 8.70, -1.52, -0.04, 43.46, 69.90
7.13, 0.0080, 8.70, -1.17, -0.04, 43.28, 73.47
7.14, 0.0060, 8.70, -0.91, -0.04, 43.35, 79.64
7.15, 0.0060, 8.70, -0.65, -0.04, 43.64, 85.14
7.15, 0.0070, 8.70, -0.34, -0.04, 44.00, 91.55
7.16, 0.0060, 8.70, -0.08, -0.04, 44.20, 99.15
7.17, 0.0070, 8.70, 0.23, -0.04, 43.72, 105.24
7.17, 0.0070, 8.70, 0.53, -0.04, 42.61, 109.44
7.18, 0.0060, 8.70, 0.77, -0.04, 41.20, 110.97
7.19, 0.0070, 8.70, 1.05, -0.04, 39.86, 110.26
7.19, 0.0060, 8.70, 1.29, -0.04, 38.84, 110.51
7.20, 0.0070, 8.70, 1.55, -0.04, 38.15, 111.06
7.21, 0.0060, 8.70, 1.78, -0.04, 37.51, 113.64
7.21, 0.0070, 8.70, 2.04, -0.04, 36.76, 115.61
7.22, 0.0070, 8.70, 2.29, -0.04, 35.75, 117.73
7.23, 0.0060, 8.70, 2.49, -0.04, 34.58, 118.71
7.23, 0.0070, 8.70, 2.73, -0.04, 33.30, 118.16
7.24, 0.0060, 8.70, 2.92, -0.04, 32.10, 117.74
7.25, 0.0070, 8.70, 3.14, -0.04, 31.07, 116.77
7.25, 0.0060, 8.70, 3.32, -0.04, 30.17, 117.00
7.26, 0.0080, 8.70, 3.55, -0.04, 29.30, 117.02
7.26, 0.0060, 8.70, 3.72, -0.04, 28.06, 118.22
7.27, 0.0070, 8.70, 3.91, -0.04, 26.60, 116.65
7.28, 0.0060, 8.70, 4.06, -0.04, 24.89, 114.52
7.28, 0.0060, 8.70, 4.20, -0.04, 23.29, 110.69
7.29, 0.0070, 8.70, 4.35, -0.04, 21.88, 107.08
7.30, 0.0060, 8.70, 4.47, -0.04, 20.88, 104.50
7.30, 0.0080, 8.70, 4.64, -0.04, 20.18, 103.01
7.31, 0.0060, 8.70, 4.75, -0.04, 19.95, 103.41
7.32, 0.0070, 8.70, 4.89, -0.04, 19.88, 104.91
7.32, 0.0060, 8.70, 5.01, -0.04, 19.71, 107.41
7.33, 0.0060, 8.70, 5.13, -0.04, 19.24, 109.10
7.34, 0.0070, 8.70, 5.26, -0.04, 18.62, 109.51
7.34, 0.0070, 8.70, 5.38, -0.04, 18.08, 109.63
7.35, 0.0070, 8.70, 5.51, -0.04, 17.83, 110.01
7.36, 0.0060, 8.70, 5.62, -0.04, 17.80, 111.49
7.36, 0.0070, 8.70, 5.74, -0.04, 18.00, 113.52
7.37, 0.0060, 8.70, 5.85, -0.04, 18.39, 116.85
7.38, 0.0060, 8.70, 5.97, -0.04, 18.96, 120.59
7.38, 0.0070, 8.70, 6.10, -0.04, 19.72, 125.16
7.39, 0.0070, 8.70, 6.25, -0.04, 20.60, 130.98
7.40, 0.0070, 8.70, 6.40, -0.04, 21.40, 137.36
7.40, 0.0060, 8.70, 6.53, -0.04, 22.04, 143.58
7.41, 0.0070, 8.70, 6.69, -0.04, 22.51, 148.78
7.42, 0.0060, 8.70, 6.83, -0.04, 22.92, 153.79
7.42, 0.0070, 8.70, 6.99, -0.04, 23.31, 158.17
7.43, 0.0070, 8.70, 7.16, -0.04, 23.79, 163.02
7.44, 0.0060, 8.70, 7.30, -0.04, 24.30, 168.27
7.44, 0.0070, 8.70, 7.48, -0.04, 24.85, 173.23
7.45, 0.0060, 8.70, 7.63, -0.04, 25.40, 178.90
7.46, 0.0070, 8.70, 7.81, -0.04, 26.05, 184.15
7.46, 0.0060, 8.70, 7.97, -0.04, 26.79, 190.38
7.47, 0.0080, 8.70, 8.19, -0.04, 27.68, 196.59
7.48, 0.0060, 8.70, 8.36, -0.04, 28.61, 204.56
7.48, 0.0060, 8.70, 8.54, -0.04, 29.44, 211.72
7.49, 0.0070, 8.70, 8.75, -0.04, 30.06, 218.58
7.50, 0.0060, 8.70, 8.93, -0.04, 30.50, 225.27
7.50, 0.0070, 8.70, 9.15, -0.04, 30.86, 230.67
7.51, 0.0060, 8.70, 9.34, -0.04, 31.22, 236.45
7.52, 0.0080, 8.70, 9.59, -0.04, 31.66, 241.62
7.52, 0.0060, 8.70, 9.78, -0.04, 32.18, 248.45
7.53, 0.0070, 8.70, 10.01, -0.04, 32.75, 254.39
7.53, 0.0060, 8.70, 10.21, -0.04, 33.25, 261.25
7.54, 0.0060, 8.70, 10.41, -0.04, 33.67, 267.26
7.55, 0.0070, 8.70, 10.65, -0.04, 33.95, 272.98
7.56, 0.0070, 8.70, 10.89, -0.04, 34.15, 278.83
7.56, 0.0070, 8.70, 11.13, -0.04, 34.36, 284.41
7.57, 0.0060, 8.70, 11.34, -0.04, 34.61, 290.07
7.57, 0.0070, 8.70, 11.58, -0.04, 34.85, 295.21
7.58, 0.0060, 8.70, 11.79, -0.04, 34.97, 301.07
7.59, 0.0070, 8.70, 12.04, -0.04, 34.97, 305.75
7.60, 0.0060, 8.70, 12.25, -0.04, 34.90, 310.62
7.60, 0.0080, 8.70, 12.53, -0.04, 34.84, 314.54
7.61, 0.0060, 8.70, 12.74, -0.04, 34.89, 319.87
7.61, 0.0070, 8.70, 12.98, -0.04, 34.99, 324.27
7.62, 0.0060, 8.70, 13.19, -0.04, 35.13, 329.54
7.63, 0.0070, 8.70, 13.44, -0.04, 35.23, 334.36
7.63, 0.0060, 8.70, 13.65, -0.04, 35.31, 339.68
7.64, 0.0080, 8.70, 13.93, -0.04, 35.34, 344.22
7.65, 0.0060, 8.70, 14.14, -0.04, 35.34, 349.99
7.66, 0.0070, 8.70, 14.39, -0.04, 35.23, 354.25
7.66, 0.0060, 8.70, 14.60, -0.04, 35.02, 358.75
7.67, 0.0060, 8.70, 14.81, -0.04, 34.64, 362.12
7.67, 0.0070, 8.70, 15.05, -0.04, 34.16, 364.72
7.68, 0.0060, 8.70, 15.25, -0.04, 33.73, 367.61
7.69, 0.0080, 8.70, 15.52, -0.04, 33.44, 369.92
7.70, 0.0060, 8.70, 15.72, -0.04, 33.28, 374.12
7.70, 0.0070, 8.70, 15.95, -0.04, 33.17, 377.49
7.71, 0.0060, 8.70, 16.15, -0.04, 32.99, 381.65
7.71, 0.0070, 8.70, 16.38, -0.04, 32.70, 384.92
7.72, 0.0060, 8.70, 16.57, -0.04, 32.23, 388.32
7.73, 0.0080, 8.70, 16.82, -0.04, 31.63, 390.31
7.74, 0.0060, 8.70, 17.01, -0.04, 30.94, 392.99
7.74, 0.0070, 8.70, 17.22, -0.04, 30.25, 393.93
7.75, 0.0060, 8.70, 17.40, -0.04, 29.56, 395.39
7.75, 0.0070, 8.70, 17.60, -0.04, 28.93, 396.21
7.76, 0.0060, 8.70, 17.77, -0.04, 28.28, 397.71
7.77, 0.0070, 8.70, 17.96, -0.04, 27.60, 398.52
7.78, 0.0070, 8.70, 18.15, -0.04, 26.87, 399.65
7.78, 0.0070, 8.70, 18.33, -0.04, 26.16, 400.52
7.79, 0.0060, 8.70, 18.49, -0.04, 25.46, 401.32
7.79, 0.0070, 8.70, 18.66, -0.04, 24.76, 401.60
7.80, 0.0060, 8.70, 18.80, -0.04, 24.04, 402.26
7.81, 0.0070, 8.70, 18.97, -0.04, 23.22, 402.24
7.82, 0.0070, 8.70, 19.12, -0.04, 22.32, 402.23
7.82, 0.0070, 8.70, 19.27, -0.04, 21.33, 401.76
7.83, 0.0060, 8.70, 19.39, -0.04, 20.34, 400.76
7.83, 0.0070, 8.70, 19.53, -0.04, 19.40, 399.25
7.84, 0.0060, 8.70, 19.64, -0.04, 18.50, 398.20
7.85, 0.0070, 8.70, 19.76, -0.04, 17.61, 396.83
7.86, 0.0070, 8.70, 19.88, -0.04, 16.72, 395.73
7.86, 0.0070, 8.70, 19.99, -0.04, 15.81, 394.51
7.87, 0.0060, 8.70, 20.08, -0.04, 14.94, 393.08
7.87, 0.0070, 8.70, 20.18, -0.04, 14.06, 391.39
7.88, 0.0060, 8.70, 20.26, -0.04, 13.13, 389.84
7.89, 0.0070, 8.70, 20.34, -0.04, 12.11, 387.69
7.90, 0.0060, 8.70, 20.41, -0.04, 11.02, 385.31
7.90, 0.0080, 8.70, 20.49, -0.04, 9.95, 382.29
7.91, 0.0060, 8.70, 20.54, -0.04, 8.97, 379.59
7.91, 0.0070, 8.70, 20.60, -0.04, 8.07, 376.75
7.92, 0.0060, 8.70, 20.64, -0.04, 7.21, 374.28
7.93, 0.0060, 8.70, 20.68, -0.04, 6.33, 371.71
7.93, 0.0070, 8.70, 20.72, -0.04, 5.41, 368.95
7.94, 0.0070, 8.70, 20.75, -0.04, 4.48, 366.02
7.95, 0.0070, 8.70, 20.78, -0.04, 3.56, 362.92
7.95, 0.0060, 8.70, 20.79, -0.04, 2.69, 359.74
7.96, 0.0070, 8.70, 20.80, -0.04, 1.84, 356.58
7.97, 0.0060, 8.70, 20.81, -0.04, 1.05, 353.46
7.97, 0.0060, 8.70, 20.81, -0.04, 0.32, 350.43
7.98, 0.0070, 8.70, 20.81, -0.04, -0.38, 347.54
7.99, 0.0070, 8.70, 20.80, -0.04, -1.12, 344.67
7.99, 0.0070, 8.70, 20.79, -0.04, -1.96, 341.56
8.00, 0.0060, 8.70, 20.77, -0.04, -2.89, 337.92
8.01, 0.0060, 8.70, 20.75, -0.04, -3.82, 333.85
8.01, 0.0070, 8.70, 20.72, -0.04, -4.67, 329.68
8.02, 0.0060, 8.70, 20.68, -0.04, -5.40, 325.62
8.03, 0.0080, 8.70, 20.63, -0.04, -6.08, 322.05
8.03, 0.0060, 8.70, 20.59, -0.04, -6.77, 318.35
8.04, 0.0070, 8.70, 20.54, -0.04, -7.49, 314.80
8.05, 0.0060, 8.70, 20.49, -0.04, -8.20, 310.87
8.05, 0.0070, 8.70, 20.43, -0.04, -8.87, 307.05
8.06, 0.0060, 8.70, 20.37, -0.04, -9.49, 303.11
8.07, 0.0060, 8.70, 20.31, -0.04, -10.11, 299.51
8.07, 0.0080, 8.70, 20.23, -0.04, -10.77, 295.83
8.08, 0.0060, 8.70, 20.16, -0.04, -11.45, 291.45
8.09, 0.0070, 8.70, 20.07, -0.04, -12.08, 287.34
8.09, 0.0060, 8.70, 20.00, -0.04, -12.63, 283.14
8.10, 0.0070, 8.70, 19.91, -0.04, -13.14, 279.43
8.10, 0.0060, 8.70, 19.82, -0.04, -13.68, 275.54
8.11, 0.0080, 8.70, 19.71, -0.04, -14.25, 271.73
8.12, 0.0060, 8.70, 19.62, -0.04, -14.82, 267.18
8.13, 0.0070, 8.70, 19.51, -0.04, -15.34, 263.13
8.13, 0.0060, 8.70, 19.42, -0.04, -15.78, 258.90
8.14, 0.0070, 8.70, 19.31, -0.04, -16.16, 255.26
8.15, 0.0060, 8.70, 19.21, -0.04, -16.51, 251.46
8.15, 0.0070, 8.70, 19.09, -0.04, -16.90, 248.08
8.16, 0.0070, 8.70, 18.97, -0.04, -17.31, 244.17
8.17, 0.0070, 8.70, 18.84, -0.04, -17.81, 240.09
8.17, 0.0060, 8.70, 18.73, -0.04, -18.35, 235.61
8.18, 0.0070, 8.70, 18.60, -0.04, -18.90, 231.25
8.19, 0.0060, 8.70, 18.48, -0.04, -19.36, 226.38
8.19, 0.0070, 8.70, 18.35, -0.04, -19.69, 222.21
8.20, 0.0070, 8.70, 18.21, -0.04, -19.83, 218.17
8.21, 0.0070, 8.70, 18.07, -0.04, -19.90, 214.82
8.21, 0.0060, 8.70, 17.95, -0.04, -19.95, 211.75
8.22, 0.0070, 8.70, 17.81, -0.04, -20.02, 209.14
8.23, 0.0060, 8.70, 17.69, -0.04, -20.09, 206.09
8.23, 0.0070, 8.70, 17.55, -0.04, -20.18, 203.39
8.24, 0.0070, 8.70, 17.40, -0.04, -20.26, 200.21
8.25, 0.0070, 8.70, 17.26, -0.04, -20.36, 197.03
8.25, 0.0060, 8.70, 17.14, -0.04, -20.43, 193.81
8.26, 0.0070, 8.70, 17.00, -0.04, -20.47, 191.07
8.26, 0.0060, 8.70, 16.87, -0.04, -20.43, 188.05
8.27, 0.0070, 8.70, 16.73, -0.04, -20.27, 185.75
8.28, 0.0060, 8.70, 16.61, -0.04, -20.03, 183.54
8.28, 0.0080, 8.70, 16.45, -0.04, -19.76, 182.12
8.29, 0.0060, 8.70, 16.34, -0.04, -19.53, 180.04
8.30, 0.0070, 8.70, 16.20, -0.04, -19.30, 178.60
8.30, 0.0060, 8.70, 16.09, -0.04, -19.09, 176.81
8.31, 0.0070, 8.70, 15.95, -0.04, -18.83, 175.38
8.32, 0.0060, 8.70, 15.84, -0.04, -18.55, 173.79
8.32, 0.0080, 8.70, 15.70, -0.04, -18.27, 172.68
8.33, 0.0060, 8.70, 15.59, -0.04, -17.97, 170.88
8.34, 0.0060, 8.70, 15.48, -0.04, -17.64, 169.92
8.34, 0.0070, 8.70, 15.36, -0.04, -17.29, 169.09
8.35, 0.0070, 8.70, 15.24, -0.04, -16.91, 168.09
8.36, 0.0060, 8.70, 15.15, -0.04, -16.46, 167.25
8.36, 0.0060, 8.70, 15.05, -0.04, -15.99, 167.06
8.37, 0.0080, 8.70, 14.93, -0.04, -15.53, 167.01
8.38, 0.0060, 8.70, 14.83, -0.04, -15.09, 166.38
8.38, 0.0070, 8.70, 14.73, -0.04, -14.68, 166.32
8.39, 0.0060, 8.70, 14.65, -0.04, -14.24, 165.92
8.40, 0.0070, 8.70, 14.55, -0.04, -13.80, 165.96
8.40, 0.0060, 8.70, 14.47, -0.04, -13.35, 165.80
8.41, 0.0080, 8.70, 14.37, -0.04, -12.90, 166.00
8.42, 0.0060, 8.70, 14.29, -0.04, -12.49, 165.73
8.42, 0.0070, 8.70, 14.21, -0.04, -12.08, 165.87
8.43, 0.0060, 8.70, 14.14, -0.04, -11.63, 165.81
8.44, 0.0070, 8.70, 14.06, -0.04, -11.14, 166.23
8.44, 0.0060, 8.70, 14.00, -0.04, -10.61, 166.63
8.45, 0.0080, 8.70, 13.91, -0.04, -10.14, 167.47
8.46, 0.0060, 8.70, 13.86, -0.04, -9.72, 167.74
8.46, 0.0070, 8.70, 13.79, -0.04, -9.35, 168.25
8.47, 0.0060, 8.70, 13.74, -0.04, -9.00, 168.40
8.48, 0.0070, 8.70, 13.68, -0.04, -8.61, 168.73
8.48, 0.0060, 8.70, 13.63, -0.04, -8.19, 169.07
8.49, 0.0070, 8.70, 13.57, -0.04, -7.75, 169.78
8.50, 0.0070, 8.70, 13.52, -0.04, -7.30, 170.46
8.50, 0.0060, 8.70, 13.48, -0.04, -6.85, 171.22
8.51, 0.0070, 8.70, 13.44, -0.04, -6.39, 172.22
8.52, 0.0060, 8.70, 13.40, -0.04, -5.89, 173.14
8.52, 0.0070, 8.70, 13.36, -0.04, -5.38, 174.43
8.53, 0.0060, 8.70, 13.33, -0.04, -4.92, 175.72
8.54, 0.0080, 8.70, 13.30, -0.04, -4.54, 176.99
8.54, 0.0060, 8.70, 13.27, -0.04, -4.22, 177.78
8.55, 0.0070, 8.70, 13.24, -0.04, -3.88, 178.57
8.56, 0.0060, 8.70, 13.22, -0.04, -3.54, 179.37
8.56, 0.0060, 8.70, 13.20, -0.04, -3.16, 180.30
8.57, 0.0070, 8.70, 13.18, -0.04, -2.77, 181.45
8.58, 0.0060, 8.70, 13.17, -0.04, -2.35, 182.61
8.58, 0.0080, 8.70, 13.16, -0.04, -1.89, 184.02
8.59, 0.0060, 8.70, 13.15, -0.04, -1.42, 185.55
8.60, 0.0070, 8.70, 13.14, -0.04, -0.97, 187.28
8.60, 0.0060, 8.70, 13.14, -0.04, -0.58, 188.91
8.61, 0.0060, 8.70, 13.14, -0.04, -0.29, 190.42
8.61, 0.0070, 8.70, 13.13, -0.04, -0.06, 191.56
8.62, 0.0070, 8.70, 13.14, -0.04, 0.16, 192.45
8.63, 0.0070, 8.70, 13.14, -0.04, 0.42, 193.37
8.64, 0.0060, 8.70, 13.14, -0.04, 0.76, 194.45
8.64, 0.0070, 8.70, 13.15, -0.04, 1.12, 195.89
8.65, 0.0060, 8.70, 13.16, -0.04, 1.51, 197.51
8.65, 0.0060, 8.70, 13.17, -0.04, 1.84, 199.23
8.66, 0.0070, 8.70, 13.19, -0.04, 2.15, 200.77
8.67, 0.0070, 8.70, 13.20, -0.04, 2.43, 202.31
8.68, 0.0070, 8.70, 13.22, -0.04, 2.70, 203.80
8.68, 0.0060, 8.70, 13.24, -0.04, 2.95, 205.26
8.69, 0.0070, 8.70, 13.26, -0.04, 3.17, 206.60
8.69, 0.0060, 8.70, 13.28, -0.04, 3.32, 207.92
8.70, 0.0060, 8.70, 13.30, -0.04, 3.46, 208.92
8.71, 0.0080, 8.70, 13.33, -0.04, 3.62, 209.91
8.72, 0.0060, 8.70, 13.35, -0.04, 3.79, 211.14
8.72, 0.0070, 8.70, 13.38, -0.04, 3.97, 212.26
8.73, 0.0060, 8.70, 13.41, -0.04, 4.13, 213.52
8.73, 0.0070, 8.70, 13.44, -0.04, 4.28, 214.66
8.74, 0.0060, 8.70, 13.46, -0.04, 4.41, 215.86
8.75, 0.0060, 8.70, 13.49, -0.04, 4.54, 216.91
8.75, 0.0080, 8.70, 13.53, -0.04, 4.66, 217.96
8.76, 0.0060, 8.70, 13.56, -0.04, 4.79, 219.20
8.77, 0.0070, 8.70, 13.59, -0.04, 4.90, 220.31
8.77, 0.0060, 8.70, 13.62, -0.04, 4.97, 221.41
8.78, 0.0070, 8.70, 13.66, -0.04, 4.99, 222.30
8.79, 0.0060, 8.70, 13.69, -0.04, 5.00, 223.08
8.79, 0.0070, 8.70, 13.72, -0.04, 5.07, 223.73
8.80, 0.0070, 8.70, 13.76, -0.04, 5.16, 224.69
8.81, 0.0060, 8.70, 13.79, -0.04, 5.31, 225.80
8.81, 0.0070, 8.70, 13.83, -0.04, 5.46, 227.01
8.82, 0.0060, 8.70, 13.86, -0.04, 5.53, 228.38
8.83, 0.0070, 8.70, 13.90, -0.04, 5.54, 229.32
8.83, 0.0060, 8.70, 13.93, -0.04, 5.53, 230.15
8.84, 0.0070, 8.70, 13.97, -0.04, 5.49, 230.79
8.85, 0.0070, 8.70, 14.01, -0.04, 5.50, 231.39
8.85, 0.0060, 8.70, 14.04, -0.04, 5.49, 232.18
8.86, 0.0070, 8.70, 14.08, -0.04, 5.44, 232.81
8.87, 0.0060, 8.70, 14.11, -0.04, 5.33, 233.36
8.87, 0.0070, 8.70, 14.15, -0.04, 5.20, 233.57
8.88, 0.0070, 8.70, 14.18, -0.04, 5.09, 233.77
8.89, 0.0070, 8.70, 14.22, -0.04, 4.99, 234.06
8.89, 0.0060, 8.70, 14.25, -0.04, 4.96, 234.37
8.90, 0.0060, 8.70, 14.28, -0.04, 4.92, 234.83
8.90, 0.0070, 8.70, 14.31, -0.04, 4.93, 235.25
8.91, 0.0060, 8.70, 14.34, -0.04, 4.94, 235.97
8.92, 0.0070, 8.70, 14.38, -0.04, 4.93, 236.63
8.93, 0.0070, 8.70, 14.41, -0.04, 4.94, 237.29
8.93, 0.0070, 8.70, 14.45, -0.04, 4.92, 238.00
8.94, 0.0060, 8.70, 14.48, -0.04, 4.91, 238.60
8.94, 0.0060, 8.70, 14.51, -0.04, 4.91, 239.17
8.95, 0.0070, 8.70, 14.54, -0.04, 4.86, 239.76
8.96, 0.0060, 8.70, 14.57, -0.04, 4.74, 240.21
8.97, 0.0080, 8.70, 14.60, -0.04, 4.62, 240.32
8.97, 0.0060, 8.70, 14.63, -0.04, 4.58, 240.59
8.98, 0.0070, 8.70, 14.66, -0.04, 4.64, 240.98
8.98, 0.0060, 8.70, 14.69, -0.04, 4.74, 241.85
8.99, 0.0070, 8.70, 14.73, -0.04, 4.80, 242.81
9.00, 0.0060, 8.70, 14.76, -0.04, 4.80, 243.76
9.01, 0.0060, 8.70, 14.78, -0.04, 4.79, 244.33
9.01, 0.0080, 8.70, 14.82, -0.04, 4.77, 244.84
9.02, 0.0060, 8.70, 14.85, -0.04, 4.80, 245.53
9.02, 0.0070, 8.70, 14.89, -0.04, 4.81, 246.23
9.03, 0.0060, 8.70, 14.91, -0.04, 4.74, 246.95
9.04, 0.0070, 8.70, 14.95, -0.04, 4.65, 247.24
9.04, 0.0060, 8.70, 14.97, -0.04, 4.54, 247.50
9.05, 0.0080, 8.70, 15.01, -0.04, 4.51, 247.62
9.06, 0.0060, 8.70, 15.04, -0.04, 4.60, 248.25
9.06, 0.0060, 8.70, 15.07, -0.04, 4.76, 249.14
9.07, 0.0070, 8.70, 15.10, -0.04, 4.92, 250.36
9.08, 0.0060, 8.70, 15.13, -0.04, 5.02, 251.67
9.08, 0.0070, 8.70, 15.17, -0.04, 5.09, 252.67
9.09, 0.0060, 8.70, 15.20, -0.04, 5.13, 253.66
9.10, 0.0080, 8.70, 15.24, -0.04, 5.14, 254.44
9.10, 0.0060, 8.70, 15.27, -0.04, 5.04, 255.30
9.11, 0.0060, 8.70, 15.30, -0.04, 4.89, 255.53
9.12, 0.0070, 8.70, 15.33, -0.04, 4.78, 255.51
9.12, 0.0060, 8.70, 15.36, -0.04, 4.72, 255.74
9.13, 0.0070, 8.70, 15.39, -0.04, 4.77, 256.05
9.14, 0.0070, 8.70, 15.43, -0.04, 4.81, 256.93
9.14, 0.0070, 8.70, 15.46, -0.04, 4.81, 257.78
9.15, 0.0060, 8.70, 15.49, -0.04, 4.77, 258.45
9.16, 0.0070, 8.70, 15.52, -0.04, 4.75, 258.83
9.16, 0.0060, 8.70, 15.55, -0.04, 4.75, 259.41
9.17, 0.0060, 8.70, 15.58, -0.04, 4.74, 260.02
9.18, 0.0070, 8.70, 15.61, -0.04, 4.68, 260.53
9.18, 0.0070, 8.70, 15.64, -0.04, 4.54, 260.93
9.19, 0.0070, 8.70, 15.67, -0.04, 4.38, 261.04
9.19, 0.0060, 8.70, 15.70, -0.04, 4.25, 260.99
9.20, 0.0070, 8.70, 15.73, -0.04, 4.13, 261.01
9.21, 0.0060, 8.70, 15.75, -0.04, 4.00, 261.07
9.22, 0.0060, 8.70, 15.78, -0.04, 3.83, 261.06
9.22, 0.0080, 8.70, 15.80, -0.04, 3.61, 260.83
9.23, 0.0060, 8.70, 15.82, -0.04, 3.35, 260.52
9.23, 0.0070, 8.70, 15.85, -0.04, 3.09, 259.90
9.24, 0.0060, 8.70, 15.86, -0.04, 2.86, 259.27
9.25, 0.0070, 8.70, 15.88, -0.04, 2.68, 258.71
9.25, 0.0060, 8.70, 15.90, -0.04, 2.55, 258.33
9.26, 0.0060, 8.70, 15.91, -0.04, 2.43, 258.12
9.27, 0.0080, 8.70, 15.93, -0.04, 2.32, 257.97
9.27, 0.0060, 8.70, 15.94, -0.04, 2.14, 257.87
9.28, 0.0070, 8.70, 15.96, -0.04, 1.86, 257.41
9.29, 0.0060, 8.70, 15.96, -0.04, 1.50, 256.55
9.29, 0.0070, 8.70, 15.97, -0.04, 1.13, 255.30
9.30, 0.0060, 8.70, 15.98, -0.04, 0.77, 253.98
9.31, 0.0070, 8.70, 15.98, -0.04, 0.46, 252.65
9.31, 0.0070, 8.70, 15.98, -0.04, 0.14, 251.44
9.32, 0.0060, 8.70, 15.98, -0.04, -0.16, 250.18
9.33, 0.0070, 8.70, 15.98, -0.04, -0.45, 248.98
9.33, 0.0060, 8.70, 15.97, -0.04, -0.69, 247.73
9.34, 0.0060, 8.70, 15.97, -0.04, -0.91, 246.71
9.35, 0.0080, 8.70, 15.96, -0.04, -1.14, 245.70
9.35, 0.0060, 8.70, 15.95, -0.04, -1.44, 244.63
9.36, 0.0070, 8.70, 15.94, -0.04, -1.81, 243.24
9.37, 0.0060, 8.70, 15.92, -0.04, -2.26, 241.49
9.37, 0.0070, 8.70, 15.90, -0.04, -2.72, 239.44
9.38, 0.0060, 8.70, 15.89, -0.04, -3.15, 237.21
9.39, 0.0070, 8.70, 15.86, -0.04, -3.57, 235.11
9.39, 0.0070, 8.70, 15.83, -0.04, -3.94, 232.95
9.40, 0.0060, 8.70, 15.81, -0.04, -4.28, 230.91
9.41, 0.0070, 8.70, 15.78, -0.04, -4.58, 229.04
9.41, 0.0060, 8.70, 15.75, -0.04, -4.88, 227.18
9.42, 0.0070, 8.70, 15.71, -0.04, -5.14, 225.41
9.43, 0.0060, 8.70, 15.68, -0.04, -5.36, 223.64
9.43, 0.0080, 8.70, 15.63, -0.04, -5.50, 222.12
9.44, 0.0060, 8.70, 15.60, -0.04, -5.68, 220.69
9.45, 0.0070, 8.70, 15.56, -0.04, -5.89, 219.29
9.45, 0.0060, 8.70, 15.52, -0.04, -6.26, 217.62
9.46, 0.0060, 8.70, 15.48, -0.04, -6.67, 215.38
9.47, 0.0070, 8.70, 15.43, -0.04, -7.10, 212.93
9.47, 0.0060, 8.70, 15.39, -0.04, -7.45, 210.24
9.48, 0.0080, 8.70, 15.33, -0.04, -7.71, 207.93
9.49, 0.0060, 8.70, 15.28, -0.04, -7.90, 205.66
9.49, 0.0070, 8.70, 15.22, -0.04, -8.03, 203.98
9.50, 0.0060, 8.70, 15.17, -0.04, -8.09, 202.32
9.51, 0.0060, 8.70, 15.12, -0.04, -8.11, 201.12
9.51, 0.0070, 8.70, 15.07, -0.04, -8.13, 200.06
9.52, 0.0070, 8.70, 15.01, -0.04, -8.25, 198.84
9.52, 0.0070, 8.70, 14.95, -0.04, -8.45, 197.21
9.53, 0.0060, 8.70, 14.90, -0.04, -8.77, 195.19
9.54, 0.0070, 8.70, 14.83, -0.04, -9.08, 192.90
9.54, 0.0060, 8.70, 14.78, -0.04, -9.36, 190.38
9.55, 0.0070, 8.70, 14.71, -0.04, -9.55, 188.15
9.56, 0.0060, 8.70, 14.65, -0.04, -9.68, 186.04
9.56, 0.0070, 8.70, 14.59, -0.04, -9.75, 184.34
9.57, 0.0070, 8.70, 14.52, -0.04, -9.80, 182.69
9.58, 0.0060, 8.70, 14.46, -0.04, -9.89, 181.13
9.58, 0.0070, 8.70, 14.39, -0.04, -9.96, 179.59
