3.60, 3.5930, 6.63, 6.63, -0.04, -0.00, 0.00
3.60, 0.0060, 6.63, 6.63, -0.04, 0.00, 62.59
3.61, 0.0060, 6.63, 6.63, -0.04, 0.00, 62.60
3.62, 0.0070, 6.63, 6.63, -0.04, 0.00, 62.60
3.62, 0.0060, 6.63, 6.63, -0.04, 0.01, 62.61
3.63, 0.0060, 6.63, 6.63, -0.04, 0.02, 62.63
3.64, 0.0070, 6.63, 6.63, -0.04, 0.03, 62.69
3.64, 0.0070, 6.63, 6.63, -0.04, -0.02, 62.73
3.65, 0.0060, 6.63, 6.63, -0.04, -0.20, 62.54
3.65, 0.0060, 6.63, 6.63, -0.04, -0.63, 61.76
3.66, 0.0070, 6.63, 6.62, -0.04, -1.22, 60.00
3.67, 0.0060, 6.63, 6.61, -0.04, -1.89, 57.45
3.67, 0.0070, 6.63, 6.59, -0.04, -2.52, 54.53
3.68, 0.0060, 6.63, 6.57, -0.04, -2.92, 51.68
3.69, 0.0070, 6.63, 6.55, -0.04, -3.05, 49.70
3.69, 0.0060, 6.63, 6.53, -0.04, -2.96, 48.75
3.70, 0.0060, 6.63, 6.51, -0.04, -2.92, 48.76
3.71, 0.0070, 6.63, 6.49, -0.04, -3.22, 48.57
3.71, 0.0060, 6.63, 6.47, -0.04, -3.96, 46.93
3.72, 0.0070, 6.63, 6.43, -0.04, -4.86, 43.49
3.73, 0.0070, 6.63, 6.39, -0.04, -5.63, 39.23
3.73, 0.0060, 6.63, 6.36, -0.04, -6.13, 35.36
3.74, 0.0060, 6.63, 6.32, -0.04, -6.35, 32.60
3.74, 0.0070, 6.63, 6.27, -0.04, -6.46, 30.99
3.75, 0.0060, 6.63, 6.23, -0.04, -6.71, 29.61
3.76, 0.0060, 6.63, 6.19, -0.04, -7.13, 27.83
3.76, 0.0080, 6.63, 6.13, -0.04, -7.67, 25.29
3.77, 0.0060, 6.63, 6.08, -0.04, -8.17, 21.92
3.78, 0.0060, 6.63, 6.03, -0.04, -8.54, 18.92
3.78, 0.0070, 6.63, 5.97, -0.04, -8.77, 16.42
3.79, 0.0060, 6.63, 5.91, -0.04, -8.87, 14.28
3.80, 0.0060, 6.63, 5.86, -0.04, -8.90, 12.82
3.80, 0.0080, 6.63, 5.79, -0.04, -8.90, 11.63
3.81, 0.0060, 6.63, 5.74, -0.04, -8.90, 10.20
3.82, 0.0060, 6.63, 5.68, -0.04, -8.91, 9.12
3.82, 0.0070, 6.63, 5.62, -0.04, -8.95, 8.00
3.83, 0.0060, 6.63, 5.57, -0.04, -8.99, 6.61
3.84, 0.0060, 6.63, 5.51, -0.04, -8.95, 5.38
3.84, 0.0070, 6.63, 5.45, -0.04, -8.74, 4.43
3.85, 0.0070, 6.63, 5.39, -0.04, -8.20, 4.06
3.86, 0.0060, 6.63, 5.35, -0.04, -7.41, 5.06
3.86, 0.0070, 6.63, 5.30, -0.04, -6.46, 7.37
3.87, 0.0060, 6.63, 5.27, -0.04, -5.57, 10.25
3.87, 0.0060, 6.63, 5.24, -0.04, -4.98, 13.12
3.88, 0.0070, 6.63, 5.21, -0.04, -4.74, 14.91
3.89, 0.0070, 6.63, 5.17, -0.04, -4.75, 15.20
3.89, 0.0060, 6.63, 5.15, -0.04, -4.78, 14.47
3.90, 0.0070, 6.63, 5.12, -0.04, -4.39, 13.79
3.91, 0.0060, 6.63, 5.10, -0.04, -3.26, 14.76
3.91, 0.0060, 6.63, 5.08, -0.04, -2.01, 18.88
3.92, 0.0070, 6.63, 5.07, -0.04, -1.30, 23.64
3.93, 0.0060, 6.63, 5.07, -0.04, -1.21, 26.30
3.93, 0.0070, 6.63, 5.06, -0.04, -1.53, 26.52
3.94, 0.0070, 6.63, 5.04, -0.04, -1.84, 25.01
3.95, 0.0060, 6.63, 5.03, -0.04, -1.68, 23.52
3.95, 0.0060, 6.63, 5.03, -0.04, -1.01, 23.96
3.96, 0.0070, 6.63, 5.03, -0.04, -0.03, 26.51
3.96, 0.0060, 6.63, 5.03, -0.04, 0.83, 30.42
3.97, 0.0070, 6.63, 5.04, -0.04, 1.25, 33.96
3.98, 0.0070, 6.63, 5.05, -0.04, 1.29, 35.82
3.98, 0.0060, 6.63, 5.06, -0.04, 1.10, 36.15
3.99, 0.0060, 6.63, 5.06, -0.04, 0.89, 35.52
4.00, 0.0070, 6.63, 5.07, -0.04, 0.79, 34.81
4.00, 0.0060, 6.63, 5.07, -0.04, 0.84, 34.50
4.01, 0.0060, 6.63, 5.08, -0.04, 0.98, 34.81
4.02, 0.0070, 6.63, 5.09, -0.04, 1.12, 35.48
4.02, 0.0070, 6.63, 5.09, -0.04, 1.18, 36.19
4.03, 0.0060, 6.63, 5.10, -0.04, 1.11, 36.60
4.04, 0.0060, 6.63, 5.11, -0.04, 0.97, 36.47
4.04, 0.0070, 6.63, 5.11, -0.04, 0.78, 36.01
4.05, 0.0060, 6.63, 5.12, -0.04, 0.59, 35.39
4.06, 0.0060, 6.63, 5.12, -0.04, 0.39, 34.69
4.06, 0.0080, 6.63, 5.12, -0.04, 0.16, 33.91
4.07, 0.0060, 6.63, 5.12, -0.04, -0.09, 33.03
4.07, 0.0060, 6.63, 5.12, -0.04, -0.33, 32.03
4.08, 0.0070, 6.63, 5.11, -0.04, -0.55, 31.01
4.09, 0.0060, 6.63, 5.11, -0.04, -0.64, 30.06
4.09, 0.0060, 6.63, 5.11, -0.04, -0.72, 29.64
4.10, 0.0080, 6.63, 5.10, -0.04, -1.06, 29.21
4.11, 0.0060, 6.63, 5.09, -0.04, -1.35, 27.71
4.11, 0.0060, 6.63, 5.08, -0.04, -1.24, 26.36
4.12, 0.0070, 6.63, 5.08, -0.04, -0.75, 26.66
4.13, 0.0060, 6.63, 5.07, -0.04, -0.13, 28.50
4.13, 0.0060, 6.63, 5.08, -0.04, 0.37, 30.98
4.14, 0.0060, 6.63, 5.08, -0.04, 0.49, 33.03
4.15, 0.0080, 6.63, 5.08, -0.04, 0.23, 33.55
4.15, 0.0060, 6.63, 5.08, -0.04, -0.22, 32.55
4.16, 0.0060, 6.63, 5.08, -0.04, -0.59, 30.73
4.17, 0.0070, 6.63, 5.07, -0.04, -0.56, 29.19
4.17, 0.0060, 6.63, 5.07, -0.04, -0.17, 29.22
4.18, 0.0060, 6.63, 5.07, -0.04, 0.25, 30.74
4.19, 0.0080, 6.63, 5.08, -0.04, 0.42, 32.46
4.19, 0.0060, 6.63, 5.08, -0.04, 0.28, 33.23
4.20, 0.0060, 6.63, 5.08, -0.04, -0.02, 32.71
4.20, 0.0070, 6.63, 5.08, -0.04, -0.29, 31.48
4.21, 0.0060, 6.63, 5.07, -0.04, -0.41, 30.38
4.22, 0.0060, 6.63, 5.07, -0.04, -0.32, 29.84
4.22, 0.0070, 6.63, 5.07, -0.04, -0.08, 30.15
4.23, 0.0070, 6.63, 5.07, -0.04, 0.18, 31.11
4.24, 0.0060, 6.63, 5.07, -0.04, 0.32, 32.17
4.24, 0.0070, 6.63, 5.08, -0.04, 0.27, 32.77
4.25, 0.0060, 6.63, 5.08, -0.04, 0.10, 32.61
4.26, 0.0060, 6.63, 5.08, -0.04, -0.05, 31.93
4.26, 0.0070, 6.63, 5.08, -0.04, -0.03, 31.33
4.27, 0.0060, 6.63, 5.08, -0.04, 0.16, 31.39
4.28, 0.0070, 6.63, 5.08, -0.04, 0.43, 32.20
4.28, 0.0060, 6.63, 5.08, -0.04, 0.60, 33.34
4.29, 0.0070, 6.63, 5.09, -0.04, 0.61, 34.11
4.29, 0.0060, 6.63, 5.09, -0.04, 0.55, 34.22
4.30, 0.0060, 6.63, 5.09, -0.04, 0.51, 34.05
4.31, 0.0070, 6.63, 5.10, -0.04, 0.46, 33.94
4.31, 0.0070, 6.63, 5.10, -0.04, 0.33, 33.79
4.32, 0.0060, 6.63, 5.10, -0.04, 0.13, 33.32
4.33, 0.0070, 6.63, 5.10, -0.04, -0.05, 32.54
4.33, 0.0060, 6.63, 5.10, -0.04, -0.08, 31.82
4.34, 0.0060, 6.63, 5.10, -0.04, 0.03, 31.68
4.35, 0.0070, 6.63, 5.10, -0.04, 0.19, 32.14
4.35, 0.0060, 6.63, 5.10, -0.04, 0.28, 32.79
4.36, 0.0070, 6.63, 5.10, -0.04, 0.18, 33.20
4.37, 0.0060, 6.63, 5.10, -0.04, -0.09, 32.83
4.37, 0.0070, 6.63, 5.10, -0.04, -0.30, 31.75
4.38, 0.0060, 6.63, 5.10, -0.04, -0.31, 30.84
4.39, 0.0060, 6.63, 5.10, -0.04, -0.10, 30.75
4.39, 0.0070, 6.63, 5.10, -0.04, 0.19, 31.60
4.40, 0.0070, 6.63, 5.10, -0.04, 0.39, 32.78
4.41, 0.0060, 6.63, 5.11, -0.04, 0.45, 33.64
4.41, 0.0070, 6.63, 5.11, -0.04, 0.36, 33.94
4.42, 0.0060, 6.63, 5.11, -0.04, 0.18, 33.62
4.42, 0.0060, 6.63, 5.11, -0.04, 0.01, 32.91
4.43, 0.0070, 6.63, 5.11, -0.04, -0.07, 32.25
4.44, 0.0060, 6.63, 5.11, -0.04, -0.05, 31.90
4.44, 0.0070, 6.63, 5.11, -0.04, 0.05, 32.01
4.45, 0.0070, 6.63, 5.11, -0.04, 0.15, 32.39
4.46, 0.0060, 6.63, 5.11, -0.04, 0.19, 32.81
4.46, 0.0060, 6.63, 5.11, -0.04, 0.16, 33.00
4.47, 0.0070, 6.63, 5.11, -0.04, 0.06, 32.89
4.48, 0.0060, 6.63, 5.11, -0.04, -0.01, 32.52
4.48, 0.0060, 6.63, 5.11, -0.04, -0.02, 32.20
4.49, 0.0080, 6.63, 5.11, -0.04, -0.03, 32.18
4.50, 0.0060, 6.63, 5.11, -0.04, -0.06, 32.16
4.50, 0.0060, 6.63, 5.11, -0.04, -0.09, 32.00
4.51, 0.0070, 6.63, 5.11, -0.04, -0.05, 31.87
4.51, 0.0060, 6.63, 5.11, -0.04, 0.06, 32.03
4.52, 0.0060, 6.63, 5.11, -0.04, 0.19, 32.50
4.53, 0.0070, 6.63, 5.11, -0.04, 0.21, 33.01
4.53, 0.0070, 6.63, 5.12, -0.04, 0.12, 33.15
4.54, 0.0060, 6.63, 5.12, -0.04, -0.02, 32.81
4.55, 0.0060, 6.63, 5.11, -0.04, -0.12, 32.22
4.55, 0.0070, 6.63, 5.11, -0.04, -0.12, 31.82
4.56, 0.0060, 6.63, 5.11, -0.04, -0.06, 31.80
4.57, 0.0060, 6.63, 5.11, -0.04, 0.03, 32.04
4.57, 0.0080, 6.63, 5.11, -0.04, 0.10, 32.38
4.58, 0.0060, 6.63, 5.12, -0.04, 0.14, 32.69
4.59, 0.0060, 6.63, 5.12, -0.04, 0.12, 32.85
4.59, 0.0070, 6.63, 5.12, -0.04, 0.07, 32.80
4.60, 0.0060, 6.63, 5.12, -0.04, 0.02, 32.61
4.61, 0.0060, 6.63, 5.12, -0.04, -0.00, 32.41
4.61, 0.0080, 6.63, 5.12, -0.04, 0.01, 32.32
4.62, 0.0060, 6.63, 5.12, -0.04, 0.03, 32.38
4.63, 0.0060, 6.63, 5.12, -0.04, 0.05, 32.48
4.63, 0.0070, 6.63, 5.12, -0.04, 0.05, 32.52
4.64, 0.0060, 6.63, 5.12, -0.04, 0.06, 32.55
4.64, 0.0060, 6.63, 5.12, -0.04, 0.08, 32.62
4.65, 0.0070, 6.63, 5.12, -0.04, 0.09, 32.70
4.66, 0.0070, 6.63, 5.12, -0.04, 0.07, 32.72
4.66, 0.0060, 6.63, 5.12, -0.04, 0.04, 32.65
4.67, 0.0060, 6.63, 5.12, -0.04, 0.01, 32.53
4.68, 0.0070, 6.63, 5.12, -0.04, -0.00, 32.44
4.68, 0.0060, 6.63, 5.12, -0.04, 0.00, 32.39
4.69, 0.0060, 6.63, 5.12, -0.04, 0.02, 32.41
4.70, 0.0070, 6.63, 5.12, -0.04, 0.05, 32.49
4.70, 0.0070, 6.63, 5.12, -0.04, 0.06, 32.59
4.71, 0.0060, 6.63, 5.12, -0.04, 0.06, 32.67
4.72, 0.0070, 6.63, 5.12, -0.04, 0.05, 32.67
4.72, 0.0060, 6.63, 5.12, -0.04, 0.04, 32.63
4.73, 0.0060, 6.63, 5.12, -0.04, 0.03, 32.58
4.73, 0.0070, 6.63, 5.12, -0.04, 0.03, 32.54
4.74, 0.0070, 6.63, 5.12, -0.04, 0.05, 32.56
4.75, 0.0060, 6.63, 5.12, -0.04, 0.07, 32.63
4.75, 0.0070, 6.63, 5.12, -0.04, 0.08, 32.72
4.76, 0.0060, 6.63, 5.12, -0.04, 0.08, 32.79
4.77, 0.0060, 6.63, 5.12, -0.04, 0.07, 32.80
4.77, 0.0070, 6.63, 5.12, -0.04, 0.06, 32.77
4.78, 0.0060, 6.63, 5.12, -0.04, 0.05, 32.73
4.79, 0.0070, 6.63, 5.13, -0.04, 0.03, 32.68
4.79, 0.0070, 6.63, 5.13, -0.04, 0.03, 32.63
4.80, 0.0060, 6.63, 5.13, -0.04, 0.03, 32.61
4.81, 0.0060, 6.63, 5.13, -0.04, 0.04, 32.62
4.81, 0.0070, 6.63, 5.13, -0.04, 0.04, 32.66
4.82, 0.0060, 6.63, 5.13, -0.04, 0.04, 32.68
4.83, 0.0070, 6.63, 5.13, -0.04, 0.04, 32.69
4.83, 0.0070, 6.63, 5.13, -0.04, 0.04, 32.69
4.84, 0.0060, 6.63, 5.13, -0.04, 0.04, 32.69
4.84, 0.0060, 6.63, 5.13, -0.04, 0.03, 32.69
4.85, 0.0060, 6.63, 5.13, -0.04, 0.03, 32.68
4.86, 0.0070, 6.63, 5.13, -0.04, 0.03, 32.68
4.86, 0.0060, 6.63, 5.13, -0.04, 0.06, 32.67
4.87, 0.0070, 6.63, 5.13, -0.04, 0.07, 32.81
4.88, 0.0070, 6.63, 5.13, -0.04, 0.04, 32.87
4.88, 0.0060, 6.63, 5.13, -0.04, 0.06, 32.75
4.89, 0.0060, 6.63, 5.13, -0.04, 0.10, 32.81
4.90, 0.0070, 6.63, 5.13, -0.04, 0.12, 33.00
4.90, 0.0060, 6.63, 5.13, -0.04, 0.07, 33.11
4.91, 0.0060, 6.63, 5.13, -0.04, -0.04, 32.89
4.92, 0.0080, 6.63, 5.13, -0.04, -0.17, 32.45
4.92, 0.0060, 6.63, 5.13, -0.04, -0.34, 31.92
4.93, 0.0060, 6.63, 5.12, -0.04, -0.62, 31.19
4.94, 0.0070, 6.63, 5.12, -0.04, -1.01, 29.99
4.94, 0.0060, 6.63, 5.11, -0.04, -1.49, 28.28
4.95, 0.0060, 6.63, 5.10, -0.04, -2.00, 26.18
4.96, 0.0080, 6.63, 5.08, -0.04, -2.52, 23.92
4.96, 0.0060, 6.63, 5.06, -0.04, -3.08, 21.42
4.97, 0.0060, 6.63, 5.03, -0.04, -3.67, 18.82
4.97, 0.0070, 6.63, 5.01, -0.04, -4.25, 16.03
4.98, 0.0060, 6.63, 4.98, -0.04, -4.81, 13.12
4.99, 0.0070, 6.63, 4.94, -0.04, -5.36, 10.30
4.99, 0.0060, 6.63, 4.90, -0.04, -5.92, 7.34
5.00, 0.0070, 6.63, 4.86, -0.04, -6.46, 4.40
5.01, 0.0060, 6.63, 4.82, -0.04, -6.95, 1.34
5.01, 0.0070, 6.63, 4.76, -0.04, -7.38, -1.48
5.02, 0.0060, 6.63, 4.72, -0.04, -7.75, -4.22
5.03, 0.0060, 6.63, 4.67, -0.04, -8.12, -6.64
5.03, 0.0070, 6.63, 4.61, -0.04, -8.52, -9.09
5.04, 0.0070, 6.63, 4.55, -0.04, -9.01, -11.89
5.05, 0.0060, 6.63, 4.49, -0.04, -9.58, -15.11
5.05, 0.0070, 6.63, 4.42, -0.04, -10.19, -18.52
5.06, 0.0060, 6.63, 4.35, -0.04, -10.87, -22.42
5.07, 0.0060, 6.63, 4.28, -0.04, -11.50, -26.41
5.07, 0.0070, 6.63, 4.20, -0.04, -12.08, -30.33
5.08, 0.0060, 6.63, 4.12, -0.04, -12.64, -34.32
5.09, 0.0080, 6.63, 4.02, -0.04, -13.19, -38.10
5.09, 0.0060, 6.63, 3.94, -0.04, -13.69, -42.40
5.10, 0.0060, 6.63, 3.85, -0.04, -14.15, -46.05
5.10, 0.0070, 6.63, 3.75, -0.04, -14.68, -49.58
5.11, 0.0060, 6.63, 3.66, -0.04, -15.29, -53.76
5.12, 0.0070, 6.63, 3.55, -0.04, -15.82, -58.02
5.12, 0.0070, 6.63, 3.43, -0.04, -16.07, -62.38
5.13, 0.0060, 6.63, 3.34, -0.04, -15.85, -65.62
5.14, 0.0070, 6.63, 3.23, -0.04, -15.24, -66.64
5.14, 0.0060, 6.63, 3.14, -0.04, -14.64, -66.35
5.15, 0.0070, 6.63, 3.04, -0.04, -14.37, -65.70
5.16, 0.0060, 6.63, 2.96, -0.04, -14.32, -66.61
5.16, 0.0060, 6.63, 2.87, -0.04, -14.28, -68.14
5.17, 0.0080, 6.63, 2.76, -0.04, -14.08, -69.69
5.18, 0.0060, 6.63, 2.68, -0.04, -13.59, -71.13
5.18, 0.0070, 6.63, 2.59, -0.04, -12.82, -70.81
5.19, 0.0060, 6.63, 2.52, -0.04, -11.79, -69.53
5.20, 0.0060, 6.63, 2.45, -0.04, -10.69, -66.85
5.20, 0.0070, 6.63, 2.38, -0.04, -9.76, -63.72
5.21, 0.0070, 6.63, 2.32, -0.04, -9.10, -61.34
5.22, 0.0070, 6.63, 2.26, -0.04, -8.66, -59.98
5.22, 0.0060, 6.63, 2.21, -0.04, -8.22, -59.45
5.23, 0.0060, 6.63, 2.16, -0.04, -7.61, -58.69
5.24, 0.0070, 6.63, 2.12, -0.04, -6.75, -57.13
5.24, 0.0060, 6.63, 2.08, -0.04, -5.71, -54.67
5.25, 0.0060, 6.63, 2.06, -0.04, -4.63, -51.19
5.26, 0.0080, 6.63, 2.03, -0.04, -3.60, -47.39
5.26, 0.0060, 6.63, 2.01, -0.04, -2.66, -43.88
5.27, 0.0060, 6.63, 2.00, -0.04, -1.78, -40.44
5.27, 0.0070, 6.63, 1.99, -0.04, -0.92, -37.13
5.28, 0.0060, 6.63, 1.99, -0.04, -0.05, -33.82
5.29, 0.0060, 6.63, 2.00, -0.04, 0.81, -30.34
5.29, 0.0060, 6.63, 2.01, -0.04, 1.69, -26.81
5.30, 0.0080, 6.63, 2.03, -0.04, 2.65, -23.07
5.31, 0.0060, 6.63, 2.05, -0.04, 3.68, -18.82
5.31, 0.0060, 6.63, 2.08, -0.04, 4.72, -14.24
5.32, 0.0070, 6.63, 2.12, -0.04, 5.58, -9.54
5.32, 0.0060, 6.63, 2.16, -0.04, 6.04, -5.29
5.33, 0.0060, 6.63, 2.19, -0.04, 6.11, -2.74
5.34, 0.0080, 6.63, 2.24, -0.04, 6.09, -1.73
5.34, 0.0060, 6.63, 2.28, -0.04, 6.27, -0.81
5.35, 0.0060, 6.63, 2.32, -0.04, 6.55, 0.65
5.36, 0.0060, 6.63, 2.36, -0.04, 6.67, 2.57
5.36, 0.0070, 6.63, 2.40, -0.04, 6.50, 3.85
5.37, 0.0060, 6.63, 2.44, -0.04, 5.98, 4.07
5.38, 0.0060, 6.63, 2.47, -0.04, 5.24, 2.70
5.38, 0.0070, 6.63, 2.50, -0.04, 4.41, 0.39
5.39, 0.0070, 6.63, 2.53, -0.04, 3.69, -2.34
5.40, 0.0060, 6.63, 2.55, -0.04, 3.20, -4.71
5.40, 0.0060, 6.63, 2.56, -0.04, 2.84, -6.27
5.41, 0.0070, 6.63, 2.58, -0.04, 2.41, -7.38
5.42, 0.0060, 6.63, 2.59, -0.04, 1.63, -8.77
5.42, 0.0070, 6.63, 2.59, -0.04, 0.44, -11.66
5.43, 0.0070, 6.63, 2.59, -0.04, -1.01, -16.39
5.44, 0.0060, 6.63, 2.57, -0.04, -2.54, -22.30
5.44, 0.0060, 6.63, 2.55, -0.04, -3.96, -28.73
5.45, 0.0070, 6.63, 2.51, -0.04, -5.14, -34.89
5.45, 0.0060, 6.63, 2.47, -0.04, -6.13, -40.34
5.46, 0.0060, 6.63, 2.43, -0.04, -6.98, -45.04
5.47, 0.0080, 6.63, 2.37, -0.04, -7.82, -49.25
5.47, 0.0060, 6.63, 2.32, -0.04, -8.78, -53.87
5.48, 0.0060, 6.63, 2.26, -0.04, -9.88, -58.78
5.49, 0.0070, 6.63, 2.18, -0.04, -11.14, -64.38
5.49, 0.0060, 6.63, 2.11, -0.04, -12.42, -70.97
5.50, 0.0060, 6.63, 2.02, -0.04, -13.56, -77.56
5.51, 0.0080, 6.63, 1.91, -0.04, -14.49, -83.77
5.51, 0.0060, 6.63, 1.82, -0.04, -15.07, -89.79
5.52, 0.0070, 6.63, 1.71, -0.04, -15.38, -93.92
5.53, 0.0060, 6.63, 1.62, -0.04, -15.67, -97.33
5.53, 0.0060, 6.63, 1.52, -0.04, -16.09, -100.35
5.54, 0.0070, 6.63, 1.40, -0.04, -16.59, -103.99
5.55, 0.0060, 6.63, 1.30, -0.04, -16.92, -108.29
5.55, 0.0080, 6.63, 1.17, -0.04, -16.84, -111.63
5.56, 0.0060, 6.63, 1.07, -0.04, -16.33, -114.01
5.57, 0.0060, 6.63, 0.98, -0.04, -15.48, -113.93
5.57, 0.0070, 6.63, 0.88, -0.04, -14.42, -112.39
5.58, 0.0060, 6.63, 0.79, -0.04, -13.48, -110.19
5.59, 0.0070, 6.63, 0.70, -0.04, -12.86, -108.01
5.59, 0.0060, 6.63, 0.63, -0.04, -12.55, -107.36
5.60, 0.0080, 6.63, 0.53, -0.04, -12.23, -107.61
5.61, 0.0060, 6.63, 0.46, -0.04, -11.53, -108.29
5.61, 0.0070, 6.63, 0.39, -0.04, -10.32, -106.89
5.62, 0.0060, 6.63, 0.34, -0.04, -8.61, -103.48
5.63, 0.0060, 6.63, 0.30, -0.04, -6.76, -97.66
5.63, 0.0070, 6.63, 0.26, -0.04, -4.96, -91.08
5.64, 0.0070, 6.63, 0.24, -0.04, -3.38, -84.60
5.65, 0.0060, 6.63, 0.23, -0.04, -1.98, -78.73
5.65, 0.0070, 6.63, 0.22, -0.04, -0.65, -73.35
5.66, 0.0060, 6.63, 0.23, -0.04, 0.60, -68.15
5.66, 0.0060, 6.63, 0.24, -0.04, 1.90, -63.07
5.67, 0.0070, 6.63, 0.26, -0.04, 3.30, -57.64
5.68, 0.0060, 6.63, 0.29, -0.04, 4.85, -51.59
5.68, 0.0070, 6.63, 0.34, -0.04, 6.57, -44.81
5.69, 0.0070, 6.63, 0.39, -0.04, 8.24, -37.00
5.70, 0.0060, 6.63, 0.45, -0.04, 9.70, -29.18
5.70, 0.0060, 6.63, 0.52, -0.04, 10.86, -22.18
5.71, 0.0070, 6.63, 0.60, -0.04, 11.68, -16.21
5.72, 0.0060, 6.63, 0.67, -0.04, 12.33, -11.30
5.72, 0.0070, 6.63, 0.76, -0.04, 12.92, -7.23
5.73, 0.0070, 6.63, 0.86, -0.04, 13.54, -3.04
5.74, 0.0060, 6.63, 0.94, -0.04, 14.12, 1.32
5.74, 0.0060, 6.63, 1.03, -0.04, 14.40, 5.33
5.75, 0.0070, 6.63, 1.13, -0.04, 14.35, 8.20
5.75, 0.0060, 6.63, 1.21, -0.04, 13.96, 9.97
5.76, 0.0060, 6.63, 1.29, -0.04, 13.23, 10.10
5.77, 0.0080, 6.63, 1.39, -0.04, 12.37, 8.77
5.77, 0.0060, 6.63, 1.46, -0.04, 11.52, 7.29
5.78, 0.0060, 6.63, 1.53, -0.04, 10.85, 5.28
5.79, 0.0070, 6.63, 1.60, -0.04, 10.30, 3.93
5.79, 0.0060, 6.63, 1.66, -0.04, 9.64, 3.17
5.80, 0.0060, 6.63, 1.71, -0.04, 8.58, 1.67
5.81, 0.0070, 6.63, 1.76, -0.04, 7.15, -1.54
5.81, 0.0070, 6.63, 1.79, -0.04, 5.37, -6.26
5.82, 0.0060, 6.63, 1.82, -0.04, 3.45, -12.62
5.83, 0.0060, 6.63, 1.82, -0.04, 1.45, -19.90
5.83, 0.0070, 6.63, 1.82, -0.04, -0.50, -27.70
5.84, 0.0060, 6.63, 1.81, -0.04, -2.40, -35.59
5.85, 0.0060, 6.63, 1.78, -0.04, -4.25, -43.49
5.85, 0.0080, 6.63, 1.73, -0.04, -6.02, -51.37
5.86, 0.0060, 6.63, 1.69, -0.04, -7.79, -59.43
5.86, 0.0060, 6.63, 1.63, -0.04, -9.62, -67.46
5.87, 0.0070, 6.63, 1.55, -0.04, -11.57, -75.90
5.88, 0.0060, 6.63, 1.47, -0.04, -13.65, -85.35
5.88, 0.0070, 6.63, 1.36, -0.04, -15.63, -95.29
5.89, 0.0070, 6.63, 1.23, -0.04, -17.39, -105.39
5.90, 0.0060, 6.63, 1.12, -0.04, -18.84, -114.89
5.90, 0.0070, 6.63, 0.98, -0.04, -20.07, -122.96
5.91, 0.0060, 6.63, 0.85, -0.04, -21.27, -130.65
5.92, 0.0070, 6.63, 0.70, -0.04, -22.49, -138.00
5.92, 0.0060, 6.63, 0.55, -0.04, -23.60, -146.04
5.93, 0.0070, 6.63, 0.38, -0.04, -24.47, -153.33
5.94, 0.0070, 6.63, 0.21, -0.04, -24.92, -160.21
5.94, 0.0060, 6.63, 0.06, -0.04, -24.98, -165.53
5.95, 0.0070, 6.63, -0.11, -0.04, -24.77, -168.75
5.96, 0.0060, 6.63, -0.26, -0.04, -24.31, -171.36
5.96, 0.0070, 6.63, -0.43, -0.04, -23.89, -172.44
5.97, 0.0060, 6.63, -0.57, -0.04, -23.54, -174.13
5.98, 0.0080, 6.63, -0.76, -0.04, -23.27, -175.53
5.98, 0.0060, 6.63, -0.89, -0.04, -22.93, -178.19
5.99, 0.0070, 6.63, -1.05, -0.04, -22.33, -179.58
6.00, 0.0060, 6.63, -1.18, -0.04, -21.36, -180.31
6.00, 0.0060, 6.63, -1.30, -0.04, -20.05, -178.97
6.01, 0.0070, 6.63, -1.43, -0.04, -18.50, -176.15
6.02, 0.0060, 6.63, -1.53, -0.04, -16.76, -172.53
6.02, 0.0080, 6.63, -1.65, -0.04, -14.91, -167.59
6.03, 0.0060, 6.63, -1.73, -0.04, -13.00, -162.60
6.04, 0.0070, 6.63, -1.80, -0.04, -11.10, -156.49
6.04, 0.0060, 6.63, -1.86, -0.04, -9.28, -150.45
6.05, 0.0060, 6.63, -1.90, -0.04, -7.50, -144.27
6.05, 0.0070, 6.63, -1.94, -0.04, -5.67, -138.07
6.06, 0.0070, 6.63, -1.97, -0.04, -3.71, -131.52
6.07, 0.0070, 6.63, -1.98, -0.04, -1.60, -124.23
6.07, 0.0060, 6.63, -1.98, -0.04, 0.56, -115.99
6.08, 0.0060, 6.63, -1.96, -0.04, 2.61, -107.30
6.09, 0.0070, 6.63, -1.93, -0.04, 4.46, -98.78
6.09, 0.0060, 6.63, -1.89, -0.04, 6.04, -90.76
6.10, 0.0060, 6.63, -1.85, -0.04, 7.43, -83.73
6.11, 0.0080, 6.63, -1.78, -0.04, 8.76, -77.28
6.11, 0.0060, 6.63, -1.72, -0.04, 10.27, -70.54
6.12, 0.0070, 6.63, -1.64, -0.04, 11.59, -63.27
6.13, 0.0060, 6.63, -1.56, -0.04, 12.79, -56.37
6.13, 0.0060, 6.63, -1.48, -0.04, 13.82, -50.03
6.14, 0.0070, 6.63, -1.37, -0.04, 14.77, -44.27
6.15, 0.0070, 6.63, -1.26, -0.04, 15.73, -38.37
6.15, 0.0060, 6.63, -1.17, -0.04, 16.33, -32.35
6.16, 0.0070, 6.63, -1.05, -0.04, 16.28, -27.98
6.17, 0.0060, 6.63, -0.96, -0.04, 15.58, -25.91
6.17, 0.0070, 6.63, -0.86, -0.04, 14.48, -26.85
6.18, 0.0060, 6.63, -0.78, -0.04, 13.43, -29.19
6.19, 0.0060, 6.63, -0.70, -0.04, 12.62, -31.79
6.19, 0.0080, 6.63, -0.60, -0.04, 12.13, -33.53
6.20, 0.0060, 6.63, -0.53, -0.04, 11.68, -33.56
6.21, 0.0070, 6.63, -0.45, -0.04, 11.18, -33.95
6.21, 0.0060, 6.63, -0.39, -0.04, 10.14, -34.39
6.22, 0.0060, 6.63, -0.34, -0.04, 8.34, -37.31
6.23, 0.0070, 6.63, -0.30, -0.04, 5.93, -43.51
6.23, 0.0060, 6.63, -0.28, -0.04, 3.24, -52.31
6.24, 0.0070, 6.63, -0.28, -0.04, 0.60, -62.70
6.25, 0.0070, 6.63, -0.29, -0.04, -1.60, -73.16
6.25, 0.0060, 6.63, -0.31, -0.04, -3.31, -82.21
6.26, 0.0060, 6.63, -0.34, -0.04, -4.71, -89.44
6.26, 0.0070, 6.63, -0.38, -0.04, -6.12, -95.62
6.27, 0.0060, 6.63, -0.43, -0.04, -8.00, -102.09
6.28, 0.0070, 6.63, -0.50, -0.04, -10.63, -110.60
6.28, 0.0070, 6.63, -0.60, -0.04, -13.61, -122.61
6.29, 0.0060, 6.63, -0.70, -0.04, -16.56, -136.42
6.30, 0.0070, 6.63, -0.83, -0.04, -19.10, -150.20
6.30, 0.0060, 6.63, -0.96, -0.04, -21.03, -163.05
6.31, 0.0070, 6.63, -1.11, -0.04, -22.26, -173.27
6.32, 0.0060, 6.63, -1.25, -0.04, -22.87, -181.31
6.32, 0.0070, 6.63, -1.42, -0.04, -23.75, -186.52
6.33, 0.0070, 6.63, -1.60, -0.04, -25.42, -193.36
6.34, 0.0060, 6.63, -1.76, -0.04, -27.73, -203.58
6.34, 0.0070, 6.63, -1.97, -0.04, -30.32, -216.13
6.35, 0.0060, 6.63, -2.17, -0.04, -32.51, -230.74
6.36, 0.0070, 6.63, -2.40, -0.04, -33.61, -243.43
6.36, 0.0070, 6.63, -2.64, -0.04, -33.45, -252.51
6.37, 0.0070, 6.63, -2.87, -0.04, -32.42, -256.57
6.38, 0.0060, 6.63, -3.05, -0.04, -31.25, -257.00
6.38, 0.0070, 6.63, -3.27, -0.04, -30.70, -256.05
6.39, 0.0060, 6.63, -3.45, -0.04, -31.21, -258.16
6.40, 0.0070, 6.63, -3.68, -0.04, -32.10, -263.94
6.40, 0.0070, 6.63, -3.91, -0.04, -32.85, -272.00
6.41, 0.0060, 6.63, -4.11, -0.04, -32.70, -279.58
6.42, 0.0070, 6.63, -4.33, -0.04, -31.51, -282.90
6.42, 0.0060, 6.63, -4.50, -0.04, -29.67, -282.56
6.43, 0.0070, 6.63, -4.70, -0.04, -27.72, -278.76
6.44, 0.0060, 6.63, -4.85, -0.04, -26.00, -274.86
6.44, 0.0070, 6.63, -5.03, -0.04, -24.77, -271.08
6.45, 0.0070, 6.63, -5.20, -0.04, -24.05, -269.63
6.46, 0.0070, 6.63, -5.36, -0.04, -23.54, -270.10
6.46, 0.0060, 6.63, -5.50, -0.04, -22.93, -271.39
6.47, 0.0070, 6.63, -5.65, -0.04, -21.76, -271.70
6.48, 0.0060, 6.63, -5.77, -0.04, -19.81, -270.04
6.48, 0.0060, 6.63, -5.87, -0.04, -17.54, -264.63
6.49, 0.0080, 6.63, -6.00, -0.04, -15.31, -257.65
6.50, 0.0060, 6.63, -6.08, -0.04, -13.47, -251.19
6.50, 0.0070, 6.63, -6.16, -0.04, -12.17, -245.45
6.51, 0.0060, 6.63, -6.23, -0.04, -11.52, -241.97
6.51, 0.0070, 6.63, -6.31, -0.04, -11.20, -240.72
6.52, 0.0060, 6.63, -6.37, -0.04, -10.58, -241.02
6.53, 0.0070, 6.63, -6.44, -0.04, -9.27, -239.82
6.53, 0.0070, 6.63, -6.49, -0.04, -7.54, -235.88
6.54, 0.0060, 6.63, -6.53, -0.04, -5.67, -230.00
6.55, 0.0070, 6.63, -6.55, -0.04, -3.84, -223.22
6.55, 0.0060, 6.63, -6.57, -0.04, -2.32, -216.42
6.56, 0.0070, 6.63, -6.58, -0.04, -1.35, -210.62
6.57, 0.0060, 6.63, -6.58, -0.04, -1.13, -206.92
6.57, 0.0080, 6.63, -6.59, -0.04, -1.48, -206.18
6.58, 0.0060, 6.63, -6.61, -0.04, -1.79, -207.80
6.59, 0.0060, 6.63, -6.61, -0.04, -1.47, -209.27
6.59, 0.0070, 6.63, -6.62, -0.04, -0.69, -208.17
6.60, 0.0060, 6.63, -6.62, -0.04, 0.24, -205.16
6.61, 0.0070, 6.63, -6.61, -0.04, 1.06, -201.38
6.61, 0.0060, 6.63, -6.60, -0.04, 1.61, -197.98
6.62, 0.0070, 6.63, -6.59, -0.04, 1.71, -195.57
6.63, 0.0070, 6.63, -6.58, -0.04, 1.59, -194.94
6.63, 0.0060, 6.63, -6.57, -0.04, 1.31, -195.20
6.64, 0.0060, 6.63, -6.56, -0.04, 1.01, -196.16
6.65, 0.0070, 6.63, -6.56, -0.04, 0.77, -197.22
6.65, 0.0060, 6.63, -6.55, -0.04, 0.64, -198.10
6.66, 0.0080, 6.63, -6.55, -0.04, 0.57, -198.53
6.67, 0.0060, 6.63, -6.55, -0.04, 0.48, -198.72
6.67, 0.0060, 6.63, -6.55, -0.04, 0.27, -199.04
6.68, 0.0070, 6.63, -6.55, -0.04, -0.15, -199.82
6.69, 0.0060, 6.63, -6.55, -0.04, -0.66, -201.55
6.69, 0.0070, 6.63, -6.56, -0.04, -1.17, -203.66
6.70, 0.0060, 6.63, -6.57, -0.04, -1.62, -205.87
6.71, 0.0070, 6.63, -6.58, -0.04, -2.10, -207.84
6.71, 0.0070, 6.63, -6.60, -0.04, -2.65, -210.08
6.72, 0.0060, 6.63, -6.62, -0.04, -3.31, -212.63
6.73, 0.0060, 6.63, -6.65, -0.04, -3.94, -215.65
6.73, 0.0070, 6.63, -6.68, -0.04, -4.52, -218.66
6.74, 0.0060, 6.63, -6.71, -0.04, -5.11, -221.63
6.75, 0.0080, 6.63, -6.75, -0.04, -5.78, -224.59
6.75, 0.0060, 6.63, -6.79, -0.04, -6.71, -228.20
6.76, 0.0060, 6.63, -6.84, -0.04, -7.88, -232.73
6.76, 0.0070, 6.63, -6.90, -0.04, -8.93, -238.34
6.77, 0.0060, 6.63, -6.96, -0.04, -9.73, -243.80
6.78, 0.0070, 6.63, -7.03, -0.04, -10.13, -248.15
6.78, 0.0060, 6.63, -7.10, -0.04, -10.54, -251.19
6.79, 0.0080, 6.63, -7.18, -0.04, -10.96, -254.07
6.80, 0.0060, 6.63, -7.25, -0.04, -11.71, -257.54
6.80, 0.0070, 6.63, -7.34, -0.04, -12.80, -261.94
6.81, 0.0060, 6.63, -7.43, -0.04, -13.97, -268.10
6.82, 0.0070, 6.63, -7.53, -0.04, -14.69, -274.44
6.82, 0.0060, 6.63, -7.62, -0.04, -14.87, -279.37
6.83, 0.0080, 6.63, -7.74, -0.04, -14.57, -281.86
6.84, 0.0060, 6.63, -7.82, -0.04, -14.14, -283.01
6.84, 0.0060, 6.63, -7.90, -0.04, -13.92, -282.98
6.85, 0.0070, 6.63, -8.00, -0.04, -14.14, -283.77
6.86, 0.0060, 6.63, -8.09, -0.04, -14.68, -286.64
6.86, 0.0070, 6.63, -8.20, -0.04, -15.17, -290.55
6.87, 0.0060, 6.63, -8.29, -0.04, -15.17, -294.65
6.88, 0.0080, 6.63, -8.41, -0.04, -14.66, -296.46
6.88, 0.0060, 6.63, -8.49, -0.04, -14.12, -296.75
6.89, 0.0070, 6.63, -8.59, -0.04, -13.90, -296.28
6.90, 0.0060, 6.63, -8.67, -0.04, -13.95, -297.35
6.90, 0.0070, 6.63, -8.77, -0.04, -13.85, -299.22
6.91, 0.0060, 6.63, -8.85, -0.04, -13.07, -300.78
6.92, 0.0080, 6.63, -8.94, -0.04, -11.76, -299.23
6.92, 0.0060, 6.63, -9.00, -0.04, -10.29, -295.88
6.93, 0.0060, 6.63, -9.06, -0.04, -8.92, -291.21
6.94, 0.0070, 6.63, -9.11, -0.04, -7.69, -286.82
6.94, 0.0060, 6.63, -9.15, -0.04, -6.44, -282.98
6.95, 0.0070, 6.63, -9.18, -0.04, -5.11, -278.76
6.96, 0.0060, 6.63, -9.21, -0.04, -3.68, -274.16
6.96, 0.0080, 6.63, -9.22, -0.04, -2.03, -268.85
6.97, 0.0060, 6.63, -9.22, -0.04, -0.20, -262.59
6.98, 0.0060, 6.63, -9.21, -0.04, 1.85, -255.28
6.98, 0.0070, 6.63, -9.18, -0.04, 4.30, -246.87
6.99, 0.0060, 6.63, -9.14, -0.04, 6.71, -236.48
7.00, 0.0060, 6.63, -9.09, -0.04, 8.99, -226.02
7.00, 0.0080, 6.63, -9.00, -0.04, 11.14, -215.83
7.01, 0.0060, 6.63, -8.92, -0.04, 13.07, -205.44
7.01, 0.0070, 6.63, -8.82, -0.04, 15.01, -196.14
7.02, 0.0060, 6.63, -8.71, -0.04, 16.92, -186.29
7.03, 0.0070, 6.63, -8.58, -0.04, 18.95, -176.60
7.03, 0.0060, 6.63, -8.46, -0.04, 20.91, -165.86
7.04, 0.0070, 6.63, -8.30, -0.04, 23.04, -155.48
7.05, 0.0070, 6.63, -8.12, -0.04, 25.38, -143.73
7.05, 0.0060, 6.63, -7.95, -0.04, 27.87, -130.82
7.06, 0.0070, 6.63, -7.74, -0.04, 30.41, -117.52
7.07, 0.0060, 6.63, -7.54, -0.04, 32.69, -103.11
7.07, 0.0070, 6.63, -7.30, -0.04, 34.78, -90.09
7.08, 0.0060, 6.63, -7.08, -0.04, 36.97, -76.83
7.09, 0.0070, 6.63, -6.80, -0.04, 39.41, -63.65
7.09, 0.0070, 6.63, -6.51, -0.04, 42.02, -48.36
7.10, 0.0060, 6.63, -6.24, -0.04, 44.36, -32.06
7.11, 0.0070, 6.63, -5.92, -0.04, 46.08, -17.36
7.11, 0.0060, 6.63, -5.63, -0.04, 47.45, -4.02
7.12, 0.0060, 6.63, -5.34, -0.04, 48.75, 7.16
7.13, 0.0070, 6.63, -4.99, -0.04, 50.08, 18.20
7.13, 0.0070, 6.63, -4.63, -0.04, 51.37, 30.54
7.14, 0.0060, 6.63, -4.32, -0.04, 52.34, 42.87
7.15, 0.0070, 6.63, -3.94, -0.04, 53.07, 53.03
7.15, 0.0060, 6.63, -3.62, -0.04, 53.71, 63.38
7.16, 0.0070, 6.63, -3.24, -0.04, 54.22, 72.38
7.17, 0.0060, 6.63, -2.91, -0.04, 54.73, 82.01
7.17, 0.0070, 6.63, -2.53, -0.04, 55.06, 90.61
7.18, 0.0070, 6.63, -2.14, -0.04, 55.11, 99.67
7.19, 0.0060, 6.63, -1.81, -0.04, 54.97, 107.59
7.19, 0.0070, 6.63, -1.43, -0.04, 54.75, 113.61
7.20, 0.0060, 6.63, -1.10, -0.04, 54.22, 120.39
7.21, 0.0060, 6.63, -0.78, -0.04, 53.55, 124.80
7.21, 0.0070, 6.63, -0.42, -0.04, 52.44, 128.51
7.22, 0.0070, 6.63, -0.06, -0.04, 51.04, 131.42
7.23, 0.0070, 6.63, 0.29, -0.04, 49.35, 132.96
7.23, 0.0060, 6.63, 0.57, -0.04, 47.78, 133.12
7.24, 0.0070, 6.63, 0.90, -0.04, 46.31, 132.58
7.24, 0.0060, 6.63, 1.17, -0.04, 45.02, 133.16
7.25, 0.0070, 6.63, 1.47, -0.04, 43.72, 133.44
7.26, 0.0070, 6.63, 1.77, -0.04, 42.12, 134.33
7.26, 0.0060, 6.63, 2.01, -0.04, 40.00, 133.82
7.27, 0.0070, 6.63, 2.27, -0.04, 37.55, 130.16
7.28, 0.0060, 6.63, 2.48, -0.04, 34.90, 125.60
7.28, 0.0070, 6.63, 2.71, -0.04, 32.25, 119.21
7.29, 0.0060, 6.63, 2.88, -0.04, 29.72, 113.12
7.30, 0.0070, 6.63, 3.08, -0.04, 27.42, 106.56
7.30, 0.0070, 6.63, 3.25, -0.04, 25.37, 101.21
7.31, 0.0070, 6.63, 3.42, -0.04, 23.51, 96.54
7.32, 0.0060, 6.63, 3.55, -0.04, 21.71, 92.40
7.32, 0.0060, 6.63, 3.67, -0.04, 19.80, 87.80
7.33, 0.0070, 6.63, 3.79, -0.04, 17.76, 82.56
7.34, 0.0060, 6.63, 3.89, -0.04, 15.64, 76.86
7.34, 0.0080, 6.63, 3.99, -0.04, 13.65, 70.27
7.35, 0.0060, 6.63, 4.07, -0.04, 11.88, 64.49
7.36, 0.0060, 6.63, 4.13, -0.04, 10.35, 58.82
7.36, 0.0070, 6.63, 4.19, -0.04, 9.02, 53.98
7.37, 0.0060, 6.63, 4.24, -0.04, 7.80, 49.89
7.38, 0.0060, 6.63, 4.28, -0.04, 6.62, 45.97
7.38, 0.0070, 6.63, 4.32, -0.04, 5.39, 42.03
7.39, 0.0070, 6.63, 4.34, -0.04, 4.21, 37.88
7.40, 0.0060, 6.63, 4.37, -0.04, 3.34, 33.76
7.40, 0.0070, 6.63, 4.38, -0.04, 2.85, 30.66
7.41, 0.0060, 6.63, 4.40, -0.04, 2.74, 29.08
7.42, 0.0060, 6.63, 4.42, -0.04, 2.99, 28.99
7.42, 0.0070, 6.63, 4.44, -0.04, 3.33, 30.33
7.43, 0.0070, 6.63, 4.47, -0.04, 3.60, 32.16
7.44, 0.0060, 6.63, 4.49, -0.04, 3.68, 33.76
7.44, 0.0070, 6.63, 4.52, -0.04, 3.60, 34.51
7.45, 0.0060, 6.63, 4.54, -0.04, 3.59, 34.72
7.45, 0.0060, 6.63, 4.56, -0.04, 3.86, 35.11
7.46, 0.0070, 6.63, 4.59, -0.04, 4.56, 36.64
7.47, 0.0060, 6.63, 4.62, -0.04, 5.44, 40.07
7.47, 0.0070, 6.63, 4.67, -0.04, 6.34, 44.24
7.48, 0.0070, 6.63, 4.72, -0.04, 7.20, 48.73
7.49, 0.0060, 6.63, 4.77, -0.04, 7.95, 53.17
7.49, 0.0060, 6.63, 4.82, -0.04, 8.71, 57.15
7.50, 0.0070, 6.63, 4.89, -0.04, 9.57, 61.22
7.51, 0.0060, 6.63, 4.95, -0.04, 10.46, 66.02
7.51, 0.0060, 6.63, 5.02, -0.04, 11.44, 70.82
7.52, 0.0080, 6.63, 5.12, -0.04, 12.55, 76.12
7.53, 0.0060, 6.63, 5.20, -0.04, 13.74, 82.56
7.53, 0.0070, 6.63, 5.31, -0.04, 14.99, 88.97
7.54, 0.0060, 6.63, 5.40, -0.04, 16.16, 96.06
7.55, 0.0060, 6.63, 5.51, -0.04, 17.21, 102.69
7.55, 0.0070, 6.63, 5.63, -0.04, 18.21, 108.96
7.56, 0.0070, 6.63, 5.77, -0.04, 19.19, 115.51
7.57, 0.0070, 6.63, 5.91, -0.04, 20.17, 122.10
7.57, 0.0060, 6.63, 6.04, -0.04, 21.28, 128.86
7.58, 0.0070, 6.63, 6.19, -0.04, 22.53, 135.85
7.58, 0.0060, 6.63, 6.34, -0.04, 23.77, 143.98
7.59, 0.0060, 6.63, 6.49, -0.04, 24.91, 151.82
7.60, 0.0080, 6.63, 6.69, -0.04, 25.96, 159.38
7.61, 0.0060, 6.63, 6.86, -0.04, 26.96, 167.73
7.61, 0.0070, 6.63, 7.05, -0.04, 27.90, 174.97
7.62, 0.0060, 6.63, 7.22, -0.04, 28.92, 182.61
7.62, 0.0070, 6.63, 7.43, -0.04, 29.98, 190.15
7.63, 0.0060, 6.63, 7.62, -0.04, 31.14, 198.62
7.64, 0.0070, 6.63, 7.85, -0.04, 32.19, 206.99
7.64, 0.0070, 6.63, 8.08, -0.04, 33.07, 215.69
7.65, 0.0060, 6.63, 8.28, -0.04, 33.77, 223.84
7.66, 0.0070, 6.63, 8.52, -0.04, 34.49, 230.68
7.66, 0.0060, 6.63, 8.73, -0.04, 35.44, 238.38
7.67, 0.0070, 6.63, 8.99, -0.04, 36.61, 246.44
7.68, 0.0060, 6.63, 9.22, -0.04, 37.82, 256.24
7.68, 0.0080, 6.63, 9.53, -0.04, 38.89, 265.64
7.69, 0.0060, 6.63, 9.77, -0.04, 39.70, 276.12
7.70, 0.0070, 6.63, 10.05, -0.04, 40.22, 284.16
7.70, 0.0060, 6.63, 10.29, -0.04, 40.61, 291.86
7.71, 0.0070, 6.63, 10.58, -0.04, 41.01, 298.29
7.72, 0.0060, 6.63, 10.83, -0.04, 41.45, 305.63
7.72, 0.0060, 6.63, 11.08, -0.04, 41.93, 312.35
7.73, 0.0080, 6.63, 11.42, -0.04, 42.46, 319.29
7.74, 0.0060, 6.63, 11.68, -0.04, 43.06, 328.23
7.74, 0.0070, 6.63, 11.98, -0.04, 43.70, 335.79
7.75, 0.0060, 6.63, 12.25, -0.04, 44.33, 344.47
7.76, 0.0070, 6.63, 12.56, -0.04, 44.81, 352.32
7.76, 0.0060, 6.63, 12.83, -0.04, 45.04, 360.50
7.77, 0.0080, 6.63, 13.19, -0.04, 44.89, 366.81
7.78, 0.0060, 6.63, 13.46, -0.04, 44.56, 373.43
7.78, 0.0070, 6.63, 13.77, -0.04, 44.32, 377.45
7.79, 0.0060, 6.63, 14.04, -0.04, 44.39, 382.67
7.80, 0.0070, 6.63, 14.35, -0.04, 44.69, 388.29
7.80, 0.0060, 6.63, 14.62, -0.04, 45.04, 395.76
7.81, 0.0070, 6.63, 14.94, -0.04, 45.17, 402.57
7.82, 0.0070, 6.63, 15.25, -0.04, 44.92, 409.41
7.82, 0.0070, 6.63, 15.56, -0.04, 44.39, 414.67
7.83, 0.0060, 6.63, 15.82, -0.04, 43.79, 418.80
7.84, 0.0070, 6.63, 16.13, -0.04, 43.26, 421.63
7.84, 0.0060, 6.63, 16.38, -0.04, 42.84, 425.57
7.85, 0.0070, 6.63, 16.68, -0.04, 42.48, 429.01
7.86, 0.0070, 6.63, 16.98, -0.04, 42.05, 433.52
7.86, 0.0070, 6.63, 17.27, -0.04, 41.52, 437.70
7.87, 0.0060, 6.63, 17.51, -0.04, 40.95, 441.39
7.88, 0.0070, 6.63, 17.79, -0.04, 40.42, 444.03
7.88, 0.0060, 6.63, 18.03, -0.04, 39.92, 447.57
7.89, 0.0070, 6.63, 18.31, -0.04, 39.34, 450.34
7.90, 0.0060, 6.63, 18.54, -0.04, 38.56, 453.54
7.90, 0.0080, 6.63, 18.84, -0.04, 37.64, 455.05
7.91, 0.0060, 6.63, 19.06, -0.04, 36.57, 457.39
7.92, 0.0070, 6.63, 19.31, -0.04, 35.53, 457.51
7.92, 0.0060, 6.63, 19.52, -0.04, 34.57, 458.33
7.93, 0.0070, 6.63, 19.75, -0.04, 33.71, 458.63
7.94, 0.0060, 6.63, 19.95, -0.04, 32.85, 459.90
7.94, 0.0080, 6.63, 20.21, -0.04, 31.87, 460.39
7.95, 0.0060, 6.63, 20.39, -0.04, 30.78, 461.60
7.96, 0.0070, 6.63, 20.60, -0.04, 29.59, 460.91
7.96, 0.0060, 6.63, 20.77, -0.04, 28.39, 460.29
7.97, 0.0070, 6.63, 20.96, -0.04, 27.19, 458.90
7.98, 0.0060, 6.63, 21.11, -0.04, 25.98, 457.92
7.98, 0.0080, 6.63, 21.31, -0.04, 24.68, 456.21
7.99, 0.0060, 6.63, 21.45, -0.04, 23.28, 454.96
8.00, 0.0070, 6.63, 21.60, -0.04, 21.78, 452.13
8.00, 0.0060, 6.63, 21.73, -0.04, 20.30, 449.18
8.01, 0.0060, 6.63, 21.84, -0.04, 18.94, 445.71
8.02, 0.0070, 6.63, 21.96, -0.04, 17.74, 442.53
8.02, 0.0060, 6.63, 22.06, -0.04, 16.56, 440.21
8.03, 0.0080, 6.63, 22.18, -0.04, 15.29, 437.49
8.04, 0.0060, 6.63, 22.27, -0.04, 13.88, 434.85
8.04, 0.0070, 6.63, 22.35, -0.04, 12.40, 430.89
8.05, 0.0060, 6.63, 22.42, -0.04, 10.92, 426.71
8.06, 0.0070, 6.63, 22.49, -0.04, 9.42, 422.08
8.06, 0.0060, 6.63, 22.53, -0.04, 7.87, 417.41
8.07, 0.0080, 6.63, 22.58, -0.04, 6.28, 412.15
8.07, 0.0060, 6.63, 22.61, -0.04, 4.68, 406.78
8.08, 0.0070, 6.63, 22.63, -0.04, 3.20, 400.97
8.09, 0.0060, 6.63, 22.65, -0.04, 1.84, 395.47
8.10, 0.0060, 6.63, 22.65, -0.04, 0.62, 390.25
8.10, 0.0070, 6.63, 22.64, -0.04, -0.59, 385.45
8.11, 0.0060, 6.63, 22.63, -0.04, -1.85, 380.54
8.11, 0.0080, 6.63, 22.61, -0.04, -3.20, 375.27
8.12, 0.0060, 6.63, 22.58, -0.04, -4.58, 369.36
8.13, 0.0060, 6.63, 22.54, -0.04, -5.96, 363.27
8.13, 0.0070, 6.63, 22.49, -0.04, -7.23, 357.05
8.14, 0.0060, 6.63, 22.44, -0.04, -8.37, 350.95
8.15, 0.0070, 6.63, 22.38, -0.04, -9.41, 345.39
8.15, 0.0070, 6.63, 22.30, -0.04, -10.46, 339.90
8.16, 0.0070, 6.63, 22.22, -0.04, -11.57, 334.26
8.17, 0.0060, 6.63, 22.15, -0.04, -12.71, 328.21
8.17, 0.0070, 6.63, 22.05, -0.04, -13.85, 322.11
8.18, 0.0060, 6.63, 21.96, -0.04, -14.93, 315.62
8.19, 0.0070, 6.63, 21.85, -0.04, -15.89, 309.49
8.19, 0.0060, 6.63, 21.75, -0.04, -16.74, 303.44
8.20, 0.0080, 6.63, 21.61, -0.04, -17.51, 298.03
8.21, 0.0060, 6.63, 21.50, -0.04, -18.23, 292.15
8.21, 0.0070, 6.63, 21.37, -0.04, -18.94, 287.08
8.22, 0.0060, 6.63, 21.25, -0.04, -19.62, 281.59
8.23, 0.0070, 6.63, 21.11, -0.04, -20.34, 276.50
8.23, 0.0060, 6.63, 20.98, -0.04, -21.08, 270.80
8.24, 0.0080, 6.63, 20.81, -0.04, -21.86, 265.29
8.25, 0.0060, 6.63, 20.67, -0.04, -22.66, 258.67
8.25, 0.0070, 6.63, 20.51, -0.04, -23.33, 252.77
8.26, 0.0060, 6.63, 20.36, -0.04, -23.86, 246.80
8.27, 0.0070, 6.63, 20.19, -0.04, -24.24, 241.83
8.27, 0.0060, 6.63, 20.05, -0.04, -24.56, 236.93
8.28, 0.0080, 6.63, 19.85, -0.04, -24.97, 232.68
8.29, 0.0060, 6.63, 19.69, -0.04, -25.43, 227.03
8.29, 0.0070, 6.63, 19.51, -0.04, -25.90, 222.17
8.30, 0.0060, 6.63, 19.36, -0.04, -26.29, 216.67
8.31, 0.0070, 6.63, 19.17, -0.04, -26.63, 211.94
8.31, 0.0060, 6.63, 19.01, -0.04, -26.94, 206.84
8.32, 0.0070, 6.63, 18.82, -0.04, -27.26, 202.39
8.33, 0.0070, 6.63, 18.62, -0.04, -27.61, 197.26
8.33, 0.0070, 6.63, 18.43, -0.04, -27.93, 192.03
8.34, 0.0060, 6.63, 18.26, -0.04, -28.22, 186.82
8.35, 0.0070, 6.63, 18.06, -0.04, -28.49, 182.30
8.35, 0.0060, 6.63, 17.89, -0.04, -28.74, 177.19
8.36, 0.0070, 6.63, 17.68, -0.04, -28.96, 172.77
8.37, 0.0070, 6.63, 17.48, -0.04, -29.05, 167.84
8.37, 0.0070, 6.63, 17.28, -0.04, -29.01, 163.39
8.38, 0.0060, 6.63, 17.10, -0.04, -28.83, 159.49
8.39, 0.0070, 6.63, 16.90, -0.04, -28.72, 156.74
8.39, 0.0060, 6.63, 16.73, -0.04, -28.78, 153.18
8.40, 0.0060, 6.63, 16.56, -0.04, -29.01, 149.48
8.41, 0.0070, 6.63, 16.35, -0.04, -29.34, 145.07
8.41, 0.0070, 6.63, 16.14, -0.04, -29.58, 139.66
8.42, 0.0070, 6.63, 15.94, -0.04, -29.68, 134.55
8.43, 0.0060, 6.63, 15.76, -0.04, -29.56, 129.99
8.43, 0.0070, 6.63, 15.55, -0.04, -29.25, 126.92
8.44, 0.0060, 6.63, 15.38, -0.04, -28.82, 124.08
8.45, 0.0070, 6.63, 15.18, -0.04, -28.35, 122.33
8.45, 0.0070, 6.63, 14.99, -0.04, -27.92, 120.23
8.46, 0.0070, 6.63, 14.79, -0.04, -27.56, 118.08
8.47, 0.0060, 6.63, 14.63, -0.04, -27.31, 115.64
8.47, 0.0070, 6.63, 14.44, -0.04, -27.09, 113.36
8.48, 0.0060, 6.63, 14.28, -0.04, -26.82, 110.45
8.49, 0.0070, 6.63, 14.09, -0.04, -26.46, 108.31
8.49, 0.0060, 6.63, 13.94, -0.04, -26.03, 106.04
8.50, 0.0080, 6.63, 13.73, -0.04, -25.51, 104.66
8.51, 0.0060, 6.63, 13.59, -0.04, -24.86, 102.66
8.51, 0.0070, 6.63, 13.42, -0.04, -24.07, 102.24
8.52, 0.0060, 6.63, 13.28, -0.04, -23.13, 102.06
8.53, 0.0070, 6.63, 13.12, -0.04, -22.16, 103.05
8.53, 0.0060, 6.63, 13.00, -0.04, -21.27, 103.83
8.54, 0.0080, 6.63, 12.83, -0.04, -20.49, 104.81
8.55, 0.0060, 6.63, 12.71, -0.04, -19.72, 104.67
8.55, 0.0070, 6.63, 12.58, -0.04, -18.89, 105.36
8.56, 0.0060, 6.63, 12.47, -0.04, -17.92, 106.06
8.57, 0.0070, 6.63, 12.36, -0.04, -16.84, 107.79
8.57, 0.0060, 6.63, 12.26, -0.04, -15.74, 109.75
8.58, 0.0080, 6.63, 12.14, -0.04, -14.69, 112.24
8.59, 0.0060, 6.63, 12.06, -0.04, -13.65, 114.11
8.59, 0.0070, 6.63, 11.97, -0.04, -12.53, 116.65
8.60, 0.0060, 6.63, 11.91, -0.04, -11.32, 119.36
8.61, 0.0070, 6.63, 11.84, -0.04, -10.03, 122.85
8.61, 0.0060, 6.63, 11.78, -0.04, -8.78, 126.59
8.62, 0.0060, 6.63, 11.74, -0.04, -7.58, 130.53
8.63, 0.0080, 6.63, 11.69, -0.04, -6.42, 134.44
8.63, 0.0060, 6.63, 11.65, -0.04, -5.32, 138.02
8.64, 0.0070, 6.63, 11.62, -0.04, -4.17, 141.82
8.65, 0.0060, 6.63, 11.61, -0.04, -2.98, 145.82
8.65, 0.0070, 6.63, 11.59, -0.04, -1.73, 150.23
8.66, 0.0060, 6.63, 11.59, -0.04, -0.47, 154.97
8.67, 0.0070, 6.63, 11.60, -0.04, 0.78, 159.96
8.67, 0.0070, 6.63, 11.61, -0.04, 1.94, 165.05
8.68, 0.0060, 6.63, 11.63, -0.04, 3.08, 169.98
8.69, 0.0070, 6.63, 11.66, -0.04, 4.19, 174.93
8.69, 0.0060, 6.63, 11.69, -0.04, 5.32, 179.94
8.70, 0.0070, 6.63, 11.74, -0.04, 6.41, 185.10
8.71, 0.0060, 6.63, 11.78, -0.04, 7.49, 190.35
8.71, 0.0070, 6.63, 11.84, -0.04, 8.52, 195.57
8.72, 0.0070, 6.63, 11.91, -0.04, 9.53, 200.88
8.73, 0.0060, 6.63, 11.97, -0.04, 10.50, 206.25
8.73, 0.0070, 6.63, 12.05, -0.04, 11.44, 211.38
8.74, 0.0060, 6.63, 12.12, -0.04, 12.31, 216.77
8.74, 0.0070, 6.63, 12.22, -0.04, 13.08, 221.70
8.75, 0.0070, 6.63, 12.31, -0.04, 13.79, 226.64
8.76, 0.0070, 6.63, 12.41, -0.04, 14.47, 231.38
8.77, 0.0060, 6.63, 12.50, -0.04, 15.16, 236.14
8.77, 0.0070, 6.63, 12.62, -0.04, 15.88, 240.71
8.78, 0.0060, 6.63, 12.72, -0.04, 16.61, 245.84
8.78, 0.0070, 6.63, 12.84, -0.04, 17.24, 250.74
8.79, 0.0060, 6.63, 12.94, -0.04, 17.74, 255.68
8.80, 0.0080, 6.63, 13.09, -0.04, 18.14, 259.80
8.81, 0.0060, 6.63, 13.20, -0.04, 18.50, 264.29
8.81, 0.0070, 6.63, 13.33, -0.04, 18.92, 267.97
8.82, 0.0060, 6.63, 13.45, -0.04, 19.38, 272.30
8.82, 0.0070, 6.63, 13.59, -0.04, 19.80, 276.46
8.83, 0.0060, 6.63, 13.71, -0.04, 20.15, 280.91
8.84, 0.0080, 6.63, 13.87, -0.04, 20.40, 284.74
8.85, 0.0060, 6.63, 13.99, -0.04, 20.59, 289.00
8.85, 0.0070, 6.63, 14.14, -0.04, 20.72, 292.22
8.86, 0.0060, 6.63, 14.26, -0.04, 20.83, 295.65
8.86, 0.0070, 6.63, 14.41, -0.04, 20.94, 298.58
8.87, 0.0060, 6.63, 14.54, -0.04, 21.11, 301.97
8.88, 0.0080, 6.63, 14.71, -0.04, 21.33, 305.18
8.89, 0.0060, 6.63, 14.84, -0.04, 21.63, 309.46
8.89, 0.0070, 6.63, 14.99, -0.04, 21.95, 313.24
8.90, 0.0060, 6.63, 15.12, -0.04, 22.19, 317.61
8.90, 0.0070, 6.63, 15.28, -0.04, 22.18, 321.22
8.91, 0.0060, 6.63, 15.41, -0.04, 21.92, 324.30
8.92, 0.0070, 6.63, 15.56, -0.04, 21.55, 325.88
8.93, 0.0070, 6.63, 15.71, -0.04, 21.24, 327.43
8.93, 0.0070, 6.63, 15.86, -0.04, 21.09, 329.17
8.94, 0.0060, 6.63, 15.98, -0.04, 21.12, 331.51
8.94, 0.0070, 6.63, 16.13, -0.04, 21.26, 334.15
8.95, 0.0060, 6.63, 16.26, -0.04, 21.44, 337.69
8.96, 0.0070, 6.63, 16.41, -0.04, 21.49, 340.98
8.97, 0.0070, 6.63, 16.56, -0.04, 21.37, 344.19
8.97, 0.0070, 6.63, 16.71, -0.04, 21.12, 346.73
8.98, 0.0060, 6.63, 16.83, -0.04, 20.83, 348.67
8.98, 0.0070, 6.63, 16.98, -0.04, 20.64, 350.03
8.99, 0.0060, 6.63, 17.10, -0.04, 20.55, 352.16
9.00, 0.0070, 6.63, 17.25, -0.04, 20.49, 354.23
9.01, 0.0060, 6.63, 17.37, -0.04, 20.41, 356.86
9.01, 0.0080, 6.63, 17.53, -0.04, 20.28, 359.00
9.02, 0.0060, 6.63, 17.65, -0.04, 20.10, 361.75
9.02, 0.0070, 6.63, 17.79, -0.04, 19.87, 363.42
9.03, 0.0060, 6.63, 17.91, -0.04, 19.63, 365.26
9.04, 0.0070, 6.63, 18.04, -0.04, 19.41, 366.67
9.04, 0.0060, 6.63, 18.16, -0.04, 19.24, 368.52
9.05, 0.0080, 6.63, 18.31, -0.04, 19.12, 370.16
9.06, 0.0060, 6.63, 18.43, -0.04, 18.97, 372.71
9.06, 0.0070, 6.63, 18.56, -0.04, 18.77, 374.42
9.07, 0.0060, 6.63, 18.67, -0.04, 18.46, 376.24
9.08, 0.0070, 6.63, 18.79, -0.04, 18.07, 377.19
9.08, 0.0060, 6.63, 18.90, -0.04, 17.62, 378.18
9.09, 0.0080, 6.63, 19.04, -0.04, 17.15, 378.48
9.10, 0.0060, 6.63, 19.14, -0.04, 16.76, 379.35
9.10, 0.0060, 6.63, 19.24, -0.04, 16.50, 379.80
9.11, 0.0070, 6.63, 19.35, -0.04, 16.34, 380.74
9.12, 0.0060, 6.63, 19.45, -0.04, 16.15, 382.40
9.12, 0.0070, 6.63, 19.56, -0.04, 15.91, 383.58
9.13, 0.0060, 6.63, 19.65, -0.04, 15.60, 384.84
9.14, 0.0080, 6.63, 19.78, -0.04, 15.25, 385.47
9.14, 0.0060, 6.63, 19.86, -0.04, 14.83, 386.53
9.15, 0.0070, 6.63, 19.96, -0.04, 14.30, 386.59
9.16, 0.0060, 6.63, 20.05, -0.04, 13.73, 386.48
9.16, 0.0070, 6.63, 20.14, -0.04, 13.17, 385.86
9.17, 0.0060, 6.63, 20.22, -0.04, 12.68, 385.48
9.18, 0.0080, 6.63, 20.31, -0.04, 12.23, 385.02
9.18, 0.0060, 6.63, 20.38, -0.04, 11.78, 385.16
9.19, 0.0070, 6.63, 20.46, -0.04, 11.30, 384.77
9.20, 0.0060, 6.63, 20.53, -0.04, 10.75, 384.44
9.20, 0.0070, 6.63, 20.60, -0.04, 10.14, 383.54
9.21, 0.0060, 6.63, 20.66, -0.04, 9.51, 382.52
9.22, 0.0070, 6.63, 20.72, -0.04, 8.91, 381.16
9.22, 0.0070, 6.63, 20.78, -0.04, 8.36, 379.97
9.23, 0.0060, 6.63, 20.82, -0.04, 7.79, 378.97
9.24, 0.0070, 6.63, 20.87, -0.04, 7.15, 377.61
9.24, 0.0060, 6.63, 20.91, -0.04, 6.41, 376.05
9.25, 0.0070, 6.63, 20.95, -0.04, 5.65, 373.87
9.26, 0.0060, 6.63, 20.98, -0.04, 4.97, 371.61
9.26, 0.0080, 6.63, 21.02, -0.04, 4.35, 369.49
9.27, 0.0060, 6.63, 21.04, -0.04, 3.78, 367.71
9.28, 0.0060, 6.63, 21.06, -0.04, 3.16, 365.88
9.28, 0.0070, 6.63, 21.07, -0.04, 2.48, 363.77
9.29, 0.0060, 6.63, 21.09, -0.04, 1.78, 361.41
9.30, 0.0070, 6.63, 21.09, -0.04, 1.08, 358.81
9.30, 0.0060, 6.63, 21.10, -0.04, 0.43, 356.18
9.31, 0.0080, 6.63, 21.09, -0.04, -0.16, 353.63
9.31, 0.0060, 6.63, 21.09, -0.04, -0.72, 351.22
9.32, 0.0060, 6.63, 21.08, -0.04, -1.26, 348.89
9.33, 0.0070, 6.63, 21.07, -0.04, -1.79, 346.61
9.34, 0.0060, 6.63, 21.06, -0.04, -2.33, 344.22
9.34, 0.0070, 6.63, 21.04, -0.04, -2.85, 341.78
9.35, 0.0070, 6.63, 21.01, -0.04, -3.38, 339.30
9.35, 0.0070, 6.63, 20.98, -0.04, -3.87, 336.73
9.36, 0.0060, 6.63, 20.96, -0.04, -4.35, 334.23
9.37, 0.0060, 6.63, 20.93, -0.04, -4.82, 331.78
9.37, 0.0070, 6.63, 20.89, -0.04, -5.28, 329.30
9.38, 0.0060, 6.63, 20.86, -0.04, -5.72, 326.74
9.39, 0.0070, 6.63, 20.82, -0.04, -6.09, 324.31
9.40, 0.0070, 6.63, 20.77, -0.04, -6.41, 321.94
9.40, 0.0070, 6.63, 20.72, -0.04, -6.70, 319.78
9.41, 0.0060, 6.63, 20.68, -0.04, -6.97, 317.70
9.41, 0.0060, 6.63, 20.64, -0.04, -7.28, 315.79
9.42, 0.0070, 6.63, 20.59, -0.04, -7.65, 313.66
9.43, 0.0060, 6.63, 20.54, -0.04, -8.03, 311.11
9.43, 0.0080, 6.63, 20.47, -0.04, -8.35, 308.64
9.44, 0.0060, 6.63, 20.42, -0.04, -8.59, 305.99
9.45, 0.0070, 6.63, 20.36, -0.04, -8.79, 304.01
9.45, 0.0060, 6.63, 20.30, -0.04, -9.01, 301.98
9.46, 0.0070, 6.63, 20.24, -0.04, -9.22, 300.03
9.47, 0.0060, 6.63, 20.18, -0.04, -9.38, 297.89
9.47, 0.0060, 6.63, 20.13, -0.04, -9.48, 296.13
9.48, 0.0080, 6.63, 20.05, -0.04, -9.56, 294.57
9.49, 0.0060, 6.63, 19.99, -0.04, -9.69, 292.75
9.49, 0.0070, 6.63, 19.92, -0.04, -9.88, 291.07
9.50, 0.0060, 6.63, 19.86, -0.04, -10.13, 288.89
9.51, 0.0070, 6.63, 19.79, -0.04, -10.40, 286.68
9.51, 0.0060, 6.63, 19.72, -0.04, -10.63, 284.16
9.52, 0.0080, 6.63, 19.64, -0.04, -10.81, 281.96
9.53, 0.0060, 6.63, 19.57, -0.04, -10.93, 279.52
9.53, 0.0070, 6.63, 19.49, -0.04, -11.04, 277.71
9.54, 0.0060, 6.63, 19.43, -0.04, -11.17, 275.73
9.55, 0.0070, 6.63, 19.35, -0.04, -11.30, 273.89
9.55, 0.0060, 6.63, 19.28, -0.04, -11.46, 271.77
9.56, 0.0070, 6.63, 19.20, -0.04, -11.60, 269.76
9.57, 0.0070, 6.63, 19.12, -0.04, -11.77, 267.57
9.57, 0.0070, 6.63, 19.03, -0.04, -11.96, 265.24
9.58, 0.0060, 6.63, 18.96, -0.04, -12.19, 262.83
9.59, 0.0070, 6.63, 18.87, -0.04, -12.40, 260.45
9.59, 0.0060, 6.63, 18.80, -0.04, -12.58, 257.84
9.60, 0.0070, 6.63, 18.71, -0.04, -12.66, 255.62
9.61, 0.0070, 6.63, 18.62, -0.04, -12.72, 253.52
9.61, 0.0070, 6.63, 18.53, -0.04, -12.72, 251.53
9.62, 0.0060, 6.63, 18.45, -0.04, -12.76, 249.71
9.63, 0.0070, 6.63, 18.36, -0.04, -12.85, 248.03
9.63, 0.0060, 6.63, 18.29, -0.04, -13.00, 245.87
9.64, 0.0070, 6.63, 18.19, -0.04, -13.19, 243.72
9.65, 0.0070, 6.63, 18.10, -0.04, -13.37, 241.10
9.65, 0.0070, 6.63, 18.01, -0.04, -13.49, 238.54
9.66, 0.0060, 6.63, 17.92, -0.04, -13.57, 236.14
9.67, 0.0070, 6.63, 17.83, -0.04, -13.62, 234.22
9.67, 0.0060, 6.63, 17.75, -0.04, -13.63, 232.09
9.68, 0.0070, 6.63, 17.65, -0.04, -13.61, 230.41
9.69, 0.0060, 6.63, 17.57, -0.04, -13.55, 228.59
9.69, 0.0080, 6.63, 17.46, -0.04, -13.52, 227.20
9.70, 0.0060, 6.63, 17.38, -0.04, -13.51, 225.17
9.71, 0.0070, 6.63, 17.29, -0.04, -13.55, 223.59
9.71, 0.0060, 6.63, 17.20, -0.04, -13.58, 221.55
9.72, 0.0070, 6.63, 17.11, -0.04, -13.64, 219.80
9.73, 0.0060, 6.63, 17.03, -0.04, -13.70, 217.63
9.73, 0.0070, 6.63, 16.93, -0.04, -13.73, 215.74
9.74, 0.0070, 6.63, 16.84, -0.04, -13.67, 213.70
9.75, 0.0060, 6.63, 16.75, -0.04, -13.50, 212.05
9.75, 0.0070, 6.63, 16.66, -0.04, -13.28, 211.11
9.76, 0.0060, 6.63, 16.58, -0.04, -13.12, 210.10
9.77, 0.0070, 6.63, 16.49, -0.04, -13.01, 209.18
9.77, 0.0060, 6.63, 16.41, -0.04, -12.94, 207.82
9.78, 0.0080, 6.63, 16.31, -0.04, -12.87, 206.51
9.79, 0.0060, 6.63, 16.23, -0.04, -12.79, 204.74
9.79, 0.0070, 6.63, 16.15, -0.04, -12.70, 203.55
9.80, 0.0060, 6.63, 16.07, -0.04, -12.62, 202.12
9.81, 0.0070, 6.63, 15.98, -0.04, -12.56, 200.93
9.81, 0.0060, 6.63, 15.91, -0.04, -12.48, 199.42
9.82, 0.0080, 6.63, 15.81, -0.04, -12.39, 198.22
9.83, 0.0060, 6.63, 15.73, -0.04, -12.23, 196.60
9.83, 0.0070, 6.63, 15.65, -0.04, -12.01, 195.79
9.84, 0.0060, 6.63, 15.58, -0.04, -11.74, 194.98
9.85, 0.0070, 6.63, 15.50, -0.04, -11.51, 194.65
9.85, 0.0060, 6.63, 15.43, -0.04, -11.30, 193.97
9.86, 0.0080, 6.63, 15.34, -0.04, -11.12, 193.43
9.87, 0.0060, 6.63, 15.28, -0.04, -10.90, 192.36
9.87, 0.0070, 6.63, 15.20, -0.04, -10.66, 191.94
9.88, 0.0060, 6.63, 15.14, -0.04, -10.46, 191.41
9.89, 0.0070, 6.63, 15.07, -0.04, -10.32, 190.98
9.89, 0.0060, 6.63, 15.01, -0.04, -10.20, 190.07
9.90, 0.0070, 6.63, 14.94, -0.04, -10.03, 189.33
9.91, 0.0070, 6.63, 14.87, -0.04, -9.77, 188.59
9.91, 0.0070, 6.63, 14.80, -0.04, -9.43, 188.26
9.92, 0.0060, 6.63, 14.75, -0.04, -9.01, 188.32
9.93, 0.0070, 6.63, 14.69, -0.04, -8.58, 188.92
9.93, 0.0060, 6.63, 14.64, -0.04, -8.17, 189.44
9.94, 0.0070, 6.63, 14.58, -0.04, -7.82, 190.11
9.94, 0.0070, 6.63, 14.53, -0.04, -7.51, 190.40
9.95, 0.0060, 6.63, 14.49, -0.04, -7.23, 190.57
9.96, 0.0070, 6.63, 14.44, -0.04, -6.94, 190.83
9.97, 0.0060, 6.63, 14.40, -0.04, -6.65, 191.04
9.97, 0.0070, 6.63, 14.36, -0.04, -6.35, 191.40
9.98, 0.0060, 6.63, 14.32, -0.04, -6.00, 191.72
9.98, 0.0070, 6.63, 14.28, -0.04, -5.56, 192.39
9.99, 0.0070, 6.63, 14.25, -0.04, -5.04, 193.37
10.00, 0.0070, 6.63, 14.21, -0.04, -4.48, 194.76
10.00, 0.0060, 6.63, 14.19, -0.04, -3.96, 196.36
10.01, 0.0070, 6.63, 14.17, -0.04, -3.52, 197.98
10.02, 0.0060, 6.63, 14.15, -0.04, -3.13, 199.21
10.02, 0.0070, 6.63, 14.13, -0.04, -2.74, 200.40
10.03, 0.0070, 6.63, 14.11, -0.04, -2.30, 201.60
10.04, 0.0070, 6.63, 14.10, -0.04, -1.85, 203.03
10.04, 0.0060, 6.63, 14.09, -0.04, -1.41, 204.56
10.05, 0.0070, 6.63, 14.08, -0.04, -1.00, 206.17
10.06, 0.0060, 6.63, 14.08, -0.04, -0.59, 207.65
10.06, 0.0070, 6.63, 14.08, -0.04, -0.23, 209.23
10.07, 0.0060, 6.63, 14.08, -0.04, 0.11, 210.64
10.08, 0.0080, 6.63, 14.08, -0.04, 0.45, 212.02
10.08, 0.0060, 6.63, 14.09, -0.04, 0.79, 213.43
10.09, 0.0060, 6.63, 14.09, -0.04, 1.18, 214.91
10.10, 0.0070, 6.63, 14.10, -0.04, 1.59, 216.60
10.10, 0.0060, 6.63, 14.12, -0.04, 2.03, 218.45
10.11, 0.0070, 6.63, 14.13, -0.04, 2.45, 220.48
10.12, 0.0070, 6.63, 14.15, -0.04, 2.77, 222.47
10.12, 0.0070, 6.63, 14.17, -0.04, 2.94, 224.16
10.13, 0.0060, 6.63, 14.19, -0.04, 3.01, 225.25
10.14, 0.0070, 6.63, 14.21, -0.04, 3.02, 225.88
10.14, 0.0060, 6.63, 14.23, -0.04, 3.08, 226.34
10.15, 0.0070, 6.63, 14.25, -0.04, 3.24, 226.95
10.16, 0.0060, 6.63, 14.28, -0.04, 3.52, 228.07
10.16, 0.0080, 6.63, 14.31, -0.04, 3.83, 229.59
10.17, 0.0060, 6.63, 14.33, -0.04, 4.08, 231.45
10.18, 0.0070, 6.63, 14.36, -0.04, 4.20, 232.93
10.18, 0.0060, 6.63, 14.39, -0.04, 4.19, 234.00
10.19, 0.0070, 6.63, 14.41, -0.04, 4.14, 234.48
10.20, 0.0060, 6.63, 14.44, -0.04, 4.07, 234.85
10.20, 0.0080, 6.63, 14.47, -0.04, 4.03, 235.06
10.21, 0.0060, 6.63, 14.50, -0.04, 4.02, 235.56
10.22, 0.0070, 6.63, 14.52, -0.04, 4.03, 235.98
10.22, 0.0060, 6.63, 14.55, -0.04, 4.04, 236.60
10.23, 0.0070, 6.63, 14.58, -0.04, 4.05, 237.11
10.24, 0.0060, 6.63, 14.60, -0.04, 4.04, 237.71
10.24, 0.0080, 6.63, 14.63, -0.04, 4.00, 238.17
10.25, 0.0060, 6.63, 14.66, -0.04, 3.89, 238.63
10.26, 0.0070, 6.63, 14.68, -0.04, 3.73, 238.68
10.26, 0.0060, 6.63, 14.70, -0.04, 3.59, 238.57
10.27, 0.0070, 6.63, 14.73, -0.04, 3.50, 238.44
10.28, 0.0060, 6.63, 14.75, -0.04, 3.48, 238.55
10.28, 0.0070, 6.63, 14.77, -0.04, 3.51, 238.89
10.29, 0.0070, 6.63, 14.80, -0.04, 3.51, 239.49
10.30, 0.0060, 6.63, 14.82, -0.04, 3.42, 239.99
10.30, 0.0070, 6.63, 14.84, -0.04, 3.23, 240.06
10.31, 0.0060, 6.63, 14.86, -0.04, 2.98, 239.74
10.32, 0.0070, 6.63, 14.88, -0.04, 2.76, 239.10
10.32, 0.0060, 6.63, 14.89, -0.04, 2.67, 238.61
10.33, 0.0080, 6.63, 14.92, -0.04, 2.69, 238.56
10.34, 0.0060, 6.63, 14.93, -0.04, 2.80, 239.06
10.34, 0.0070, 6.63, 14.95, -0.04, 2.86, 239.84
10.35, 0.0060, 6.63, 14.97, -0.04, 2.83, 240.51
10.36, 0.0070, 6.63, 14.99, -0.04, 2.68, 240.72
10.36, 0.0060, 6.63, 15.00, -0.04, 2.48, 240.47
10.37, 0.0070, 6.63, 15.02, -0.04, 2.30, 239.98
10.38, 0.0070, 6.63, 15.03, -0.04, 2.22, 239.59
