3.59, 3.5900, 9.63, 9.65, -0.04, 0.00, 0.00
3.60, 0.0060, 9.63, 9.65, -0.04, 0.01, 122.95
3.61, 0.0060, 9.63, 9.65, -0.04, 0.01, 122.96
3.61, 0.0070, 9.63, 9.65, -0.04, 0.01, 122.97
3.62, 0.0060, 9.63, 9.65, -0.04, 0.01, 122.98
3.63, 0.0060, 9.63, 9.65, -0.04, 0.02, 122.99
3.63, 0.0080, 9.63, 9.65, -0.04, 0.04, 123.03
3.64, 0.0060, 9.63, 9.65, -0.04, 0.04, 123.11
3.65, 0.0060, 9.63, 9.65, -0.04, -0.08, 123.13
3.65, 0.0070, 9.63, 9.64, -0.04, -0.43, 122.63
3.66, 0.0060, 9.63, 9.64, -0.04, -1.16, 121.14
3.66, 0.0060, 9.63, 9.62, -0.04, -2.21, 118.10
3.67, 0.0070, 9.63, 9.60, -0.04, -3.59, 113.62
3.68, 0.0070, 9.63, 9.56, -0.04, -5.14, 107.61
3.68, 0.0060, 9.63, 9.52, -0.04, -6.65, 100.71
3.69, 0.0070, 9.63, 9.47, -0.04, -7.83, 93.86
3.70, 0.0060, 9.63, 9.42, -0.04, -8.55, 88.03
3.70, 0.0060, 9.63, 9.36, -0.04, -8.92, 84.15
3.71, 0.0070, 9.63, 9.30, -0.04, -8.99, 81.60
3.72, 0.0070, 9.63, 9.24, -0.04, -9.20, 80.05
3.72, 0.0060, 9.63, 9.18, -0.04, -10.07, 77.93
3.73, 0.0070, 9.63, 9.09, -0.04, -11.79, 73.22
3.74, 0.0060, 9.63, 9.01, -0.04, -13.75, 64.71
3.74, 0.0060, 9.63, 8.92, -0.04, -15.56, 55.19
3.75, 0.0070, 9.63, 8.80, -0.04, -17.09, 46.09
3.76, 0.0060, 9.63, 8.69, -0.04, -18.23, 37.60
3.76, 0.0070, 9.63, 8.55, -0.04, -19.11, 30.83
3.77, 0.0070, 9.63, 8.42, -0.04, -19.80, 24.64
3.78, 0.0060, 9.63, 8.29, -0.04, -20.34, 19.11
3.78, 0.0070, 9.63, 8.15, -0.04, -20.80, 14.51
3.79, 0.0060, 9.63, 8.02, -0.04, -21.27, 9.76
3.79, 0.0060, 9.63, 7.89, -0.04, -21.91, 5.34
3.80, 0.0080, 9.63, 7.71, -0.04, -22.78, 0.13
3.81, 0.0060, 9.63, 7.56, -0.04, -23.74, -6.98
3.81, 0.0060, 9.63, 7.42, -0.04, -24.56, -13.67
3.82, 0.0070, 9.63, 7.24, -0.04, -24.99, -19.90
3.83, 0.0060, 9.63, 7.09, -0.04, -24.94, -25.14
3.83, 0.0070, 9.63, 6.92, -0.04, -24.29, -27.90
3.84, 0.0060, 9.63, 6.78, -0.04, -23.36, -28.70
3.85, 0.0070, 9.63, 6.62, -0.04, -22.64, -27.80
3.85, 0.0070, 9.63, 6.47, -0.04, -22.12, -28.07
3.86, 0.0060, 9.63, 6.34, -0.04, -21.49, -29.12
3.87, 0.0060, 9.63, 6.22, -0.04, -20.41, -29.17
3.87, 0.0070, 9.63, 6.09, -0.04, -18.90, -27.30
3.88, 0.0060, 9.63, 5.98, -0.04, -17.01, -23.89
3.89, 0.0080, 9.63, 5.86, -0.04, -15.09, -18.38
3.89, 0.0060, 9.63, 5.78, -0.04, -13.32, -13.13
3.90, 0.0060, 9.63, 5.71, -0.04, -11.78, -7.62
3.91, 0.0070, 9.63, 5.64, -0.04, -10.76, -2.90
3.91, 0.0060, 9.63, 5.58, -0.04, -9.92, -0.29
3.92, 0.0060, 9.63, 5.53, -0.04, -8.63, 1.88
3.92, 0.0070, 9.63, 5.48, -0.04, -6.52, 5.97
3.93, 0.0070, 9.63, 5.45, -0.04, -4.17, 13.52
3.94, 0.0060, 9.63, 5.44, -0.04, -2.33, 22.31
3.94, 0.0070, 9.63, 5.43, -0.04, -0.55, 29.40
3.95, 0.0060, 9.63, 5.44, -0.04, 1.21, 36.47
3.96, 0.0060, 9.63, 5.45, -0.04, 2.31, 43.62
3.96, 0.0070, 9.63, 5.47, -0.04, 2.37, 48.31
3.97, 0.0060, 9.63, 5.48, -0.04, 1.95, 48.90
3.98, 0.0070, 9.63, 5.49, -0.04, 1.48, 47.46
3.98, 0.0070, 9.63, 5.50, -0.04, 1.34, 45.77
3.99, 0.0060, 9.63, 5.51, -0.04, 1.86, 45.40
4.00, 0.0060, 9.63, 5.53, -0.04, 2.99, 47.68
4.00, 0.0070, 9.63, 5.56, -0.04, 4.56, 52.59
4.01, 0.0060, 9.63, 5.60, -0.04, 6.01, 59.50
4.02, 0.0070, 9.63, 5.65, -0.04, 6.67, 66.02
4.02, 0.0070, 9.63, 5.69, -0.04, 6.25, 69.61
4.03, 0.0060, 9.63, 5.72, -0.04, 4.74, 68.79
4.03, 0.0060, 9.63, 5.74, -0.04, 2.94, 63.32
4.04, 0.0070, 9.63, 5.75, -0.04, 1.77, 56.48
4.05, 0.0060, 9.63, 5.76, -0.04, 1.50, 52.05
4.05, 0.0060, 9.63, 5.77, -0.04, 1.83, 51.14
4.06, 0.0080, 9.63, 5.79, -0.04, 2.46, 52.68
4.07, 0.0060, 9.63, 5.80, -0.04, 2.90, 55.60
4.07, 0.0060, 9.63, 5.82, -0.04, 2.55, 57.69
4.08, 0.0070, 9.63, 5.83, -0.04, 1.36, 56.60
4.09, 0.0060, 9.63, 5.83, -0.04, -0.49, 52.04
4.09, 0.0060, 9.63, 5.81, -0.04, -2.40, 44.58
4.10, 0.0080, 9.63, 5.78, -0.04, -3.80, 36.66
4.11, 0.0060, 9.63, 5.75, -0.04, -4.60, 30.45
4.11, 0.0060, 9.63, 5.72, -0.04, -5.03, 26.68
4.12, 0.0070, 9.63, 5.69, -0.04, -5.51, 24.37
4.13, 0.0060, 9.63, 5.65, -0.04, -6.16, 21.69
4.13, 0.0060, 9.63, 5.61, -0.04, -6.62, 18.33
4.14, 0.0070, 9.63, 5.56, -0.04, -7.31, 15.72
4.15, 0.0070, 9.63, 5.50, -0.04, -8.27, 11.91
4.15, 0.0060, 9.63, 5.45, -0.04, -8.71, 6.94
4.16, 0.0070, 9.63, 5.39, -0.04, -8.21, 4.11
4.16, 0.0060, 9.63, 5.35, -0.04, -7.32, 4.98
4.17, 0.0060, 9.63, 5.31, -0.04, -6.43, 7.64
4.18, 0.0070, 9.63, 5.27, -0.04, -5.82, 10.42
4.18, 0.0060, 9.63, 5.23, -0.04, -5.59, 12.07
4.19, 0.0070, 9.63, 5.19, -0.04, -5.73, 12.29
4.20, 0.0070, 9.63, 5.15, -0.04, -6.27, 10.93
4.20, 0.0060, 9.63, 5.11, -0.04, -6.99, 7.90
4.21, 0.0060, 9.63, 5.06, -0.04, -7.45, 4.19
4.22, 0.0070, 9.63, 5.01, -0.04, -7.44, 1.44
4.22, 0.0060, 9.63, 4.97, -0.04, -6.87, 0.46
4.23, 0.0070, 9.63, 4.93, -0.04, -5.99, 1.93
4.24, 0.0060, 9.63, 4.90, -0.04, -5.10, 4.57
4.24, 0.0070, 9.63, 4.87, -0.04, -4.27, 7.54
4.25, 0.0060, 9.63, 4.84, -0.04, -3.76, 10.24
4.26, 0.0060, 9.63, 4.82, -0.04, -3.77, 11.87
4.26, 0.0070, 9.63, 4.79, -0.04, -4.10, 11.36
4.27, 0.0060, 9.63, 4.77, -0.04, -4.31, 9.48
4.28, 0.0070, 9.63, 4.74, -0.04, -4.11, 8.13
4.28, 0.0070, 9.63, 4.71, -0.04, -3.54, 8.34
4.29, 0.0060, 9.63, 4.70, -0.04, -2.86, 10.13
4.29, 0.0060, 9.63, 4.68, -0.04, -2.36, 12.49
4.30, 0.0070, 9.63, 4.67, -0.04, -2.07, 14.19
4.31, 0.0060, 9.63, 4.66, -0.04, -1.94, 15.08
4.31, 0.0070, 9.63, 4.64, -0.04, -1.82, 15.37
4.32, 0.0070, 9.63, 4.63, -0.04, -1.55, 15.61
4.33, 0.0060, 9.63, 4.63, -0.04, -1.18, 16.45
4.33, 0.0060, 9.63, 4.62, -0.04, -0.78, 17.79
4.34, 0.0060, 9.63, 4.62, -0.04, -0.44, 19.32
4.34, 0.0070, 9.63, 4.62, -0.04, -0.21, 20.61
4.35, 0.0060, 9.63, 4.62, -0.04, -0.08, 21.50
4.36, 0.0070, 9.63, 4.62, -0.04, 0.01, 22.02
4.36, 0.0070, 9.63, 4.62, -0.04, 0.08, 22.37
4.37, 0.0060, 9.63, 4.62, -0.04, 0.14, 22.68
4.38, 0.0060, 9.63, 4.62, -0.04, 0.13, 22.93
4.38, 0.0070, 9.63, 4.62, -0.04, 0.06, 22.90
4.39, 0.0060, 9.63, 4.62, -0.04, 0.01, 22.64
4.40, 0.0060, 9.63, 4.62, -0.04, 0.06, 22.42
4.40, 0.0080, 9.63, 4.62, -0.04, 0.23, 22.62
4.41, 0.0060, 9.63, 4.62, -0.04, 0.54, 23.36
4.42, 0.0060, 9.63, 4.63, -0.04, 0.86, 24.64
4.42, 0.0070, 9.63, 4.64, -0.04, 1.08, 26.05
4.43, 0.0060, 9.63, 4.64, -0.04, 1.12, 27.07
4.44, 0.0060, 9.63, 4.65, -0.04, 0.90, 27.35
4.44, 0.0080, 9.63, 4.65, -0.04, 0.54, 26.58
4.45, 0.0060, 9.63, 4.66, -0.04, 0.24, 25.23
4.46, 0.0060, 9.63, 4.66, -0.04, 0.15, 24.07
4.46, 0.0070, 9.63, 4.66, -0.04, 0.33, 23.73
4.47, 0.0060, 9.63, 4.66, -0.04, 0.63, 24.48
4.48, 0.0060, 9.63, 4.67, -0.04, 0.93, 25.76
4.48, 0.0070, 9.63, 4.68, -0.04, 1.13, 27.09
4.49, 0.0070, 9.63, 4.68, -0.04, 1.22, 28.04
4.50, 0.0060, 9.63, 4.69, -0.04, 1.22, 28.55
4.50, 0.0070, 9.63, 4.70, -0.04, 1.19, 28.69
4.51, 0.0060, 9.63, 4.71, -0.04, 1.22, 28.77
4.51, 0.0060, 9.63, 4.71, -0.04, 1.28, 29.01
4.52, 0.0070, 9.63, 4.72, -0.04, 1.36, 29.41
4.53, 0.0070, 9.63, 4.73, -0.04, 1.43, 29.93
4.53, 0.0060, 9.63, 4.74, -0.04, 1.49, 30.39
4.54, 0.0070, 9.63, 4.75, -0.04, 1.59, 30.84
4.55, 0.0060, 9.63, 4.76, -0.04, 1.74, 31.46
4.55, 0.0060, 9.63, 4.78, -0.04, 1.89, 32.24
4.56, 0.0070, 9.63, 4.79, -0.04, 2.01, 33.10
4.57, 0.0060, 9.63, 4.80, -0.04, 2.04, 33.86
4.57, 0.0070, 9.63, 4.82, -0.04, 2.01, 34.21
4.58, 0.0060, 9.63, 4.83, -0.04, 1.98, 34.36
4.59, 0.0070, 9.63, 4.84, -0.04, 2.04, 34.50
4.59, 0.0060, 9.63, 4.86, -0.04, 2.20, 35.01
4.60, 0.0060, 9.63, 4.87, -0.04, 2.43, 35.92
4.60, 0.0070, 9.63, 4.89, -0.04, 2.66, 37.14
4.61, 0.0070, 9.63, 4.91, -0.04, 2.82, 38.44
4.62, 0.0060, 9.63, 4.93, -0.04, 2.88, 39.46
4.62, 0.0070, 9.63, 4.95, -0.04, 2.86, 40.04
4.63, 0.0060, 9.63, 4.96, -0.04, 2.84, 40.36
4.64, 0.0060, 9.63, 4.98, -0.04, 2.88, 40.61
4.64, 0.0070, 9.63, 5.00, -0.04, 2.98, 41.12
4.65, 0.0060, 9.63, 5.02, -0.04, 3.01, 41.96
4.66, 0.0070, 9.63, 5.04, -0.04, 3.04, 42.42
4.66, 0.0070, 9.63, 5.06, -0.04, 3.13, 42.96
4.67, 0.0060, 9.63, 5.08, -0.04, 3.01, 43.79
4.68, 0.0060, 9.63, 5.10, -0.04, 2.75, 43.64
4.68, 0.0070, 9.63, 5.11, -0.04, 2.47, 42.95
4.69, 0.0060, 9.63, 5.13, -0.04, 2.21, 42.17
4.70, 0.0070, 9.63, 5.14, -0.04, 1.94, 41.41
4.70, 0.0070, 9.63, 5.15, -0.04, 1.57, 40.60
4.71, 0.0060, 9.63, 5.16, -0.04, 1.15, 39.34
4.72, 0.0070, 9.63, 5.16, -0.04, 0.75, 37.78
4.72, 0.0060, 9.63, 5.17, -0.04, 0.49, 36.31
4.73, 0.0060, 9.63, 5.17, -0.04, 0.36, 35.30
4.73, 0.0060, 9.63, 5.17, -0.04, 0.32, 34.82
4.74, 0.0080, 9.63, 5.17, -0.04, 0.26, 34.71
4.75, 0.0060, 9.63, 5.17, -0.04, 0.05, 34.51
4.75, 0.0060, 9.63, 5.17, -0.04, -0.30, 33.68
4.76, 0.0070, 9.63, 5.17, -0.04, -0.72, 32.26
4.77, 0.0060, 9.63, 5.16, -0.04, -1.12, 30.45
4.77, 0.0060, 9.63, 5.15, -0.04, -1.44, 28.73
4.78, 0.0070, 9.63, 5.14, -0.04, -1.64, 27.29
4.79, 0.0070, 9.63, 5.13, -0.04, -1.78, 26.24
4.79, 0.0060, 9.63, 5.12, -0.04, -1.89, 25.43
4.80, 0.0070, 9.63, 5.10, -0.04, -2.00, 24.78
4.80, 0.0060, 9.63, 5.09, -0.04, -2.12, 24.07
4.81, 0.0060, 9.63, 5.08, -0.04, -2.27, 23.30
4.82, 0.0070, 9.63, 5.06, -0.04, -2.43, 22.45
4.82, 0.0070, 9.63, 5.04, -0.04, -2.63, 21.45
4.83, 0.0060, 9.63, 5.02, -0.04, -2.84, 20.31
4.84, 0.0070, 9.63, 5.00, -0.04, -3.02, 19.12
4.84, 0.0060, 9.63, 4.98, -0.04, -3.01, 17.95
4.85, 0.0060, 9.63, 4.97, -0.04, -2.94, 17.63
4.86, 0.0070, 9.63, 4.95, -0.04, -2.90, 17.58
4.86, 0.0060, 9.63, 4.93, -0.04, -2.66, 17.33
4.87, 0.0070, 9.63, 4.91, -0.04, -2.37, 17.97
4.88, 0.0070, 9.63, 4.90, -0.04, -2.15, 18.81
4.88, 0.0060, 9.63, 4.89, -0.04, -2.07, 19.40
4.89, 0.0060, 9.63, 4.87, -0.04, -2.05, 19.45
4.90, 0.0070, 9.63, 4.86, -0.04, -1.93, 19.30
4.90, 0.0060, 9.63, 4.85, -0.04, -1.69, 19.49
4.91, 0.0060, 9.63, 4.84, -0.04, -1.35, 20.26
4.92, 0.0080, 9.63, 4.83, -0.04, -0.99, 21.44
4.92, 0.0060, 9.63, 4.83, -0.04, -0.71, 22.72
4.93, 0.0060, 9.63, 4.83, -0.04, -0.58, 23.77
4.94, 0.0070, 9.63, 4.82, -0.04, -0.57, 24.24
4.94, 0.0060, 9.63, 4.82, -0.04, -0.59, 24.17
4.95, 0.0070, 9.63, 4.82, -0.04, -0.52, 24.03
4.96, 0.0070, 9.63, 4.81, -0.04, -0.30, 24.25
4.96, 0.0060, 9.63, 4.81, -0.04, -0.03, 25.06
4.97, 0.0060, 9.63, 4.81, -0.04, 0.25, 26.16
4.97, 0.0070, 9.63, 4.82, -0.04, 0.43, 27.31
4.98, 0.0060, 9.63, 4.82, -0.04, 0.49, 28.07
4.99, 0.0060, 9.63, 4.82, -0.04, 0.44, 28.36
4.99, 0.0070, 9.63, 4.83, -0.04, 0.37, 28.23
5.00, 0.0070, 9.63, 4.83, -0.04, 0.35, 27.99
5.01, 0.0060, 9.63, 4.83, -0.04, 0.44, 27.99
5.01, 0.0070, 9.63, 4.84, -0.04, 0.62, 28.37
5.02, 0.0060, 9.63, 4.84, -0.04, 0.82, 29.17
5.03, 0.0060, 9.63, 4.85, -0.04, 0.95, 30.07
5.03, 0.0070, 9.63, 4.85, -0.04, 0.97, 30.72
5.04, 0.0070, 9.63, 4.86, -0.04, 0.85, 30.93
5.05, 0.0060, 9.63, 4.86, -0.04, 0.63, 30.56
5.05, 0.0070, 9.63, 4.87, -0.04, 0.36, 29.77
5.06, 0.0060, 9.63, 4.87, -0.04, 0.12, 28.74
5.07, 0.0060, 9.63, 4.87, -0.04, -0.03, 27.78
5.07, 0.0070, 9.63, 4.87, -0.04, 0.02, 27.21
5.08, 0.0060, 9.63, 4.87, -0.04, 0.27, 27.40
5.09, 0.0070, 9.63, 4.87, -0.04, 0.62, 28.41
5.09, 0.0070, 9.63, 4.88, -0.04, 0.93, 29.89
5.10, 0.0060, 9.63, 4.88, -0.04, 1.07, 31.27
5.10, 0.0060, 9.63, 4.89, -0.04, 1.02, 31.95
5.11, 0.0070, 9.63, 4.90, -0.04, 0.81, 31.90
5.12, 0.0060, 9.63, 4.90, -0.04, 0.56, 31.17
5.12, 0.0070, 9.63, 4.90, -0.04, 0.38, 30.22
5.13, 0.0060, 9.63, 4.90, -0.04, 0.36, 29.57
5.14, 0.0070, 9.63, 4.91, -0.04, 0.51, 29.53
5.14, 0.0060, 9.63, 4.91, -0.04, 0.74, 30.22
5.15, 0.0060, 9.63, 4.92, -0.04, 0.95, 31.21
5.16, 0.0070, 9.63, 4.93, -0.04, 1.14, 32.16
5.16, 0.0060, 9.63, 4.93, -0.04, 1.26, 33.10
5.17, 0.0070, 9.63, 4.94, -0.04, 1.27, 33.71
5.18, 0.0070, 9.63, 4.95, -0.04, 1.19, 33.93
5.18, 0.0060, 9.63, 4.96, -0.04, 1.07, 33.78
5.19, 0.0060, 9.63, 4.96, -0.04, 0.92, 33.42
5.19, 0.0070, 9.63, 4.97, -0.04, 0.79, 32.93
5.20, 0.0060, 9.63, 4.97, -0.04, 0.64, 32.52
5.21, 0.0060, 9.63, 4.98, -0.04, 0.47, 31.99
5.21, 0.0080, 9.63, 4.98, -0.04, 0.33, 31.38
5.22, 0.0060, 9.63, 4.98, -0.04, 0.27, 30.87
5.23, 0.0060, 9.63, 4.98, -0.04, 0.30, 30.68
5.23, 0.0070, 9.63, 4.98, -0.04, 0.36, 30.82
5.24, 0.0060, 9.63, 4.99, -0.04, 0.39, 31.12
5.25, 0.0060, 9.63, 4.99, -0.04, 0.35, 31.30
5.25, 0.0070, 9.63, 4.99, -0.04, 0.18, 31.16
5.26, 0.0070, 9.63, 4.99, -0.04, -0.15, 30.51
5.27, 0.0060, 9.63, 4.98, -0.04, -0.67, 29.17
5.27, 0.0060, 9.63, 4.98, -0.04, -1.36, 26.99
5.28, 0.0070, 9.63, 4.96, -0.04, -2.11, 24.07
5.28, 0.0060, 9.63, 4.94, -0.04, -2.81, 20.78
5.29, 0.0060, 9.63, 4.92, -0.04, -3.38, 17.64
5.30, 0.0080, 9.63, 4.89, -0.04, -3.85, 14.97
5.30, 0.0060, 9.63, 4.87, -0.04, -4.32, 12.45
5.31, 0.0060, 9.63, 4.84, -0.04, -4.85, 10.07
5.32, 0.0070, 9.63, 4.80, -0.04, -5.47, 7.37
5.32, 0.0060, 9.63, 4.76, -0.04, -6.17, 4.12
5.33, 0.0060, 9.63, 4.72, -0.04, -6.91, 0.59
5.34, 0.0080, 9.63, 4.66, -0.04, -7.66, -3.19
5.34, 0.0060, 9.63, 4.61, -0.04, -8.40, -7.42
5.35, 0.0060, 9.63, 4.55, -0.04, -9.17, -11.39
5.36, 0.0070, 9.63, 4.49, -0.04, -9.89, -15.58
5.36, 0.0060, 9.63, 4.42, -0.04, -10.54, -19.86
5.37, 0.0060, 9.63, 4.36, -0.04, -11.09, -23.69
5.38, 0.0070, 9.63, 4.27, -0.04, -11.57, -27.25
5.38, 0.0070, 9.63, 4.19, -0.04, -11.96, -30.78
5.39, 0.0070, 9.63, 4.11, -0.04, -12.26, -34.02
5.40, 0.0060, 9.63, 4.03, -0.04, -12.43, -36.95
5.40, 0.0060, 9.63, 3.96, -0.04, -12.43, -39.11
5.41, 0.0070, 9.63, 3.87, -0.04, -12.33, -40.59
5.42, 0.0060, 9.63, 3.80, -0.04, -12.19, -41.90
5.42, 0.0080, 9.63, 3.70, -0.04, -12.09, -42.84
5.43, 0.0060, 9.63, 3.63, -0.04, -12.01, -44.36
5.44, 0.0060, 9.63, 3.56, -0.04, -11.88, -45.50
5.44, 0.0070, 9.63, 3.48, -0.04, -11.57, -46.37
5.45, 0.0060, 9.63, 3.41, -0.04, -11.03, -46.75
5.45, 0.0070, 9.63, 3.34, -0.04, -10.32, -45.92
5.46, 0.0060, 9.63, 3.28, -0.04, -9.60, -44.52
5.47, 0.0070, 9.63, 3.22, -0.04, -8.95, -42.80
5.47, 0.0070, 9.63, 3.16, -0.04, -8.33, -41.47
5.48, 0.0060, 9.63, 3.11, -0.04, -7.63, -40.14
5.49, 0.0060, 9.63, 3.07, -0.04, -6.86, -38.28
5.49, 0.0070, 9.63, 3.03, -0.04, -6.01, -35.98
5.50, 0.0060, 9.63, 3.00, -0.04, -5.17, -33.46
5.51, 0.0060, 9.63, 2.97, -0.04, -4.38, -30.72
5.51, 0.0080, 9.63, 2.94, -0.04, -3.64, -28.09
5.52, 0.0060, 9.63, 2.93, -0.04, -2.88, -25.70
5.53, 0.0060, 9.63, 2.91, -0.04, -2.04, -23.01
5.53, 0.0070, 9.63, 2.91, -0.04, -1.01, -19.87
5.54, 0.0060, 9.63, 2.91, -0.04, 0.10, -15.90
5.55, 0.0060, 9.63, 2.91, -0.04, 1.11, -11.45
5.55, 0.0080, 9.63, 2.93, -0.04, 1.89, -7.27
5.56, 0.0060, 9.63, 2.94, -0.04, 2.41, -3.85
5.57, 0.0060, 9.63, 2.96, -0.04, 2.84, -1.50
5.57, 0.0070, 9.63, 2.98, -0.04, 3.30, 0.58
5.58, 0.0060, 9.63, 3.01, -0.04, 3.81, 2.86
5.58, 0.0060, 9.63, 3.03, -0.04, 4.34, 5.38
5.59, 0.0060, 9.63, 3.06, -0.04, 4.84, 8.01
5.60, 0.0080, 9.63, 3.10, -0.04, 5.25, 10.61
5.60, 0.0060, 9.63, 3.14, -0.04, 5.49, 13.06
5.61, 0.0060, 9.63, 3.17, -0.04, 5.51, 14.70
5.62, 0.0070, 9.63, 3.21, -0.04, 5.29, 15.44
5.62, 0.0060, 9.63, 3.24, -0.04, 4.88, 15.30
5.63, 0.0060, 9.63, 3.26, -0.04, 4.40, 14.25
5.64, 0.0080, 9.63, 3.29, -0.04, 3.86, 12.83
5.64, 0.0060, 9.63, 3.31, -0.04, 3.30, 11.32
5.65, 0.0060, 9.63, 3.33, -0.04, 2.75, 9.45
5.66, 0.0070, 9.63, 3.35, -0.04, 2.32, 7.59
5.66, 0.0060, 9.63, 3.36, -0.04, 2.05, 6.21
5.67, 0.0060, 9.63, 3.37, -0.04, 1.80, 5.36
5.68, 0.0060, 9.63, 3.38, -0.04, 1.46, 4.59
5.68, 0.0080, 9.63, 3.39, -0.04, 0.94, 3.38
5.69, 0.0060, 9.63, 3.39, -0.04, 0.28, 1.47
5.69, 0.0060, 9.63, 3.38, -0.04, -0.44, -1.13
5.70, 0.0060, 9.63, 3.38, -0.04, -1.09, -4.06
5.71, 0.0070, 9.63, 3.37, -0.04, -1.62, -6.80
5.71, 0.0060, 9.63, 3.35, -0.04, -2.00, -9.15
5.72, 0.0060, 9.63, 3.34, -0.04, -2.32, -10.91
5.73, 0.0080, 9.63, 3.32, -0.04, -2.69, -12.47
5.73, 0.0060, 9.63, 3.30, -0.04, -3.16, -14.40
5.74, 0.0060, 9.63, 3.28, -0.04, -3.63, -16.63
5.75, 0.0070, 9.63, 3.25, -0.04, -4.05, -18.97
5.75, 0.0060, 9.63, 3.22, -0.04, -4.31, -21.22
5.76, 0.0060, 9.63, 3.20, -0.04, -4.52, -22.77
5.76, 0.0080, 9.63, 3.16, -0.04, -4.74, -24.14
5.77, 0.0060, 9.63, 3.13, -0.04, -4.99, -25.77
5.78, 0.0060, 9.63, 3.10, -0.04, -5.30, -27.39
5.78, 0.0070, 9.63, 3.06, -0.04, -5.64, -29.25
5.79, 0.0060, 9.63, 3.02, -0.04, -6.02, -31.42
5.80, 0.0060, 9.63, 2.98, -0.04, -6.39, -33.65
5.80, 0.0070, 9.63, 2.94, -0.04, -6.66, -35.88
5.81, 0.0070, 9.63, 2.89, -0.04, -6.75, -37.89
5.82, 0.0060, 9.63, 2.85, -0.04, -6.62, -39.22
5.82, 0.0070, 9.63, 2.81, -0.04, -6.36, -39.50
5.83, 0.0060, 9.63, 2.77, -0.04, -6.08, -39.34
5.84, 0.0070, 9.63, 2.73, -0.04, -5.82, -38.95
5.84, 0.0060, 9.63, 2.69, -0.04, -5.63, -38.74
5.85, 0.0070, 9.63, 2.66, -0.04, -5.46, -38.62
5.86, 0.0070, 9.63, 2.62, -0.04, -5.31, -38.71
5.86, 0.0060, 9.63, 2.59, -0.04, -5.17, -38.84
5.87, 0.0060, 9.63, 2.56, -0.04, -5.00, -38.90
5.88, 0.0070, 9.63, 2.52, -0.04, -4.76, -38.85
5.88, 0.0060, 9.63, 2.50, -0.04, -4.38, -38.53
5.89, 0.0060, 9.63, 2.48, -0.04, -3.84, -37.57
5.90, 0.0080, 9.63, 2.45, -0.04, -3.20, -35.85
5.90, 0.0060, 9.63, 2.43, -0.04, -2.59, -33.83
5.91, 0.0060, 9.63, 2.42, -0.04, -2.16, -31.70
5.91, 0.0070, 9.63, 2.41, -0.04, -1.94, -30.20
5.92, 0.0060, 9.63, 2.40, -0.04, -1.88, -29.60
5.93, 0.0060, 9.63, 2.39, -0.04, -1.84, -29.61
5.93, 0.0080, 9.63, 2.37, -0.04, -1.67, -29.66
5.94, 0.0060, 9.63, 2.36, -0.04, -1.30, -29.25
5.95, 0.0070, 9.63, 2.36, -0.04, -0.80, -27.93
5.95, 0.0060, 9.63, 2.36, -0.04, -0.28, -26.05
5.96, 0.0060, 9.63, 2.36, -0.04, 0.17, -23.99
5.97, 0.0070, 9.63, 2.36, -0.04, 0.47, -22.16
5.97, 0.0060, 9.63, 2.36, -0.04, 0.64, -20.90
5.98, 0.0070, 9.63, 2.37, -0.04, 0.69, -20.16
5.99, 0.0070, 9.63, 2.37, -0.04, 0.71, -19.86
5.99, 0.0060, 9.63, 2.38, -0.04, 0.80, -19.66
6.00, 0.0060, 9.63, 2.39, -0.04, 0.98, -19.23
6.01, 0.0060, 9.63, 2.39, -0.04, 1.25, -18.37
6.01, 0.0070, 9.63, 2.40, -0.04, 1.51, -17.13
6.02, 0.0060, 9.63, 2.41, -0.04, 1.61, -15.91
6.03, 0.0080, 9.63, 2.43, -0.04, 1.51, -15.28
6.03, 0.0060, 9.63, 2.43, -0.04, 1.23, -15.44
6.04, 0.0060, 9.63, 2.44, -0.04, 0.85, -16.43
6.04, 0.0070, 9.63, 2.44, -0.04, 0.49, -17.86
6.05, 0.0060, 9.63, 2.44, -0.04, 0.28, -19.21
6.06, 0.0060, 9.63, 2.44, -0.04, 0.21, -20.04
6.06, 0.0080, 9.63, 2.45, -0.04, 0.20, -20.28
6.07, 0.0060, 9.63, 2.45, -0.04, 0.11, -20.27
6.08, 0.0060, 9.63, 2.44, -0.04, -0.24, -20.63
6.08, 0.0070, 9.63, 2.44, -0.04, -0.86, -22.06
6.09, 0.0060, 9.63, 2.43, -0.04, -1.65, -24.67
6.10, 0.0060, 9.63, 2.41, -0.04, -2.44, -28.02
6.10, 0.0070, 9.63, 2.39, -0.04, -3.13, -31.49
6.11, 0.0070, 9.63, 2.37, -0.04, -3.65, -34.68
6.12, 0.0060, 9.63, 2.34, -0.04, -4.09, -37.28
6.12, 0.0070, 9.63, 2.31, -0.04, -4.55, -39.52
6.13, 0.0060, 9.63, 2.28, -0.04, -5.09, -41.99
6.14, 0.0060, 9.63, 2.25, -0.04, -5.66, -44.74
6.14, 0.0070, 9.63, 2.20, -0.04, -6.19, -47.74
6.15, 0.0070, 9.63, 2.16, -0.04, -6.57, -50.72
6.16, 0.0060, 9.63, 2.12, -0.04, -6.84, -53.16
6.16, 0.0070, 9.63, 2.07, -0.04, -7.07, -55.05
6.17, 0.0060, 9.63, 2.02, -0.04, -7.36, -56.95
6.17, 0.0060, 9.63, 1.98, -0.04, -7.73, -58.99
6.18, 0.0070, 9.63, 1.92, -0.04, -8.13, -61.43
6.19, 0.0060, 9.63, 1.87, -0.04, -8.45, -64.15
6.19, 0.0070, 9.63, 1.81, -0.04, -8.64, -66.43
6.20, 0.0070, 9.63, 1.75, -0.04, -8.67, -68.42
6.21, 0.0060, 9.63, 1.69, -0.04, -8.61, -69.76
6.21, 0.0060, 9.63, 1.64, -0.04, -8.46, -70.53
6.22, 0.0070, 9.63, 1.59, -0.04, -8.21, -70.96
6.23, 0.0060, 9.63, 1.54, -0.04, -7.81, -71.11
6.23, 0.0060, 9.63, 1.50, -0.04, -7.34, -70.46
6.24, 0.0080, 9.63, 1.44, -0.04, -6.90, -69.43
6.25, 0.0060, 9.63, 1.40, -0.04, -6.60, -68.79
6.25, 0.0060, 9.63, 1.36, -0.04, -6.38, -68.39
6.26, 0.0070, 9.63, 1.32, -0.04, -6.12, -68.28
6.26, 0.0060, 9.63, 1.29, -0.04, -5.68, -68.09
6.27, 0.0070, 9.63, 1.25, -0.04, -4.95, -67.01
6.28, 0.0070, 9.63, 1.22, -0.04, -4.05, -64.79
6.28, 0.0060, 9.63, 1.20, -0.04, -3.14, -61.76
6.29, 0.0070, 9.63, 1.19, -0.04, -2.34, -58.49
6.30, 0.0060, 9.63, 1.18, -0.04, -1.67, -55.60
6.30, 0.0060, 9.63, 1.17, -0.04, -1.03, -53.14
6.31, 0.0070, 9.63, 1.17, -0.04, -0.29, -50.68
6.32, 0.0060, 9.63, 1.17, -0.04, 0.61, -47.78
6.32, 0.0070, 9.63, 1.18, -0.04, 1.62, -44.11
6.33, 0.0070, 9.63, 1.20, -0.04, 2.56, -39.85
6.34, 0.0060, 9.63, 1.22, -0.04, 3.29, -35.70
6.34, 0.0060, 9.63, 1.24, -0.04, 3.75, -32.40
6.35, 0.0070, 9.63, 1.27, -0.04, 4.07, -30.10
6.36, 0.0060, 9.63, 1.30, -0.04, 4.41, -28.25
6.36, 0.0070, 9.63, 1.33, -0.04, 4.88, -26.36
6.37, 0.0070, 9.63, 1.37, -0.04, 5.49, -23.82
6.38, 0.0060, 9.63, 1.41, -0.04, 6.11, -20.59
6.38, 0.0060, 9.63, 1.45, -0.04, 6.61, -17.38
6.39, 0.0070, 9.63, 1.50, -0.04, 6.86, -14.60
6.39, 0.0060, 9.63, 1.54, -0.04, 6.81, -12.62
6.40, 0.0060, 9.63, 1.58, -0.04, 6.56, -12.03
6.41, 0.0080, 9.63, 1.63, -0.04, 6.23, -12.23
6.41, 0.0060, 9.63, 1.66, -0.04, 5.88, -12.57
6.42, 0.0060, 9.63, 1.69, -0.04, 5.47, -13.26
6.43, 0.0070, 9.63, 1.73, -0.04, 4.98, -14.24
6.43, 0.0060, 9.63, 1.76, -0.04, 4.43, -15.49
6.44, 0.0060, 9.63, 1.78, -0.04, 3.85, -17.17
6.45, 0.0080, 9.63, 1.80, -0.04, 3.23, -19.00
6.45, 0.0060, 9.63, 1.82, -0.04, 2.51, -20.98
6.46, 0.0060, 9.63, 1.83, -0.04, 1.62, -23.57
6.47, 0.0070, 9.63, 1.83, -0.04, 0.51, -26.95
6.47, 0.0060, 9.63, 1.83, -0.04, -0.75, -31.31
6.48, 0.0060, 9.63, 1.82, -0.04, -2.01, -36.42
6.49, 0.0070, 9.63, 1.79, -0.04, -3.20, -41.70
6.49, 0.0070, 9.63, 1.76, -0.04, -4.28, -46.92
6.50, 0.0060, 9.63, 1.73, -0.04, -5.37, -51.84
6.51, 0.0070, 9.63, 1.69, -0.04, -6.50, -56.82
6.51, 0.0060, 9.63, 1.64, -0.04, -7.65, -62.26
6.52, 0.0070, 9.63, 1.58, -0.04, -8.77, -67.80
6.52, 0.0060, 9.63, 1.52, -0.04, -9.74, -73.50
6.53, 0.0070, 9.63, 1.45, -0.04, -10.58, -78.56
6.54, 0.0070, 9.63, 1.37, -0.04, -11.44, -83.41
6.54, 0.0060, 9.63, 1.29, -0.04, -12.37, -88.43
6.55, 0.0060, 9.63, 1.21, -0.04, -13.37, -93.64
6.56, 0.0070, 9.63, 1.11, -0.04, -14.33, -99.24
6.56, 0.0060, 9.63, 1.02, -0.04, -15.15, -105.08
6.57, 0.0070, 9.63, 0.91, -0.04, -15.73, -110.16
6.58, 0.0070, 9.63, 0.80, -0.04, -16.04, -114.71
6.58, 0.0070, 9.63, 0.69, -0.04, -16.12, -118.21
6.59, 0.0060, 9.63, 0.59, -0.04, -16.07, -120.78
6.60, 0.0070, 9.63, 0.48, -0.04, -16.00, -122.51
6.60, 0.0060, 9.63, 0.38, -0.04, -15.91, -124.45
6.61, 0.0060, 9.63, 0.29, -0.04, -15.72, -125.99
6.62, 0.0080, 9.63, 0.16, -0.04, -15.36, -127.13
6.62, 0.0060, 9.63, 0.08, -0.04, -14.75, -128.16
6.63, 0.0070, 9.63, -0.02, -0.04, -13.97, -127.49
6.64, 0.0060, 9.63, -0.10, -0.04, -13.16, -126.31
6.64, 0.0070, 9.63, -0.19, -0.04, -12.41, -124.65
6.65, 0.0060, 9.63, -0.26, -0.04, -11.69, -123.38
6.66, 0.0070, 9.63, -0.33, -0.04, -10.83, -121.91
6.66, 0.0070, 9.63, -0.40, -0.04, -9.67, -119.97
6.67, 0.0060, 9.63, -0.45, -0.04, -8.25, -116.71
6.68, 0.0070, 9.63, -0.50, -0.04, -6.66, -112.00
6.68, 0.0060, 9.63, -0.53, -0.04, -5.05, -106.57
6.69, 0.0070, 9.63, -0.55, -0.04, -3.50, -100.74
6.70, 0.0060, 9.63, -0.56, -0.04, -2.02, -95.02
6.70, 0.0070, 9.63, -0.57, -0.04, -0.64, -89.38
6.71, 0.0070, 9.63, -0.56, -0.04, 0.67, -83.92
6.72, 0.0060, 9.63, -0.55, -0.04, 1.86, -78.59
6.72, 0.0060, 9.63, -0.53, -0.04, 2.99, -73.61
6.73, 0.0070, 9.63, -0.51, -0.04, 4.13, -68.74
6.73, 0.0060, 9.63, -0.47, -0.04, 5.31, -63.61
6.74, 0.0060, 9.63, -0.44, -0.04, 6.45, -58.25
6.75, 0.0080, 9.63, -0.37, -0.04, 7.61, -52.92
6.75, 0.0060, 9.63, -0.32, -0.04, 8.75, -47.05
6.76, 0.0060, 9.63, -0.26, -0.04, 9.86, -41.44
6.77, 0.0070, 9.63, -0.19, -0.04, 10.89, -35.81
6.77, 0.0060, 9.63, -0.12, -0.04, 11.68, -30.16
6.78, 0.0060, 9.63, -0.04, -0.04, 12.10, -25.60
6.79, 0.0080, 9.63, 0.05, -0.04, 12.12, -22.47
6.79, 0.0060, 9.63, 0.12, -0.04, 11.90, -20.45
6.80, 0.0070, 9.63, 0.21, -0.04, 11.55, -19.92
6.81, 0.0060, 9.63, 0.27, -0.04, 11.10, -19.71
6.81, 0.0060, 9.63, 0.33, -0.04, 10.51, -20.15
6.82, 0.0070, 9.63, 0.40, -0.04, 9.86, -21.27
6.82, 0.0060, 9.63, 0.46, -0.04, 9.08, -22.47
6.83, 0.0070, 9.63, 0.52, -0.04, 8.39, -24.51
6.84, 0.0070, 9.63, 0.57, -0.04, 7.69, -26.10
6.84, 0.0060, 9.63, 0.61, -0.04, 6.88, -27.82
6.85, 0.0060, 9.63, 0.65, -0.04, 5.78, -30.24
6.86, 0.0070, 9.63, 0.68, -0.04, 4.28, -33.95
6.86, 0.0060, 9.63, 0.69, -0.04, 2.57, -39.34
6.87, 0.0060, 9.63, 0.70, -0.04, 0.76, -45.87
6.88, 0.0080, 9.63, 0.69, -0.04, -1.02, -53.02
6.88, 0.0060, 9.63, 0.67, -0.04, -2.86, -60.32
6.89, 0.0060, 9.63, 0.64, -0.04, -4.83, -68.00
6.90, 0.0070, 9.63, 0.59, -0.04, -6.89, -76.46
6.90, 0.0060, 9.63, 0.54, -0.04, -8.96, -85.67
6.91, 0.0060, 9.63, 0.48, -0.04, -10.91, -95.03
6.92, 0.0080, 9.63, 0.37, -0.04, -12.70, -104.12
6.92, 0.0060, 9.63, 0.29, -0.04, -14.33, -113.33
6.93, 0.0070, 9.63, 0.18, -0.04, -15.76, -121.57
6.94, 0.0060, 9.63, 0.08, -0.04, -17.03, -129.48
6.94, 0.0070, 9.63, -0.05, -0.04, -18.40, -136.61
6.95, 0.0060, 9.63, -0.17, -0.04, -19.92, -144.66
6.96, 0.0060, 9.63, -0.30, -0.04, -21.61, -153.12
6.96, 0.0080, 9.63, -0.49, -0.04, -23.34, -162.48
6.97, 0.0060, 9.63, -0.64, -0.04, -24.95, -173.15
6.98, 0.0070, 9.63, -0.82, -0.04, -26.13, -182.59
6.98, 0.0060, 9.63, -0.98, -0.04, -26.81, -190.98
6.99, 0.0070, 9.63, -1.17, -0.04, -27.04, -196.91
7.00, 0.0060, 9.63, -1.33, -0.04, -27.11, -201.61
7.00, 0.0080, 9.63, -1.55, -0.04, -27.19, -205.12
7.01, 0.0060, 9.63, -1.72, -0.04, -27.33, -209.83
7.02, 0.0060, 9.63, -1.88, -0.04, -27.50, -213.65
7.02, 0.0070, 9.63, -2.07, -0.04, -27.32, -217.63
7.03, 0.0060, 9.63, -2.23, -0.04, -26.91, -220.75
7.03, 0.0070, 9.63, -2.42, -0.04, -26.37, -222.32
7.04, 0.0060, 9.63, -2.57, -0.04, -26.02, -223.84
7.05, 0.0080, 9.63, -2.78, -0.04, -25.78, -225.57
7.06, 0.0060, 9.63, -2.93, -0.04, -25.45, -228.74
7.06, 0.0070, 9.63, -3.11, -0.04, -24.84, -230.50
7.07, 0.0060, 9.63, -3.25, -0.04, -23.84, -231.51
7.07, 0.0070, 9.63, -3.41, -0.04, -22.39, -230.39
7.08, 0.0060, 9.63, -3.53, -0.04, -20.50, -227.69
7.09, 0.0070, 9.63, -3.66, -0.04, -18.46, -222.60
7.09, 0.0070, 9.63, -3.78, -0.04, -16.66, -217.02
7.10, 0.0060, 9.63, -3.87, -0.04, -15.35, -212.19
7.11, 0.0070, 9.63, -3.97, -0.04, -14.39, -208.75
7.11, 0.0060, 9.63, -4.05, -0.04, -13.54, -206.95
7.12, 0.0070, 9.63, -4.14, -0.04, -12.64, -205.19
7.13, 0.0060, 9.63, -4.21, -0.04, -11.46, -203.35
7.14, 0.0080, 9.63, -4.29, -0.04, -9.75, -200.00
7.14, 0.0060, 9.63, -4.33, -0.04, -8.07, -194.73
7.15, 0.0060, 9.63, -4.38, -0.04, -6.87, -188.98
7.15, 0.0070, 9.63, -4.42, -0.04, -6.28, -184.99
7.16, 0.0060, 9.63, -4.46, -0.04, -5.95, -183.52
7.17, 0.0070, 9.63, -4.49, -0.04, -5.19, -182.90
7.17, 0.0070, 9.63, -4.52, -0.04, -3.83, -180.57
7.18, 0.0060, 9.63, -4.53, -0.04, -1.87, -175.68
7.19, 0.0070, 9.63, -4.53, -0.04, 0.01, -168.09
7.19, 0.0060, 9.63, -4.52, -0.04, 1.20, -160.56
7.20, 0.0060, 9.63, -4.51, -0.04, 1.82, -155.64
7.21, 0.0070, 9.63, -4.50, -0.04, 2.26, -152.93
7.21, 0.0060, 9.63, -4.48, -0.04, 2.66, -150.86
7.22, 0.0080, 9.63, -4.46, -0.04, 3.01, -148.94
7.23, 0.0060, 9.63, -4.44, -0.04, 3.32, -147.05
7.23, 0.0060, 9.63, -4.41, -0.04, 3.85, -145.42
7.24, 0.0070, 9.63, -4.38, -0.04, 4.82, -142.83
7.25, 0.0060, 9.63, -4.34, -0.04, 5.97, -138.30
7.25, 0.0060, 9.63, -4.30, -0.04, 6.99, -132.98
7.26, 0.0080, 9.63, -4.24, -0.04, 7.48, -128.07
7.27, 0.0060, 9.63, -4.20, -0.04, 7.46, -124.90
7.27, 0.0070, 9.63, -4.15, -0.04, 6.97, -124.07
7.28, 0.0060, 9.63, -4.11, -0.04, 6.17, -125.08
7.28, 0.0060, 9.63, -4.08, -0.04, 5.43, -127.51
7.29, 0.0070, 9.63, -4.04, -0.04, 5.02, -129.82
7.30, 0.0060, 9.63, -4.01, -0.04, 5.07, -130.77
7.30, 0.0070, 9.63, -3.97, -0.04, 5.35, -129.97
7.31, 0.0070, 9.63, -3.94, -0.04, 5.57, -128.08
7.32, 0.0060, 9.63, -3.90, -0.04, 5.50, -126.42
7.32, 0.0070, 9.63, -3.87, -0.04, 4.88, -126.07
7.33, 0.0060, 9.63, -3.85, -0.04, 3.52, -127.84
7.34, 0.0060, 9.63, -3.83, -0.04, 2.16, -132.88
7.34, 0.0080, 9.63, -3.82, -0.04, 1.26, -138.07
7.35, 0.0060, 9.63, -3.82, -0.04, 1.00, -141.44
7.36, 0.0070, 9.63, -3.81, -0.04, 1.01, -142.35
7.36, 0.0060, 9.63, -3.81, -0.04, 0.67, -142.18
7.37, 0.0060, 9.63, -3.81, -0.04, -0.18, -143.45
7.38, 0.0070, 9.63, -3.82, -0.04, -1.63, -146.91
7.38, 0.0060, 9.63, -3.84, -0.04, -3.32, -152.90
7.39, 0.0080, 9.63, -3.88, -0.04, -4.74, -160.09
7.40, 0.0060, 9.63, -3.91, -0.04, -5.93, -166.53
7.40, 0.0060, 9.63, -3.96, -0.04, -6.96, -171.97
7.41, 0.0070, 9.63, -4.01, -0.04, -7.86, -176.95
7.42, 0.0060, 9.63, -4.06, -0.04, -8.63, -181.63
7.42, 0.0070, 9.63, -4.13, -0.04, -9.37, -185.74
7.43, 0.0070, 9.63, -4.20, -0.04, -10.40, -190.03
7.44, 0.0060, 9.63, -4.27, -0.04, -11.87, -195.61
7.44, 0.0070, 9.63, -4.37, -0.04, -13.63, -202.89
7.45, 0.0060, 9.63, -4.46, -0.04, -15.25, -211.86
7.46, 0.0070, 9.63, -4.57, -0.04, -16.42, -220.18
7.46, 0.0060, 9.63, -4.68, -0.04, -17.15, -227.16
7.47, 0.0070, 9.63, -4.80, -0.04, -17.63, -232.13
7.48, 0.0070, 9.63, -4.93, -0.04, -18.04, -236.52
7.48, 0.0070, 9.63, -5.06, -0.04, -18.58, -240.67
7.49, 0.0060, 9.63, -5.17, -0.04, -19.34, -245.44
7.50, 0.0070, 9.63, -5.31, -0.04, -20.29, -250.81
7.50, 0.0060, 9.63, -5.44, -0.04, -21.27, -257.46
7.51, 0.0060, 9.63, -5.57, -0.04, -22.20, -263.93
7.51, 0.0080, 9.63, -5.76, -0.04, -22.93, -270.32
7.52, 0.0060, 9.63, -5.90, -0.04, -23.34, -276.90
7.53, 0.0070, 9.63, -6.06, -0.04, -23.41, -281.34
7.53, 0.0060, 9.63, -6.20, -0.04, -23.32, -284.87
7.54, 0.0070, 9.63, -6.37, -0.04, -23.43, -287.31
7.55, 0.0060, 9.63, -6.51, -0.04, -23.73, -291.03
7.55, 0.0080, 9.63, -6.70, -0.04, -24.25, -295.08
7.56, 0.0060, 9.63, -6.85, -0.04, -24.89, -301.03
7.57, 0.0070, 9.63, -7.03, -0.04, -25.52, -306.59
7.57, 0.0060, 9.63, -7.19, -0.04, -26.00, -312.68
7.58, 0.0060, 9.63, -7.34, -0.04, -26.33, -317.73
7.59, 0.0070, 9.63, -7.53, -0.04, -26.56, -322.21
7.59, 0.0060, 9.63, -7.69, -0.04, -26.66, -326.87
7.60, 0.0080, 9.63, -7.90, -0.04, -26.72, -330.46
7.61, 0.0060, 9.63, -8.06, -0.04, -26.73, -334.95
7.61, 0.0070, 9.63, -8.25, -0.04, -26.93, -338.21
7.62, 0.0060, 9.63, -8.42, -0.04, -27.43, -342.78
7.63, 0.0070, 9.63, -8.61, -0.04, -28.18, -348.09
7.63, 0.0060, 9.63, -8.79, -0.04, -28.96, -355.03
7.64, 0.0060, 9.63, -8.97, -0.04, -29.45, -361.63
7.65, 0.0080, 9.63, -9.20, -0.04, -29.77, -367.10
7.65, 0.0060, 9.63, -9.38, -0.04, -30.05, -373.15
7.66, 0.0070, 9.63, -9.60, -0.04, -30.44, -377.89
7.67, 0.0060, 9.63, -9.78, -0.04, -30.99, -383.70
7.67, 0.0070, 9.63, -10.00, -0.04, -31.57, -389.60
7.68, 0.0060, 9.63, -10.20, -0.04, -32.20, -396.37
7.69, 0.0080, 9.63, -10.46, -0.04, -32.84, -402.72
7.69, 0.0060, 9.63, -10.66, -0.04, -33.34, -410.56
7.70, 0.0070, 9.63, -10.90, -0.04, -33.81, -416.58
7.71, 0.0060, 9.63, -11.10, -0.04, -34.15, -423.18
7.71, 0.0070, 9.63, -11.34, -0.04, -34.40, -428.64
7.72, 0.0060, 9.63, -11.55, -0.04, -34.51, -434.45
7.73, 0.0080, 9.63, -11.83, -0.04, -34.50, -439.02
7.73, 0.0060, 9.63, -12.03, -0.04, -34.67, -444.51
7.74, 0.0070, 9.63, -12.28, -0.04, -34.78, -449.34
7.75, 0.0060, 9.63, -12.49, -0.04, -35.25, -454.65
7.75, 0.0070, 9.63, -12.74, -0.04, -35.54, -460.76
7.76, 0.0060, 9.63, -12.95, -0.04, -35.03, -466.92
7.77, 0.0070, 9.63, -13.19, -0.04, -34.28, -469.05
7.77, 0.0070, 9.63, -13.42, -0.04, -33.57, -470.86
7.78, 0.0070, 9.63, -13.65, -0.04, -33.12, -472.72
7.79, 0.0060, 9.63, -13.85, -0.04, -32.79, -475.57
7.79, 0.0070, 9.63, -14.08, -0.04, -32.59, -478.19
7.80, 0.0060, 9.63, -14.27, -0.04, -32.30, -481.92
7.81, 0.0070, 9.63, -14.50, -0.04, -31.97, -484.64
7.81, 0.0070, 9.63, -14.72, -0.04, -31.51, -487.82
7.82, 0.0070, 9.63, -14.93, -0.04, -30.81, -490.37
7.83, 0.0060, 9.63, -15.11, -0.04, -29.74, -491.89
7.83, 0.0070, 9.63, -15.31, -0.04, -28.17, -491.17
7.84, 0.0060, 9.63, -15.47, -0.04, -26.60, -488.86
7.85, 0.0070, 9.63, -15.64, -0.04, -25.16, -485.74
7.85, 0.0060, 9.63, -15.79, -0.04, -24.18, -483.53
7.86, 0.0080, 9.63, -15.98, -0.04, -23.41, -482.52
7.87, 0.0060, 9.63, -16.11, -0.04, -22.54, -483.17
7.87, 0.0070, 9.63, -16.26, -0.04, -21.21, -482.38
7.88, 0.0060, 9.63, -16.38, -0.04, -19.51, -480.06
7.89, 0.0070, 9.63, -16.50, -0.04, -17.42, -475.58
7.89, 0.0060, 9.63, -16.59, -0.04, -15.29, -469.67
7.90, 0.0080, 9.63, -16.70, -0.04, -13.41, -462.99
7.91, 0.0060, 9.63, -16.77, -0.04, -11.91, -457.61
7.91, 0.0070, 9.63, -16.84, -0.04, -10.76, -453.01
7.92, 0.0060, 9.63, -16.90, -0.04, -9.85, -449.93
7.93, 0.0070, 9.63, -16.97, -0.04, -8.97, -447.46
7.93, 0.0060, 9.63, -17.01, -0.04, -7.67, -445.22
7.94, 0.0080, 9.63, -17.06, -0.04, -5.97, -440.95
7.95, 0.0060, 9.63, -17.08, -0.04, -3.66, -435.08
7.95, 0.0070, 9.63, -17.09, -0.04, -1.38, -426.29
7.96, 0.0060, 9.63, -17.09, -0.04, 0.00, -417.38
7.97, 0.0070, 9.63, -17.09, -0.04, 0.94, -411.83
7.97, 0.0060, 9.63, -17.07, -0.04, 1.81, -407.95
7.98, 0.0060, 9.63, -17.06, -0.04, 3.13, -404.27
7.99, 0.0080, 9.63, -17.02, -0.04, 5.01, -398.59
7.99, 0.0060, 9.63, -16.97, -0.04, 7.30, -390.26
8.00, 0.0070, 9.63, -16.91, -0.04, 9.57, -380.26
8.01, 0.0060, 9.63, -16.83, -0.04, 11.72, -369.84
8.01, 0.0070, 9.63, -16.74, -0.04, 13.70, -359.83
8.02, 0.0060, 9.63, -16.65, -0.04, 15.65, -349.97
8.03, 0.0080, 9.63, -16.50, -0.04, 17.68, -340.32
8.03, 0.0060, 9.63, -16.39, -0.04, 19.76, -329.34
8.04, 0.0070, 9.63, -16.23, -0.04, 22.07, -318.66
8.05, 0.0060, 9.63, -16.08, -0.04, 24.57, -306.31
8.05, 0.0070, 9.63, -15.89, -0.04, 27.37, -293.40
8.06, 0.0060, 9.63, -15.71, -0.04, 30.28, -278.35
8.07, 0.0070, 9.63, -15.48, -0.04, 33.15, -263.09
8.07, 0.0070, 9.63, -15.23, -0.04, 35.68, -246.95
8.08, 0.0070, 9.63, -14.96, -0.04, 38.17, -231.83
8.09, 0.0060, 9.63, -14.72, -0.04, 40.70, -216.52
8.09, 0.0070, 9.63, -14.41, -0.04, 43.29, -201.52
8.10, 0.0060, 9.63, -14.14, -0.04, 46.16, -185.10
8.10, 0.0070, 9.63, -13.79, -0.04, 49.21, -168.10
8.11, 0.0070, 9.63, -13.42, -0.04, 52.48, -148.99
8.12, 0.0070, 9.63, -13.03, -0.04, 55.81, -128.58
8.13, 0.0060, 9.63, -12.68, -0.04, 59.13, -107.43
8.13, 0.0070, 9.63, -12.24, -0.04, 62.41, -87.07
8.14, 0.0060, 9.63, -11.85, -0.04, 65.70, -65.19
8.15, 0.0070, 9.63, -11.37, -0.04, 69.02, -44.17
8.15, 0.0060, 9.63, -10.93, -0.04, 72.38, -21.24
8.16, 0.0080, 9.63, -10.32, -0.04, 75.75, 0.92
8.17, 0.0060, 9.63, -9.85, -0.04, 79.01, 26.52
8.17, 0.0060, 9.63, -9.36, -0.04, 82.01, 49.02
8.18, 0.0070, 9.63, -8.76, -0.04, 84.84, 70.87
8.19, 0.0060, 9.63, -8.24, -0.04, 87.65, 94.07
8.19, 0.0070, 9.63, -7.60, -0.04, 90.60, 115.82
8.20, 0.0070, 9.63, -6.95, -0.04, 93.78, 140.32
8.21, 0.0060, 9.63, -6.37, -0.04, 97.05, 166.17
8.21, 0.0070, 9.63, -5.66, -0.04, 100.24, 190.88
8.22, 0.0060, 9.63, -5.05, -0.04, 103.14, 217.67
8.22, 0.0070, 9.63, -4.31, -0.04, 105.62, 241.64
8.23, 0.0060, 9.63, -3.66, -0.04, 107.78, 266.35
8.24, 0.0080, 9.63, -2.78, -0.04, 109.80, 287.93
8.25, 0.0060, 9.63, -2.11, -0.04, 111.86, 313.60
8.25, 0.0070, 9.63, -1.31, -0.04, 114.03, 335.25
8.26, 0.0060, 9.63, -0.61, -0.04, 116.19, 359.91
8.26, 0.0070, 9.63, 0.21, -0.04, 118.31, 382.49
8.27, 0.0060, 9.63, 0.93, -0.04, 120.17, 407.52
8.28, 0.0070, 9.63, 1.79, -0.04, 121.73, 429.37
8.28, 0.0070, 9.63, 2.65, -0.04, 122.94, 452.67
8.29, 0.0070, 9.63, 3.52, -0.04, 123.99, 474.72
8.30, 0.0060, 9.63, 4.26, -0.04, 124.90, 496.25
8.30, 0.0070, 9.63, 5.15, -0.04, 125.79, 514.91
8.31, 0.0060, 9.63, 5.91, -0.04, 126.65, 536.07
8.32, 0.0070, 9.63, 6.80, -0.04, 127.43, 554.70
8.32, 0.0070, 9.63, 7.69, -0.04, 128.14, 575.66
8.33, 0.0070, 9.63, 8.60, -0.04, 128.68, 596.45
