3.60, 3.5930, 7.91, 7.91, -0.04, -0.00, 0.00
3.60, 0.0060, 7.91, 7.91, -0.04, 0.00, 88.12
3.61, 0.0070, 7.91, 7.91, -0.04, 0.00, 88.12
3.62, 0.0060, 7.91, 7.91, -0.04, 0.00, 88.12
3.62, 0.0060, 7.91, 7.91, -0.04, 0.00, 88.12
3.63, 0.0070, 7.91, 7.91, -0.04, 0.02, 88.13
3.64, 0.0070, 7.91, 7.91, -0.04, 0.03, 88.18
3.64, 0.0060, 7.91, 7.91, -0.04, -0.00, 88.25
3.65, 0.0060, 7.91, 7.90, -0.04, -0.22, 88.12
3.65, 0.0070, 7.91, 7.90, -0.04, -0.68, 87.22
3.66, 0.0060, 7.91, 7.89, -0.04, -1.42, 85.30
3.67, 0.0060, 7.91, 7.88, -0.04, -2.38, 82.14
3.67, 0.0080, 7.91, 7.85, -0.04, -3.44, 78.01
3.68, 0.0060, 7.91, 7.82, -0.04, -4.47, 73.23
3.69, 0.0060, 7.91, 7.79, -0.04, -5.31, 68.60
3.69, 0.0070, 7.91, 7.75, -0.04, -5.89, 64.59
3.70, 0.0060, 7.91, 7.71, -0.04, -6.20, 61.43
3.71, 0.0060, 7.91, 7.67, -0.04, -6.32, 59.45
3.71, 0.0060, 7.91, 7.64, -0.04, -6.56, 58.22
3.72, 0.0080, 7.91, 7.58, -0.04, -7.22, 56.48
3.73, 0.0060, 7.91, 7.53, -0.04, -8.22, 52.68
3.73, 0.0060, 7.91, 7.47, -0.04, -9.42, 47.68
3.74, 0.0070, 7.91, 7.40, -0.04, -10.54, 41.76
3.75, 0.0060, 7.91, 7.33, -0.04, -11.48, 35.79
3.75, 0.0070, 7.91, 7.24, -0.04, -12.25, 30.66
3.76, 0.0070, 7.91, 7.15, -0.04, -12.75, 25.86
3.77, 0.0060, 7.91, 7.08, -0.04, -13.16, 22.06
3.77, 0.0070, 7.91, 6.98, -0.04, -13.42, 18.86
3.78, 0.0060, 7.91, 6.90, -0.04, -13.73, 15.93
3.78, 0.0060, 7.91, 6.81, -0.04, -14.15, 13.07
3.79, 0.0070, 7.91, 6.71, -0.04, -14.67, 9.68
3.80, 0.0060, 7.91, 6.62, -0.04, -15.12, 5.55
3.80, 0.0080, 7.91, 6.50, -0.04, -15.33, 1.95
3.81, 0.0060, 7.91, 6.41, -0.04, -15.19, -1.35
3.82, 0.0060, 7.91, 6.32, -0.04, -14.87, -2.64
3.82, 0.0070, 7.91, 6.22, -0.04, -14.59, -3.11
3.83, 0.0060, 7.91, 6.13, -0.04, -14.55, -4.04
3.84, 0.0060, 7.91, 6.04, -0.04, -14.75, -5.64
3.84, 0.0080, 7.91, 5.92, -0.04, -14.83, -8.21
3.85, 0.0060, 7.91, 5.83, -0.04, -14.60, -10.91
3.86, 0.0060, 7.91, 5.75, -0.04, -13.86, -11.72
3.86, 0.0070, 7.91, 5.66, -0.04, -12.67, -10.43
3.87, 0.0060, 7.91, 5.59, -0.04, -11.22, -7.46
3.88, 0.0070, 7.91, 5.53, -0.04, -9.73, -2.99
3.88, 0.0060, 7.91, 5.48, -0.04, -8.51, 1.61
3.89, 0.0070, 7.91, 5.42, -0.04, -7.68, 5.46
3.90, 0.0060, 7.91, 5.38, -0.04, -7.23, 7.72
3.90, 0.0070, 7.91, 5.33, -0.04, -6.99, 8.65
3.91, 0.0060, 7.91, 5.29, -0.04, -6.65, 8.61
3.91, 0.0060, 7.91, 5.25, -0.04, -5.90, 9.18
3.92, 0.0070, 7.91, 5.22, -0.04, -4.85, 11.46
3.93, 0.0060, 7.91, 5.20, -0.04, -3.61, 14.98
3.93, 0.0070, 7.91, 5.18, -0.04, -2.41, 19.51
3.94, 0.0070, 7.91, 5.17, -0.04, -1.32, 24.00
3.95, 0.0060, 7.91, 5.17, -0.04, -0.33, 28.17
3.95, 0.0060, 7.91, 5.17, -0.04, 0.42, 32.10
3.96, 0.0070, 7.91, 5.18, -0.04, 1.04, 35.13
3.97, 0.0060, 7.91, 5.19, -0.04, 1.48, 37.77
3.97, 0.0070, 7.91, 5.20, -0.04, 1.92, 39.69
3.98, 0.0070, 7.91, 5.22, -0.04, 2.48, 41.73
3.98, 0.0060, 7.91, 5.24, -0.04, 3.09, 44.30
3.99, 0.0060, 7.91, 5.26, -0.04, 3.58, 47.10
4.00, 0.0070, 7.91, 5.29, -0.04, 4.08, 49.49
4.00, 0.0060, 7.91, 5.31, -0.04, 4.27, 52.08
4.01, 0.0060, 7.91, 5.34, -0.04, 3.90, 53.35
4.02, 0.0070, 7.91, 5.36, -0.04, 3.04, 52.33
4.02, 0.0070, 7.91, 5.37, -0.04, 2.26, 49.32
4.03, 0.0060, 7.91, 5.39, -0.04, 1.88, 46.53
4.04, 0.0060, 7.91, 5.40, -0.04, 1.78, 45.23
4.04, 0.0070, 7.91, 5.41, -0.04, 1.84, 45.04
4.05, 0.0060, 7.91, 5.42, -0.04, 1.77, 45.55
4.06, 0.0060, 7.91, 5.43, -0.04, 1.46, 45.46
4.06, 0.0080, 7.91, 5.44, -0.04, 0.97, 44.41
4.07, 0.0060, 7.91, 5.44, -0.04, 0.44, 42.60
4.08, 0.0060, 7.91, 5.44, -0.04, 0.06, 40.52
4.08, 0.0070, 7.91, 5.44, -0.04, -0.17, 39.02
4.09, 0.0060, 7.91, 5.44, -0.04, -0.37, 38.08
4.10, 0.0060, 7.91, 5.43, -0.04, -0.71, 37.22
4.10, 0.0080, 7.91, 5.42, -0.04, -1.20, 35.79
4.11, 0.0060, 7.91, 5.41, -0.04, -1.75, 33.65
4.11, 0.0060, 7.91, 5.40, -0.04, -2.26, 31.24
4.12, 0.0070, 7.91, 5.38, -0.04, -2.71, 28.91
4.13, 0.0060, 7.91, 5.36, -0.04, -3.10, 26.72
4.13, 0.0060, 7.91, 5.34, -0.04, -3.43, 24.82
4.14, 0.0070, 7.91, 5.31, -0.04, -3.74, 23.08
4.15, 0.0070, 7.91, 5.29, -0.04, -4.05, 21.31
4.15, 0.0060, 7.91, 5.26, -0.04, -4.33, 19.52
4.16, 0.0070, 7.91, 5.23, -0.04, -4.60, 17.87
4.17, 0.0060, 7.91, 5.20, -0.04, -4.85, 16.13
4.17, 0.0060, 7.91, 5.17, -0.04, -5.10, 14.56
4.18, 0.0070, 7.91, 5.13, -0.04, -5.33, 12.93
4.19, 0.0070, 7.91, 5.09, -0.04, -5.60, 11.26
4.19, 0.0060, 7.91, 5.05, -0.04, -6.18, 9.43
4.20, 0.0070, 7.91, 5.01, -0.04, -6.79, 6.36
4.21, 0.0060, 7.91, 4.96, -0.04, -6.98, 2.95
4.21, 0.0060, 7.91, 4.93, -0.04, -6.50, 1.36
4.22, 0.0070, 7.91, 4.88, -0.04, -5.77, 2.51
4.23, 0.0060, 7.91, 4.85, -0.04, -5.10, 4.63
4.23, 0.0070, 7.91, 4.82, -0.04, -4.70, 6.67
4.24, 0.0060, 7.91, 4.79, -0.04, -4.61, 7.62
4.24, 0.0070, 7.91, 4.76, -0.04, -4.65, 7.42
4.25, 0.0060, 7.91, 4.73, -0.04, -4.69, 6.63
4.26, 0.0060, 7.91, 4.70, -0.04, -4.67, 5.92
4.26, 0.0070, 7.91, 4.67, -0.04, -4.65, 5.41
4.27, 0.0070, 7.91, 4.64, -0.04, -4.68, 4.83
4.28, 0.0060, 7.91, 4.61, -0.04, -4.76, 4.06
4.28, 0.0060, 7.91, 4.58, -0.04, -4.78, 3.20
4.29, 0.0070, 7.91, 4.55, -0.04, -4.67, 2.54
4.30, 0.0060, 7.91, 4.52, -0.04, -4.39, 2.32
4.30, 0.0060, 7.91, 4.50, -0.04, -4.00, 2.90
4.31, 0.0070, 7.91, 4.47, -0.04, -3.57, 3.99
4.32, 0.0070, 7.91, 4.45, -0.04, -3.18, 5.22
4.32, 0.0060, 7.91, 4.43, -0.04, -2.92, 6.33
4.33, 0.0070, 7.91, 4.41, -0.04, -2.82, 7.01
4.33, 0.0060, 7.91, 4.40, -0.04, -2.84, 7.03
4.34, 0.0060, 7.91, 4.38, -0.04, -2.91, 6.59
4.35, 0.0060, 7.91, 4.36, -0.04, -2.97, 5.97
4.35, 0.0070, 7.91, 4.34, -0.04, -2.98, 5.37
4.36, 0.0070, 7.91, 4.32, -0.04, -2.97, 4.92
4.37, 0.0060, 7.91, 4.30, -0.04, -2.94, 4.53
4.37, 0.0070, 7.91, 4.28, -0.04, -2.87, 4.31
4.38, 0.0060, 7.91, 4.27, -0.04, -2.71, 4.19
4.39, 0.0060, 7.91, 4.25, -0.04, -2.46, 4.52
4.39, 0.0060, 7.91, 4.24, -0.04, -2.22, 5.20
4.40, 0.0080, 7.91, 4.22, -0.04, -2.07, 5.90
4.41, 0.0060, 7.91, 4.21, -0.04, -2.08, 6.18
4.41, 0.0060, 7.91, 4.20, -0.04, -2.20, 5.89
4.42, 0.0070, 7.91, 4.18, -0.04, -2.37, 5.13
4.42, 0.0060, 7.91, 4.17, -0.04, -2.47, 4.13
4.43, 0.0060, 7.91, 4.15, -0.04, -2.49, 3.42
4.44, 0.0060, 7.91, 4.14, -0.04, -2.44, 3.06
4.44, 0.0080, 7.91, 4.12, -0.04, -2.39, 2.96
4.45, 0.0060, 7.91, 4.10, -0.04, -2.38, 2.78
4.46, 0.0060, 7.91, 4.09, -0.04, -2.41, 2.53
4.46, 0.0070, 7.91, 4.07, -0.04, -2.47, 2.11
4.47, 0.0060, 7.91, 4.06, -0.04, -2.51, 1.53
4.48, 0.0060, 7.91, 4.04, -0.04, -2.53, 1.05
4.48, 0.0060, 7.91, 4.03, -0.04, -2.51, 0.69
4.49, 0.0080, 7.91, 4.01, -0.04, -2.49, 0.46
4.50, 0.0060, 7.91, 3.99, -0.04, -2.51, 0.13
4.50, 0.0060, 7.91, 3.97, -0.04, -2.56, -0.23
4.51, 0.0070, 7.91, 3.96, -0.04, -2.64, -0.75
4.51, 0.0060, 7.91, 3.94, -0.04, -2.69, -1.41
4.52, 0.0060, 7.91, 3.92, -0.04, -2.71, -1.95
4.53, 0.0070, 7.91, 3.91, -0.04, -2.69, -2.35
4.53, 0.0070, 7.91, 3.89, -0.04, -2.66, -2.65
4.54, 0.0060, 7.91, 3.87, -0.04, -2.64, -2.90
4.55, 0.0060, 7.91, 3.86, -0.04, -2.62, -3.13
4.55, 0.0070, 7.91, 3.84, -0.04, -2.62, -3.39
4.56, 0.0060, 7.91, 3.82, -0.04, -2.63, -3.76
4.57, 0.0060, 7.91, 3.80, -0.04, -2.66, -4.11
4.57, 0.0080, 7.91, 3.78, -0.04, -2.71, -4.53
4.58, 0.0060, 7.91, 3.77, -0.04, -2.77, -5.16
4.59, 0.0060, 7.91, 3.75, -0.04, -2.82, -5.73
4.59, 0.0060, 7.91, 3.73, -0.04, -2.86, -6.29
4.60, 0.0070, 7.91, 3.71, -0.04, -2.86, -6.78
4.60, 0.0060, 7.91, 3.70, -0.04, -2.81, -7.17
4.61, 0.0070, 7.91, 3.68, -0.04, -2.84, -7.34
4.62, 0.0070, 7.91, 3.66, -0.04, -2.91, -7.84
4.62, 0.0060, 7.91, 3.64, -0.04, -2.95, -8.51
4.63, 0.0060, 7.91, 3.62, -0.04, -2.94, -9.04
4.64, 0.0070, 7.91, 3.60, -0.04, -2.86, -9.35
4.64, 0.0060, 7.91, 3.58, -0.04, -2.78, -9.45
4.65, 0.0060, 7.91, 3.57, -0.04, -2.70, -9.43
4.66, 0.0070, 7.91, 3.55, -0.04, -2.64, -9.44
4.66, 0.0070, 7.91, 3.53, -0.04, -2.61, -9.59
4.67, 0.0060, 7.91, 3.51, -0.04, -2.60, -9.83
4.68, 0.0060, 7.91, 3.50, -0.04, -2.63, -10.12
4.68, 0.0070, 7.91, 3.48, -0.04, -2.70, -10.55
4.69, 0.0060, 7.91, 3.46, -0.04, -2.78, -11.19
4.70, 0.0060, 7.91, 3.45, -0.04, -2.84, -11.83
4.70, 0.0080, 7.91, 3.42, -0.04, -2.87, -12.42
4.71, 0.0060, 7.91, 3.41, -0.04, -2.87, -13.02
4.72, 0.0070, 7.91, 3.39, -0.04, -2.84, -13.35
4.72, 0.0060, 7.91, 3.37, -0.04, -2.81, -13.64
4.73, 0.0060, 7.91, 3.35, -0.04, -2.78, -13.84
4.73, 0.0070, 7.91, 3.33, -0.04, -2.79, -14.07
4.74, 0.0070, 7.91, 3.31, -0.04, -2.82, -14.48
4.75, 0.0060, 7.91, 3.30, -0.04, -2.88, -15.02
4.75, 0.0070, 7.91, 3.28, -0.04, -2.94, -15.59
4.76, 0.0060, 7.91, 3.26, -0.04, -2.98, -16.23
4.77, 0.0060, 7.91, 3.24, -0.04, -2.99, -16.76
4.77, 0.0070, 7.91, 3.22, -0.04, -2.98, -17.18
4.78, 0.0060, 7.91, 3.20, -0.04, -2.96, -17.55
4.79, 0.0070, 7.91, 3.18, -0.04, -2.95, -17.82
4.79, 0.0070, 7.91, 3.16, -0.04, -2.96, -18.17
4.80, 0.0060, 7.91, 3.14, -0.04, -3.03, -18.65
4.81, 0.0070, 7.91, 3.12, -0.04, -3.05, -19.29
4.81, 0.0060, 7.91, 3.10, -0.04, -3.06, -19.80
4.82, 0.0060, 7.91, 3.08, -0.04, -3.11, -20.19
4.83, 0.0080, 7.91, 3.06, -0.04, -3.21, -20.75
4.83, 0.0060, 7.91, 3.04, -0.04, -3.38, -21.70
4.84, 0.0060, 7.91, 3.02, -0.04, -3.56, -22.79
4.84, 0.0070, 7.91, 2.99, -0.04, -3.71, -23.91
4.85, 0.0060, 7.91, 2.97, -0.04, -3.85, -25.05
4.86, 0.0060, 7.91, 2.94, -0.04, -3.97, -26.04
4.86, 0.0070, 7.91, 2.91, -0.04, -4.09, -27.00
4.87, 0.0070, 7.91, 2.89, -0.04, -4.18, -28.05
4.88, 0.0060, 7.91, 2.86, -0.04, -4.25, -29.03
4.88, 0.0070, 7.91, 2.83, -0.04, -4.30, -29.81
4.89, 0.0060, 7.91, 2.80, -0.04, -4.33, -30.60
4.90, 0.0060, 7.91, 2.78, -0.04, -4.36, -31.25
4.90, 0.0070, 7.91, 2.75, -0.04, -4.36, -31.87
4.91, 0.0070, 7.91, 2.72, -0.04, -4.34, -32.50
4.92, 0.0060, 7.91, 2.69, -0.04, -4.32, -33.04
4.92, 0.0070, 7.91, 2.66, -0.04, -4.32, -33.47
4.93, 0.0060, 7.91, 2.63, -0.04, -4.35, -34.07
4.94, 0.0060, 7.91, 2.61, -0.04, -4.38, -34.71
4.94, 0.0070, 7.91, 2.58, -0.04, -4.38, -35.37
4.95, 0.0060, 7.91, 2.55, -0.04, -4.31, -35.98
4.96, 0.0080, 7.91, 2.52, -0.04, -4.19, -36.22
4.96, 0.0060, 7.91, 2.49, -0.04, -4.03, -36.39
4.97, 0.0060, 7.91, 2.47, -0.04, -3.90, -36.26
4.98, 0.0070, 7.91, 2.44, -0.04, -3.79, -36.18
4.98, 0.0060, 7.91, 2.42, -0.04, -3.69, -36.29
4.99, 0.0060, 7.91, 2.40, -0.04, -3.57, -36.34
5.00, 0.0080, 7.91, 2.37, -0.04, -3.41, -36.29
5.00, 0.0060, 7.91, 2.35, -0.04, -3.19, -36.17
5.01, 0.0060, 7.91, 2.34, -0.04, -2.93, -35.67
5.01, 0.0070, 7.91, 2.32, -0.04, -2.67, -35.01
5.02, 0.0060, 7.91, 2.30, -0.04, -2.46, -34.35
5.03, 0.0060, 7.91, 2.29, -0.04, -2.30, -33.76
5.03, 0.0070, 7.91, 2.27, -0.04, -2.16, -33.43
5.04, 0.0070, 7.91, 2.26, -0.04, -1.94, -33.17
5.05, 0.0060, 7.91, 2.25, -0.04, -1.58, -32.57
5.05, 0.0070, 7.91, 2.24, -0.04, -1.06, -31.30
5.06, 0.0060, 7.91, 2.24, -0.04, -0.53, -29.38
5.07, 0.0060, 7.91, 2.24, -0.04, -0.13, -27.32
5.07, 0.0070, 7.91, 2.24, -0.04, 0.05, -25.75
5.08, 0.0060, 7.91, 2.24, -0.04, 0.13, -24.99
5.09, 0.0070, 7.91, 2.24, -0.04, 0.20, -24.65
5.09, 0.0070, 7.91, 2.24, -0.04, 0.32, -24.35
5.10, 0.0060, 7.91, 2.25, -0.04, 0.49, -23.82
5.11, 0.0060, 7.91, 2.25, -0.04, 0.68, -23.08
5.11, 0.0070, 7.91, 2.26, -0.04, 0.86, -22.26
5.12, 0.0060, 7.91, 2.26, -0.04, 1.06, -21.40
5.13, 0.0070, 7.91, 2.27, -0.04, 1.26, -20.49
5.13, 0.0070, 7.91, 2.28, -0.04, 1.42, -19.53
5.14, 0.0060, 7.91, 2.29, -0.04, 1.49, -18.66
5.14, 0.0060, 7.91, 2.30, -0.04, 1.43, -18.20
5.15, 0.0070, 7.91, 2.31, -0.04, 1.22, -18.30
5.16, 0.0060, 7.91, 2.31, -0.04, 0.94, -18.94
5.16, 0.0060, 7.91, 2.32, -0.04, 0.67, -19.94
5.17, 0.0080, 7.91, 2.32, -0.04, 0.45, -20.98
5.18, 0.0060, 7.91, 2.32, -0.04, 0.29, -21.76
5.18, 0.0060, 7.91, 2.32, -0.04, 0.13, -22.39
5.19, 0.0070, 7.91, 2.32, -0.04, -0.07, -22.99
5.20, 0.0060, 7.91, 2.32, -0.04, -0.38, -23.81
5.20, 0.0060, 7.91, 2.32, -0.04, -0.78, -25.07
5.21, 0.0080, 7.91, 2.31, -0.04, -1.27, -26.80
5.22, 0.0060, 7.91, 2.30, -0.04, -1.75, -28.96
5.22, 0.0060, 7.91, 2.28, -0.04, -2.14, -31.09
5.23, 0.0070, 7.91, 2.27, -0.04, -2.49, -32.91
5.23, 0.0060, 7.91, 2.25, -0.04, -2.86, -34.62
5.24, 0.0060, 7.91, 2.23, -0.04, -3.38, -36.48
5.25, 0.0070, 7.91, 2.20, -0.04, -4.09, -38.96
5.25, 0.0070, 7.91, 2.17, -0.04, -4.81, -42.36
5.26, 0.0060, 7.91, 2.13, -0.04, -5.36, -45.93
5.27, 0.0070, 7.91, 2.09, -0.04, -5.61, -48.76
5.27, 0.0060, 7.91, 2.06, -0.04, -5.65, -50.54
5.28, 0.0060, 7.91, 2.03, -0.04, -5.68, -51.40
5.29, 0.0070, 7.91, 1.99, -0.04, -5.84, -52.19
5.29, 0.0060, 7.91, 1.95, -0.04, -6.18, -53.66
5.30, 0.0070, 7.91, 1.90, -0.04, -6.61, -55.74
5.31, 0.0070, 7.91, 1.85, -0.04, -7.03, -58.39
5.31, 0.0060, 7.91, 1.81, -0.04, -7.34, -61.05
5.32, 0.0060, 7.91, 1.76, -0.04, -7.50, -63.19
5.32, 0.0070, 7.91, 1.71, -0.04, -7.48, -64.73
5.33, 0.0060, 7.91, 1.67, -0.04, -7.28, -65.70
5.34, 0.0080, 7.91, 1.61, -0.04, -6.98, -65.75
5.34, 0.0060, 7.91, 1.57, -0.04, -6.67, -65.69
5.35, 0.0060, 7.91, 1.53, -0.04, -6.39, -65.24
5.36, 0.0070, 7.91, 1.49, -0.04, -6.11, -64.86
5.36, 0.0060, 7.91, 1.46, -0.04, -5.80, -64.60
5.37, 0.0060, 7.91, 1.42, -0.04, -5.45, -64.08
5.38, 0.0070, 7.91, 1.39, -0.04, -5.06, -63.33
5.38, 0.0070, 7.91, 1.36, -0.04, -4.70, -62.49
5.39, 0.0060, 7.91, 1.33, -0.04, -4.31, -61.68
5.40, 0.0070, 7.91, 1.30, -0.04, -3.86, -60.64
5.40, 0.0060, 7.91, 1.28, -0.04, -3.28, -59.41
5.41, 0.0060, 7.91, 1.27, -0.04, -2.59, -57.47
5.42, 0.0070, 7.91, 1.25, -0.04, -1.80, -55.00
5.42, 0.0070, 7.91, 1.25, -0.04, -0.99, -52.11
5.43, 0.0060, 7.91, 1.25, -0.04, -0.24, -49.00
5.44, 0.0070, 7.91, 1.25, -0.04, 0.38, -46.05
5.44, 0.0060, 7.91, 1.25, -0.04, 0.94, -43.50
5.45, 0.0060, 7.91, 1.26, -0.04, 1.44, -41.15
5.46, 0.0070, 7.91, 1.28, -0.04, 1.92, -38.99
5.46, 0.0060, 7.91, 1.29, -0.04, 2.40, -36.79
5.47, 0.0070, 7.91, 1.31, -0.04, 2.87, -34.59
5.48, 0.0070, 7.91, 1.33, -0.04, 3.33, -32.28
5.48, 0.0060, 7.91, 1.36, -0.04, 3.76, -30.00
5.49, 0.0060, 7.91, 1.38, -0.04, 4.19, -27.82
5.49, 0.0070, 7.91, 1.41, -0.04, 4.59, -25.59
5.50, 0.0060, 7.91, 1.44, -0.04, 4.98, -23.35
5.51, 0.0070, 7.91, 1.48, -0.04, 5.29, -21.20
5.51, 0.0070, 7.91, 1.52, -0.04, 5.49, -19.20
5.52, 0.0060, 7.91, 1.55, -0.04, 5.46, -17.64
5.53, 0.0060, 7.91, 1.58, -0.04, 5.15, -17.11
5.53, 0.0070, 7.91, 1.62, -0.04, 4.57, -17.73
5.54, 0.0060, 7.91, 1.64, -0.04, 3.91, -19.42
5.55, 0.0060, 7.91, 1.66, -0.04, 3.28, -21.59
5.55, 0.0080, 7.91, 1.68, -0.04, 2.74, -23.73
5.56, 0.0060, 7.91, 1.69, -0.04, 2.30, -25.44
5.57, 0.0060, 7.91, 1.71, -0.04, 1.92, -26.93
5.57, 0.0070, 7.91, 1.72, -0.04, 1.50, -28.23
5.58, 0.0060, 7.91, 1.72, -0.04, 0.98, -29.67
5.59, 0.0060, 7.91, 1.72, -0.04, 0.30, -31.63
5.59, 0.0070, 7.91, 1.72, -0.04, -0.59, -34.34
5.60, 0.0070, 7.91, 1.71, -0.04, -1.66, -37.97
5.61, 0.0060, 7.91, 1.69, -0.04, -2.89, -42.48
5.61, 0.0070, 7.91, 1.66, -0.04, -4.22, -47.73
5.62, 0.0060, 7.91, 1.63, -0.04, -5.53, -53.66
5.62, 0.0060, 7.91, 1.59, -0.04, -6.67, -59.55
5.63, 0.0070, 7.91, 1.54, -0.04, -7.45, -64.94
5.64, 0.0070, 7.91, 1.48, -0.04, -7.94, -69.09
5.64, 0.0060, 7.91, 1.43, -0.04, -8.32, -72.17
5.65, 0.0070, 7.91, 1.37, -0.04, -8.87, -74.69
5.66, 0.0060, 7.91, 1.31, -0.04, -9.73, -78.11
5.66, 0.0070, 7.91, 1.23, -0.04, -10.76, -82.71
5.67, 0.0060, 7.91, 1.16, -0.04, -11.73, -88.37
5.68, 0.0060, 7.91, 1.09, -0.04, -12.45, -93.65
5.68, 0.0080, 7.91, 0.99, -0.04, -12.83, -98.01
5.69, 0.0060, 7.91, 0.91, -0.04, -12.98, -101.60
5.70, 0.0070, 7.91, 0.82, -0.04, -13.12, -103.72
5.70, 0.0060, 7.91, 0.74, -0.04, -13.47, -106.15
5.71, 0.0070, 7.91, 0.64, -0.04, -13.93, -109.14
5.72, 0.0060, 7.91, 0.55, -0.04, -14.26, -112.94
5.72, 0.0070, 7.91, 0.45, -0.04, -14.26, -115.99
5.73, 0.0070, 7.91, 0.36, -0.04, -13.70, -117.99
5.74, 0.0060, 7.91, 0.28, -0.04, -12.76, -117.65
5.74, 0.0070, 7.91, 0.20, -0.04, -11.65, -115.42
5.75, 0.0060, 7.91, 0.13, -0.04, -10.79, -112.60
5.76, 0.0070, 7.91, 0.06, -0.04, -10.33, -110.46
5.76, 0.0060, 7.91, 0.00, -0.04, -10.09, -110.06
5.77, 0.0070, 7.91, -0.07, -0.04, -9.78, -110.33
5.78, 0.0070, 7.91, -0.13, -0.04, -9.10, -110.44
5.78, 0.0060, 7.91, -0.18, -0.04, -8.04, -109.02
5.79, 0.0070, 7.91, -0.23, -0.04, -6.68, -105.75
5.79, 0.0060, 7.91, -0.26, -0.04, -5.21, -101.24
5.80, 0.0060, 7.91, -0.28, -0.04, -3.76, -95.95
5.81, 0.0080, 7.91, -0.30, -0.04, -2.38, -90.61
5.81, 0.0060, 7.91, -0.31, -0.04, -1.13, -85.49
5.82, 0.0060, 7.91, -0.30, -0.04, 0.03, -80.64
5.83, 0.0070, 7.91, -0.30, -0.04, 1.10, -75.99
5.83, 0.0060, 7.91, -0.28, -0.04, 2.12, -71.56
5.84, 0.0060, 7.91, -0.27, -0.04, 3.17, -67.19
5.85, 0.0070, 7.91, -0.24, -0.04, 4.25, -62.63
5.85, 0.0070, 7.91, -0.20, -0.04, 5.35, -57.72
5.86, 0.0060, 7.91, -0.16, -0.04, 6.34, -52.55
5.87, 0.0070, 7.91, -0.11, -0.04, 7.11, -47.86
5.87, 0.0060, 7.91, -0.06, -0.04, 7.75, -43.75
5.88, 0.0070, 7.91, -0.01, -0.04, 8.25, -40.26
5.89, 0.0060, 7.91, 0.05, -0.04, 8.73, -37.14
5.89, 0.0070, 7.91, 0.11, -0.04, 9.32, -34.16
5.90, 0.0070, 7.91, 0.18, -0.04, 10.02, -30.51
5.91, 0.0060, 7.91, 0.24, -0.04, 10.47, -26.30
5.91, 0.0060, 7.91, 0.31, -0.04, 10.50, -23.24
5.92, 0.0070, 7.91, 0.38, -0.04, 10.02, -21.84
5.92, 0.0060, 7.91, 0.43, -0.04, 9.15, -22.35
5.93, 0.0060, 7.91, 0.48, -0.04, 8.05, -24.74
5.94, 0.0080, 7.91, 0.54, -0.04, 6.92, -28.17
5.95, 0.0060, 7.91, 0.57, -0.04, 6.08, -31.59
5.95, 0.0070, 7.91, 0.61, -0.04, 5.60, -34.22
5.96, 0.0060, 7.91, 0.64, -0.04, 5.25, -35.36
5.96, 0.0060, 7.91, 0.67, -0.04, 4.67, -36.14
5.97, 0.0070, 7.91, 0.70, -0.04, 3.41, -37.89
5.98, 0.0070, 7.91, 0.71, -0.04, 1.58, -42.44
5.98, 0.0060, 7.91, 0.70, -0.04, -0.55, -49.54
5.99, 0.0070, 7.91, 0.68, -0.04, -2.70, -58.14
6.00, 0.0060, 7.91, 0.66, -0.04, -4.55, -67.10
6.00, 0.0060, 7.91, 0.62, -0.04, -6.09, -75.06
6.01, 0.0070, 7.91, 0.57, -0.04, -7.30, -81.93
6.02, 0.0060, 7.91, 0.52, -0.04, -8.38, -87.80
6.02, 0.0070, 7.91, 0.45, -0.04, -9.57, -93.13
6.03, 0.0070, 7.91, 0.37, -0.04, -11.05, -99.23
6.03, 0.0060, 7.91, 0.30, -0.04, -12.93, -106.72
6.04, 0.0060, 7.91, 0.21, -0.04, -15.04, -115.77
6.05, 0.0070, 7.91, 0.09, -0.04, -17.04, -126.04
6.05, 0.0060, 7.91, -0.02, -0.04, -18.68, -136.40
6.06, 0.0080, 7.91, -0.18, -0.04, -19.85, -145.21
6.07, 0.0060, 7.91, -0.31, -0.04, -20.75, -153.07
6.07, 0.0070, 7.91, -0.46, -0.04, -21.58, -159.16
6.08, 0.0060, 7.91, -0.59, -0.04, -22.68, -165.52
6.09, 0.0070, 7.91, -0.76, -0.04, -24.06, -172.61
6.09, 0.0060, 7.91, -0.92, -0.04, -25.46, -181.51
6.10, 0.0060, 7.91, -1.07, -0.04, -26.33, -190.16
6.11, 0.0080, 7.91, -1.29, -0.04, -26.57, -196.80
6.11, 0.0060, 7.91, -1.44, -0.04, -26.37, -202.01
6.12, 0.0070, 7.91, -1.63, -0.04, -26.17, -204.39
6.13, 0.0060, 7.91, -1.78, -0.04, -26.07, -207.26
6.13, 0.0070, 7.91, -1.97, -0.04, -26.02, -209.96
6.14, 0.0060, 7.91, -2.12, -0.04, -25.92, -213.43
6.15, 0.0070, 7.91, -2.30, -0.04, -25.74, -216.13
6.15, 0.0070, 7.91, -2.48, -0.04, -25.57, -219.01
6.16, 0.0060, 7.91, -2.63, -0.04, -25.32, -221.93
6.17, 0.0070, 7.91, -2.81, -0.04, -24.69, -223.95
6.17, 0.0060, 7.91, -2.95, -0.04, -23.62, -224.89
6.18, 0.0070, 7.91, -3.10, -0.04, -22.22, -223.43
6.19, 0.0060, 7.91, -3.23, -0.04, -20.44, -220.96
6.19, 0.0080, 7.91, -3.38, -0.04, -18.79, -216.30
6.20, 0.0060, 7.91, -3.48, -0.04, -17.75, -212.67
6.21, 0.0060, 7.91, -3.59, -0.04, -17.56, -210.65
6.21, 0.0070, 7.91, -3.71, -0.04, -17.74, -212.03
6.22, 0.0060, 7.91, -3.82, -0.04, -17.81, -215.23
6.23, 0.0070, 7.91, -3.94, -0.04, -17.17, -217.62
6.23, 0.0070, 7.91, -4.05, -0.04, -15.47, -217.49
6.24, 0.0070, 7.91, -4.14, -0.04, -12.87, -212.82
6.25, 0.0060, 7.91, -4.20, -0.04, -10.42, -204.25
6.25, 0.0070, 7.91, -4.26, -0.04, -9.06, -195.68
6.26, 0.0060, 7.91, -4.32, -0.04, -8.60, -191.53
6.27, 0.0060, 7.91, -4.37, -0.04, -8.54, -190.73
6.27, 0.0070, 7.91, -4.42, -0.04, -8.27, -191.49
6.28, 0.0070, 7.91, -4.48, -0.04, -7.26, -191.58
6.29, 0.0070, 7.91, -4.51, -0.04, -5.48, -188.56
6.29, 0.0060, 7.91, -4.53, -0.04, -3.13, -182.19
6.30, 0.0060, 7.91, -4.54, -0.04, -1.00, -173.19
6.30, 0.0070, 7.91, -4.54, -0.04, 0.08, -164.79
6.31, 0.0060, 7.91, -4.54, -0.04, 0.40, -160.43
6.32, 0.0070, 7.91, -4.53, -0.04, 0.43, -159.10
6.32, 0.0070, 7.91, -4.53, -0.04, 0.60, -158.94
6.33, 0.0060, 7.91, -4.52, -0.04, 1.15, -158.18
6.34, 0.0070, 7.91, -4.51, -0.04, 1.98, -155.82
6.34, 0.0060, 7.91, -4.49, -0.04, 2.99, -152.23
6.35, 0.0060, 7.91, -4.47, -0.04, 4.12, -147.82
6.36, 0.0070, 7.91, -4.43, -0.04, 5.22, -142.82
6.36, 0.0070, 7.91, -4.39, -0.04, 6.17, -137.70
6.37, 0.0070, 7.91, -4.34, -0.04, 6.82, -133.02
6.38, 0.0060, 7.91, -4.29, -0.04, 7.13, -129.48
6.38, 0.0060, 7.91, -4.25, -0.04, 6.96, -127.38
6.39, 0.0070, 7.91, -4.21, -0.04, 6.71, -127.20
6.40, 0.0060, 7.91, -4.17, -0.04, 6.84, -127.29
6.40, 0.0080, 7.91, -4.11, -0.04, 7.48, -125.95
6.41, 0.0060, 7.91, -4.06, -0.04, 8.22, -122.19
6.42, 0.0060, 7.91, -4.00, -0.04, 8.70, -118.26
6.42, 0.0070, 7.91, -3.94, -0.04, 8.67, -115.26
6.43, 0.0060, 7.91, -3.89, -0.04, 8.01, -114.19
6.44, 0.0070, 7.91, -3.85, -0.04, 6.99, -115.86
6.44, 0.0060, 7.91, -3.81, -0.04, 6.34, -118.95
6.45, 0.0070, 7.91, -3.76, -0.04, 6.60, -120.79
6.46, 0.0070, 7.91, -3.71, -0.04, 7.06, -118.85
6.46, 0.0060, 7.91, -3.67, -0.04, 7.17, -115.99
6.47, 0.0070, 7.91, -3.62, -0.04, 6.67, -114.72
6.48, 0.0060, 7.91, -3.59, -0.04, 5.53, -115.79
6.48, 0.0060, 7.91, -3.57, -0.04, 3.99, -119.69
6.49, 0.0080, 7.91, -3.55, -0.04, 2.31, -125.37
6.50, 0.0060, 7.91, -3.54, -0.04, 0.90, -131.69
6.50, 0.0070, 7.91, -3.54, -0.04, 0.17, -137.25
6.51, 0.0060, 7.91, -3.54, -0.04, -0.25, -140.11
6.51, 0.0060, 7.91, -3.55, -0.04, -0.79, -141.85
6.52, 0.0070, 7.91, -3.56, -0.04, -1.64, -144.11
6.53, 0.0060, 7.91, -3.58, -0.04, -2.88, -147.74
6.53, 0.0080, 7.91, -3.61, -0.04, -4.36, -153.03
6.54, 0.0060, 7.91, -3.65, -0.04, -5.81, -159.66
6.55, 0.0060, 7.91, -3.69, -0.04, -7.09, -166.16
6.55, 0.0070, 7.91, -3.74, -0.04, -8.13, -172.10
6.56, 0.0060, 7.91, -3.80, -0.04, -9.19, -177.41
6.57, 0.0070, 7.91, -3.87, -0.04, -10.47, -182.77
6.57, 0.0070, 7.91, -3.96, -0.04, -11.95, -189.34
6.58, 0.0060, 7.91, -4.04, -0.04, -13.44, -196.95
6.59, 0.0070, 7.91, -4.14, -0.04, -14.75, -204.50
6.59, 0.0060, 7.91, -4.24, -0.04, -15.82, -211.82
6.60, 0.0070, 7.91, -4.35, -0.04, -16.49, -218.01
6.61, 0.0060, 7.91, -4.45, -0.04, -16.78, -223.00
6.61, 0.0070, 7.91, -4.57, -0.04, -16.82, -226.17
6.62, 0.0070, 7.91, -4.69, -0.04, -16.99, -228.66
6.63, 0.0070, 7.91, -4.81, -0.04, -17.67, -231.73
6.63, 0.0060, 7.91, -4.93, -0.04, -19.08, -236.93
6.64, 0.0060, 7.91, -5.05, -0.04, -20.83, -244.86
6.65, 0.0070, 7.91, -5.21, -0.04, -22.39, -254.35
6.65, 0.0060, 7.91, -5.35, -0.04, -23.27, -263.74
6.66, 0.0080, 7.91, -5.53, -0.04, -23.22, -270.02
6.67, 0.0060, 7.91, -5.67, -0.04, -22.51, -273.55
6.67, 0.0070, 7.91, -5.82, -0.04, -21.89, -273.42
6.68, 0.0060, 7.91, -5.95, -0.04, -21.88, -274.02
6.69, 0.0070, 7.91, -6.11, -0.04, -22.57, -276.58
6.69, 0.0060, 7.91, -6.25, -0.04, -23.49, -282.49
6.70, 0.0070, 7.91, -6.42, -0.04, -24.05, -289.02
6.71, 0.0070, 7.91, -6.59, -0.04, -24.04, -294.62
6.71, 0.0070, 7.91, -6.75, -0.04, -23.44, -297.93
6.72, 0.0060, 7.91, -6.89, -0.04, -22.95, -298.83
6.73, 0.0060, 7.91, -7.03, -0.04, -22.95, -299.61
6.73, 0.0070, 7.91, -7.19, -0.04, -23.39, -302.39
6.74, 0.0060, 7.91, -7.34, -0.04, -24.28, -307.39
6.75, 0.0080, 7.91, -7.54, -0.04, -25.20, -313.87
6.75, 0.0060, 7.91, -7.69, -0.04, -25.82, -321.57
6.76, 0.0070, 7.91, -7.88, -0.04, -25.87, -327.18
6.77, 0.0060, 7.91, -8.03, -0.04, -25.55, -330.98
6.77, 0.0070, 7.91, -8.21, -0.04, -25.26, -332.77
6.78, 0.0060, 7.91, -8.36, -0.04, -25.32, -335.17
6.79, 0.0060, 7.91, -8.51, -0.04, -25.67, -338.45
6.79, 0.0080, 7.91, -8.72, -0.04, -26.18, -342.92
6.80, 0.0060, 7.91, -8.88, -0.04, -26.80, -349.16
6.80, 0.0070, 7.91, -9.07, -0.04, -27.54, -354.84
6.81, 0.0060, 7.91, -9.25, -0.04, -28.45, -361.67
6.82, 0.0070, 7.91, -9.45, -0.04, -29.36, -368.70
6.82, 0.0060, 7.91, -9.63, -0.04, -30.05, -376.46
6.83, 0.0080, 7.91, -9.87, -0.04, -30.39, -382.84
6.84, 0.0060, 7.91, -10.06, -0.04, -30.62, -389.06
6.84, 0.0070, 7.91, -10.27, -0.04, -30.97, -393.66
6.85, 0.0060, 7.91, -10.46, -0.04, -31.69, -399.38
6.86, 0.0070, 7.91, -10.70, -0.04, -32.89, -406.04
6.86, 0.0060, 7.91, -10.90, -0.04, -34.71, -415.48
6.87, 0.0070, 7.91, -11.16, -0.04, -36.51, -426.91
6.88, 0.0070, 7.91, -11.43, -0.04, -38.01, -439.22
6.89, 0.0070, 7.91, -11.70, -0.04, -39.20, -450.55
6.89, 0.0060, 7.91, -11.94, -0.04, -40.38, -460.78
6.90, 0.0070, 7.91, -12.23, -0.04, -41.84, -470.35
6.91, 0.0060, 7.91, -12.50, -0.04, -43.49, -482.07
6.91, 0.0070, 7.91, -12.81, -0.04, -45.23, -493.88
6.92, 0.0070, 7.91, -13.14, -0.04, -46.72, -507.16
6.93, 0.0070, 7.91, -13.47, -0.04, -47.93, -519.65
6.93, 0.0060, 7.91, -13.77, -0.04, -49.17, -531.22
6.94, 0.0070, 7.91, -14.12, -0.04, -50.51, -542.09
6.95, 0.0060, 7.91, -14.44, -0.04, -52.26, -554.51
6.95, 0.0070, 7.91, -14.82, -0.04, -54.41, -567.76
6.96, 0.0070, 7.91, -15.22, -0.04, -56.77, -584.01
6.97, 0.0070, 7.91, -15.63, -0.04, -58.88, -601.39
6.97, 0.0060, 7.91, -15.99, -0.04, -60.34, -618.08
6.98, 0.0070, 7.91, -16.42, -0.04, -61.19, -631.16
6.99, 0.0060, 7.91, -16.79, -0.04, -61.79, -643.13
6.99, 0.0070, 7.91, -17.23, -0.04, -62.45, -652.95
7.00, 0.0060, 7.91, -17.61, -0.04, -63.39, -664.33
7.01, 0.0080, 7.91, -18.12, -0.04, -64.56, -675.67
7.01, 0.0070, 7.91, -18.58, -0.04, -65.73, -690.69
7.02, 0.0060, 7.91, -18.98, -0.04, -66.45, -704.59
7.03, 0.0070, 7.91, -19.45, -0.04, -66.61, -715.44
7.03, 0.0060, 7.91, -19.85, -0.04, -66.39, -725.41
7.04, 0.0070, 7.91, -20.31, -0.04, -66.04, -732.48
7.05, 0.0070, 7.91, -20.77, -0.04, -65.74, -740.35
7.05, 0.0070, 7.91, -21.23, -0.04, -65.44, -748.33
7.06, 0.0060, 7.91, -21.62, -0.04, -64.90, -756.30
7.07, 0.0070, 7.91, -22.06, -0.04, -63.76, -761.91
7.07, 0.0060, 7.91, -22.44, -0.04, -62.48, -766.28
7.08, 0.0070, 7.91, -22.87, -0.04, -61.27, -768.68
7.09, 0.0060, 7.91, -23.23, -0.04, -59.98, -772.39
7.09, 0.0080, 7.91, -23.69, -0.04, -58.43, -774.46
7.10, 0.0060, 7.91, -24.03, -0.04, -56.60, -777.59
7.11, 0.0070, 7.91, -24.42, -0.04, -54.68, -777.04
7.11, 0.0060, 7.91, -24.73, -0.04, -52.79, -777.03
7.12, 0.0070, 7.91, -25.09, -0.04, -50.80, -775.81
7.13, 0.0060, 7.91, -25.38, -0.04, -48.45, -774.96
7.13, 0.0080, 7.91, -25.74, -0.04, -45.49, -771.39
7.14, 0.0060, 7.91, -26.00, -0.04, -42.30, -766.83
7.15, 0.0070, 7.91, -26.27, -0.04, -39.00, -759.11
7.15, 0.0060, 7.91, -26.48, -0.04, -35.08, -751.40
7.16, 0.0070, 7.91, -26.70, -0.04, -31.36, -739.94
7.17, 0.0060, 7.91, -26.87, -0.04, -27.99, -729.41
7.17, 0.0080, 7.91, -27.06, -0.04, -24.68, -719.32
7.18, 0.0060, 7.91, -27.19, -0.04, -21.19, -710.03
7.19, 0.0070, 7.91, -27.32, -0.04, -17.79, -698.61
7.19, 0.0060, 7.91, -27.40, -0.04, -14.40, -687.50
7.20, 0.0070, 7.91, -27.48, -0.04, -10.97, -675.65
7.21, 0.0060, 7.91, -27.52, -0.04, -7.22, -663.49
7.21, 0.0070, 7.91, -27.55, -0.04, -3.29, -649.33
7.22, 0.0070, 7.91, -27.54, -0.04, 0.52, -634.08
7.23, 0.0070, 7.91, -27.51, -0.04, 4.16, -618.78
7.23, 0.0060, 7.91, -27.47, -0.04, 7.95, -603.62
7.24, 0.0060, 7.91, -27.39, -0.04, 11.92, -587.51
7.24, 0.0070, 7.91, -27.28, -0.04, 16.04, -570.21
7.25, 0.0060, 7.91, -27.16, -0.04, 20.14, -551.47
7.26, 0.0080, 7.91, -26.97, -0.04, 23.76, -532.67
7.26, 0.0060, 7.91, -26.81, -0.04, 26.86, -514.37
7.27, 0.0070, 7.91, -26.60, -0.04, 30.00, -498.76
7.28, 0.0060, 7.91, -26.40, -0.04, 33.74, -482.00
7.28, 0.0070, 7.91, -26.13, -0.04, 37.83, -463.01
7.29, 0.0060, 7.91, -25.88, -0.04, 41.99, -441.33
7.30, 0.0070, 7.91, -25.56, -0.04, 46.02, -419.65
7.30, 0.0070, 7.91, -25.21, -0.04, 50.25, -397.11
7.31, 0.0070, 7.91, -24.83, -0.04, 54.47, -373.12
7.32, 0.0060, 7.91, -24.47, -0.04, 58.74, -348.65
7.32, 0.0070, 7.91, -24.03, -0.04, 62.73, -324.51
7.33, 0.0060, 7.91, -23.64, -0.04, 66.39, -299.75
7.34, 0.0070, 7.91, -23.14, -0.04, 70.10, -277.15
7.34, 0.0070, 7.91, -22.63, -0.04, 74.05, -252.49
7.35, 0.0070, 7.91, -22.08, -0.04, 77.67, -226.32
7.36, 0.0060, 7.91, -21.59, -0.04, 81.62, -200.97
7.36, 0.0070, 7.91, -20.99, -0.04, 86.03, -175.38
7.37, 0.0060, 7.91, -20.45, -0.04, 90.43, -145.70
7.38, 0.0070, 7.91, -19.79, -0.04, 94.55, -117.26
7.39, 0.0060, 7.91, -19.19, -0.04, 98.72, -87.52
7.39, 0.0080, 7.91, -18.37, -0.04, 102.89, -59.02
7.40, 0.0060, 7.91, -17.73, -0.04, 107.09, -25.85
7.40, 0.0070, 7.91, -16.95, -0.04, 111.00, 3.80
7.41, 0.0060, 7.91, -16.26, -0.04, 114.74, 34.97
7.42, 0.0070, 7.91, -15.43, -0.04, 118.38, 63.68
7.43, 0.0060, 7.91, -14.70, -0.04, 121.96, 94.83
7.43, 0.0080, 7.91, -13.70, -0.04, 125.35, 123.80
7.44, 0.0060, 7.91, -12.93, -0.04, 128.54, 157.42
7.44, 0.0070, 7.91, -12.01, -0.04, 131.40, 185.57
7.45, 0.0060, 7.91, -11.20, -0.04, 134.19, 215.43
7.46, 0.0070, 7.91, -10.24, -0.04, 137.22, 242.68
7.46, 0.0060, 7.91, -9.40, -0.04, 140.51, 274.03
7.47, 0.0080, 7.91, -8.25, -0.04, 143.92, 304.05
7.48, 0.0060, 7.91, -7.37, -0.04, 147.07, 340.69
7.48, 0.0070, 7.91, -6.32, -0.04, 149.86, 370.96
7.49, 0.0060, 7.91, -5.40, -0.04, 152.19, 403.08
7.50, 0.0070, 7.91, -4.32, -0.04, 154.24, 430.67
7.50, 0.0060, 7.91, -3.39, -0.04, 155.95, 460.48
7.51, 0.0070, 7.91, -2.28, -0.04, 157.80, 486.03
7.52, 0.0070, 7.91, -1.17, -0.04, 159.76, 515.51
7.52, 0.0070, 7.91, -0.03, -0.04, 161.82, 545.72
7.53, 0.0060, 7.91, 0.95, -0.04, 163.72, 576.61
7.54, 0.0070, 7.91, 2.11, -0.04, 165.15, 603.87
7.54, 0.0060, 7.91, 3.10, -0.04, 166.10, 632.71
7.55, 0.0070, 7.91, 4.27, -0.04, 166.51, 656.43
7.56, 0.0070, 7.91, 5.43, -0.04, 166.63, 681.39
7.56, 0.0070, 7.91, 6.60, -0.04, 166.55, 705.18
7.57, 0.0060, 7.91, 7.60, -0.04, 166.36, 728.19
7.58, 0.0070, 7.91, 8.76, -0.04, 165.98, 747.38
7.58, 0.0060, 7.91, 9.75, -0.04, 165.26, 769.13
7.59, 0.0070, 7.91, 10.90, -0.04, 164.25, 786.05
7.60, 0.0060, 7.91, 11.88, -0.04, 163.08, 805.01
7.60, 0.0080, 7.91, 13.17, -0.04, 161.92, 819.89
7.61, 0.0060, 7.91, 14.14, -0.04, 160.75, 841.17
7.62, 0.0070, 7.91, 15.26, -0.04, 159.41, 855.77
7.62, 0.0060, 7.91, 16.20, -0.04, 157.76, 872.75
7.63, 0.0070, 7.91, 17.29, -0.04, 155.75, 885.06
7.64, 0.0060, 7.91, 18.21, -0.04, 153.59, 898.86
7.64, 0.0080, 7.91, 19.43, -0.04, 151.51, 908.62
7.65, 0.0070, 7.91, 20.47, -0.04, 149.49, 924.54
7.66, 0.0060, 7.91, 21.36, -0.04, 147.34, 937.39
7.66, 0.0070, 7.91, 22.37, -0.04, 144.85, 946.49
7.67, 0.0060, 7.91, 23.22, -0.04, 141.91, 956.80
7.68, 0.0070, 7.91, 24.19, -0.04, 138.65, 962.06
7.69, 0.0070, 7.91, 25.14, -0.04, 135.32, 968.43
7.69, 0.0070, 7.91, 26.06, -0.04, 132.12, 974.07
7.70, 0.0060, 7.91, 26.84, -0.04, 128.92, 979.77
7.70, 0.0070, 7.91, 27.72, -0.04, 125.57, 982.42
7.71, 0.0070, 7.91, 28.57, -0.04, 121.95, 986.62
7.72, 0.0060, 7.91, 29.28, -0.04, 118.00, 989.18
7.73, 0.0070, 7.91, 30.08, -0.04, 114.01, 987.57
7.73, 0.0070, 7.91, 30.85, -0.04, 110.04, 987.58
7.74, 0.0070, 7.91, 31.59, -0.04, 106.29, 987.10
7.75, 0.0060, 7.91, 32.21, -0.04, 102.64, 986.97
7.75, 0.0070, 7.91, 32.90, -0.04, 98.99, 984.69
7.76, 0.0060, 7.91, 33.47, -0.04, 95.27, 983.96
7.76, 0.0070, 7.91, 34.11, -0.04, 91.46, 980.48
7.77, 0.0070, 7.91, 34.72, -0.04, 87.65, 978.08
7.78, 0.0070, 7.91, 35.31, -0.04, 83.92, 975.09
7.78, 0.0060, 7.91, 35.79, -0.04, 80.33, 971.92
7.79, 0.0070, 7.91, 36.33, -0.04, 76.77, 967.18
7.80, 0.0060, 7.91, 36.77, -0.04, 73.20, 963.72
7.80, 0.0070, 7.91, 37.26, -0.04, 69.60, 958.23
7.81, 0.0070, 7.91, 37.72, -0.04, 65.97, 953.56
7.82, 0.0070, 7.91, 38.16, -0.04, 62.32, 948.27
7.82, 0.0060, 7.91, 38.51, -0.04, 58.74, 942.41
7.83, 0.0070, 7.91, 38.90, -0.04, 55.28, 935.13
7.84, 0.0060, 7.91, 39.21, -0.04, 51.94, 929.02
7.84, 0.0070, 7.91, 39.55, -0.04, 48.69, 921.89
7.85, 0.0060, 7.91, 39.82, -0.04, 45.40, 915.71
7.86, 0.0080, 7.91, 40.16, -0.04, 42.09, 907.99
7.86, 0.0060, 7.91, 40.39, -0.04, 38.78, 901.50
7.87, 0.0070, 7.91, 40.64, -0.04, 35.58, 892.89
7.88, 0.0060, 7.91, 40.83, -0.04, 32.49, 885.08
7.88, 0.0070, 7.91, 41.04, -0.04, 29.46, 876.63
7.89, 0.0060, 7.91, 41.20, -0.04, 26.54, 868.62
7.90, 0.0080, 7.91, 41.39, -0.04, 23.79, 860.14
7.91, 0.0060, 7.91, 41.52, -0.04, 21.17, 852.96
7.91, 0.0070, 7.91, 41.65, -0.04, 18.63, 845.02
7.92, 0.0060, 7.91, 41.74, -0.04, 16.11, 837.45
7.92, 0.0070, 7.91, 41.84, -0.04, 13.56, 829.32
7.93, 0.0060, 7.91, 41.90, -0.04, 11.03, 821.01
7.94, 0.0070, 7.91, 41.96, -0.04, 8.49, 812.21
7.95, 0.0070, 7.91, 42.01, -0.04, 6.08, 803.26
7.95, 0.0070, 7.91, 42.03, -0.04, 3.89, 794.46
7.96, 0.0060, 7.91, 42.04, -0.04, 1.81, 786.23
7.96, 0.0070, 7.91, 42.04, -0.04, -0.27, 778.11
7.97, 0.0060, 7.91, 42.03, -0.04, -2.40, 769.77
7.98, 0.0060, 7.91, 42.00, -0.04, -4.63, 760.97
7.98, 0.0080, 7.91, 41.95, -0.04, -6.81, 751.50
7.99, 0.0060, 7.91, 41.89, -0.04, -8.90, 741.68
8.00, 0.0070, 7.91, 41.82, -0.04, -10.90, 732.24
8.00, 0.0060, 7.91, 41.74, -0.04, -12.88, 722.71
8.01, 0.0070, 7.91, 41.64, -0.04, -14.83, 713.28
8.02, 0.0060, 7.91, 41.53, -0.04, -16.72, 703.38
8.02, 0.0070, 7.91, 41.41, -0.04, -18.52, 693.84
8.03, 0.0070, 7.91, 41.26, -0.04, -20.26, 684.02
8.04, 0.0070, 7.91, 41.11, -0.04, -22.09, 674.23
8.04, 0.0060, 7.91, 40.96, -0.04, -24.09, 663.81
8.05, 0.0070, 7.91, 40.78, -0.04, -26.12, 652.93
8.06, 0.0060, 7.91, 40.61, -0.04, -28.11, 641.13
8.06, 0.0070, 7.91, 40.40, -0.04, -29.94, 629.81
8.07, 0.0070, 7.91, 40.18, -0.04, -31.62, 618.32
8.08, 0.0070, 7.91, 39.95, -0.04, -33.26, 607.16
8.08, 0.0060, 7.91, 39.74, -0.04, -34.87, 595.94
8.09, 0.0070, 7.91, 39.48, -0.04, -36.54, 585.32
8.10, 0.0060, 7.91, 39.25, -0.04, -38.28, 573.51
8.10, 0.0070, 7.91, 38.97, -0.04, -40.06, 561.96
8.11, 0.0070, 7.91, 38.68, -0.04, -41.88, 549.25
8.12, 0.0070, 7.91, 38.37, -0.04, -43.73, 536.09
8.12, 0.0060, 7.91, 38.10, -0.04, -45.58, 522.57
8.13, 0.0070, 7.91, 37.77, -0.04, -47.37, 509.70
8.14, 0.0060, 7.91, 37.48, -0.04, -49.03, 495.90
8.14, 0.0070, 7.91, 37.12, -0.04, -50.63, 483.38
8.15, 0.0060, 7.91, 36.81, -0.04, -52.21, 469.90
8.16, 0.0080, 7.91, 36.38, -0.04, -53.77, 457.33
8.16, 0.0060, 7.91, 36.05, -0.04, -55.31, 442.49
8.17, 0.0070, 7.91, 35.65, -0.04, -56.87, 429.67
8.18, 0.0060, 7.91, 35.30, -0.04, -58.39, 415.49
8.18, 0.0070, 7.91, 34.88, -0.04, -59.93, 402.40
8.19, 0.0060, 7.91, 34.51, -0.04, -61.46, 387.84
8.20, 0.0080, 7.91, 34.01, -0.04, -62.95, 374.35
8.20, 0.0060, 7.91, 33.62, -0.04, -64.37, 358.32
8.21, 0.0070, 7.91, 33.16, -0.04, -65.70, 344.92
8.22, 0.0060, 7.91, 32.76, -0.04, -67.00, 330.39
8.22, 0.0070, 7.91, 32.28, -0.04, -68.30, 317.14
8.23, 0.0060, 7.91, 31.86, -0.04, -69.61, 302.38
8.24, 0.0070, 7.91, 31.37, -0.04, -70.83, 288.79
8.24, 0.0070, 7.91, 30.86, -0.04, -71.90, 273.98
8.25, 0.0070, 7.91, 30.35, -0.04, -72.86, 259.65
8.26, 0.0060, 7.91, 29.91, -0.04, -73.73, 245.62
8.26, 0.0070, 7.91, 29.39, -0.04, -74.56, 233.28
8.27, 0.0060, 7.91, 28.94, -0.04, -75.38, 219.52
8.28, 0.0070, 7.91, 28.40, -0.04, -76.20, 207.19
8.28, 0.0070, 7.91, 27.86, -0.04, -77.09, 193.23
8.29, 0.0070, 7.91, 27.32, -0.04, -78.05, 178.89
8.30, 0.0060, 7.91, 26.84, -0.04, -78.95, 164.15
8.30, 0.0070, 7.91, 26.28, -0.04, -79.72, 151.06
8.31, 0.0060, 7.91, 25.80, -0.04, -80.29, 136.81
8.32, 0.0070, 7.91, 25.24, -0.04, -80.67, 124.90
8.32, 0.0070, 7.91, 24.67, -0.04, -80.92, 112.07
8.33, 0.0070, 7.91, 24.10, -0.04, -81.07, 99.74
8.34, 0.0060, 7.91, 23.62, -0.04, -81.20, 87.79
8.34, 0.0060, 7.91, 23.13, -0.04, -81.35, 77.54
8.35, 0.0070, 7.91, 22.56, -0.04, -81.51, 67.18
8.36, 0.0060, 7.91, 22.07, -0.04, -81.62, 55.11
8.36, 0.0070, 7.91, 21.50, -0.04, -81.59, 44.90
8.37, 0.0070, 7.91, 20.93, -0.04, -81.39, 33.61
8.38, 0.0070, 7.91, 20.36, -0.04, -81.11, 23.01
8.38, 0.0060, 7.91, 19.88, -0.04, -80.84, 12.75
8.39, 0.0060, 7.91, 19.39, -0.04, -80.55, 4.14
8.40, 0.0070, 7.91, 18.83, -0.04, -80.20, -4.36
8.40, 0.0060, 7.91, 18.35, -0.04, -79.72, -14.21
8.41, 0.0080, 7.91, 17.72, -0.04, -79.00, -21.83
8.42, 0.0060, 7.91, 17.25, -0.04, -77.98, -31.58
8.42, 0.0070, 7.91, 16.71, -0.04, -76.82, -36.90
8.43, 0.0060, 7.91, 16.26, -0.04, -75.68, -43.00
8.44, 0.0060, 7.91, 15.81, -0.04, -74.73, -47.51
8.44, 0.0070, 7.91, 15.29, -0.04, -73.92, -52.68
8.45, 0.0060, 7.91, 14.86, -0.04, -73.13, -59.81
8.46, 0.0080, 7.91, 14.28, -0.04, -72.17, -65.43
8.46, 0.0060, 7.91, 13.85, -0.04, -71.04, -73.12
8.47, 0.0070, 7.91, 13.36, -0.04, -69.69, -77.12
8.48, 0.0060, 7.91, 12.96, -0.04, -68.18, -81.47
8.48, 0.0070, 7.91, 12.49, -0.04, -66.57, -83.60
8.49, 0.0060, 7.91, 12.10, -0.04, -64.99, -86.49
8.50, 0.0080, 7.91, 11.59, -0.04, -63.50, -87.99
8.50, 0.0060, 7.91, 11.22, -0.04, -62.12, -92.16
8.51, 0.0060, 7.91, 10.85, -0.04, -60.71, -94.10
8.51, 0.0070, 7.91, 10.44, -0.04, -59.23, -95.77
8.52, 0.0060, 7.91, 10.09, -0.04, -57.62, -98.12
8.53, 0.0070, 7.91, 9.70, -0.04, -55.95, -98.60
8.53, 0.0060, 7.91, 9.38, -0.04, -54.33, -99.77
8.54, 0.0070, 7.91, 9.01, -0.04, -52.79, -99.77
8.55, 0.0070, 7.91, 8.65, -0.04, -51.35, -101.02
8.55, 0.0060, 7.91, 8.35, -0.04, -50.01, -102.46
8.56, 0.0070, 7.91, 8.01, -0.04, -48.65, -103.11
8.57, 0.0060, 7.91, 7.72, -0.04, -47.23, -104.47
8.57, 0.0070, 7.91, 7.40, -0.04, -45.64, -104.46
8.58, 0.0070, 7.91, 7.10, -0.04, -43.89, -104.50
8.59, 0.0060, 7.91, 6.84, -0.04, -42.08, -103.61
8.59, 0.0070, 7.91, 6.56, -0.04, -40.39, -101.45
8.60, 0.0060, 7.91, 6.33, -0.04, -38.89, -100.31
8.61, 0.0070, 7.91, 6.06, -0.04, -37.62, -98.99
8.61, 0.0060, 7.91, 5.85, -0.04, -36.60, -99.20
8.62, 0.0070, 7.91, 5.60, -0.04, -35.60, -99.49
8.63, 0.0070, 7.91, 5.35, -0.04, -34.49, -100.50
8.63, 0.0060, 7.91, 5.16, -0.04, -33.16, -100.86
8.64, 0.0070, 7.91, 4.93, -0.04, -31.70, -99.54
8.65, 0.0060, 7.91, 4.75, -0.04, -30.21, -98.14
8.65, 0.0070, 7.91, 4.55, -0.04, -28.86, -95.78
8.66, 0.0060, 7.91, 4.38, -0.04, -27.65, -94.42
8.67, 0.0070, 7.91, 4.20, -0.04, -26.66, -92.90
8.67, 0.0070, 7.91, 4.02, -0.04, -25.82, -92.68
8.68, 0.0060, 7.91, 3.87, -0.04, -25.04, -92.95
8.69, 0.0070, 7.91, 3.70, -0.04, -24.15, -92.83
8.69, 0.0060, 7.91, 3.56, -0.04, -23.14, -92.64
8.70, 0.0070, 7.91, 3.41, -0.04, -21.99, -91.36
8.71, 0.0060, 7.91, 3.28, -0.04, -20.88, -89.87
8.71, 0.0070, 7.91, 3.14, -0.04, -19.90, -87.94
8.72, 0.0070, 7.91, 3.01, -0.04, -19.10, -86.79
8.73, 0.0060, 7.91, 2.90, -0.04, -18.45, -86.28
8.73, 0.0070, 7.91, 2.77, -0.04, -17.79, -85.87
8.74, 0.0060, 7.91, 2.67, -0.04, -17.00, -85.74
8.74, 0.0060, 7.91, 2.57, -0.04, -16.09, -84.61
8.75, 0.0080, 7.91, 2.45, -0.04, -15.09, -82.91
8.76, 0.0060, 7.91, 2.37, -0.04, -14.22, -81.30
8.76, 0.0070, 7.91, 2.27, -0.04, -13.49, -79.55
8.77, 0.0060, 7.91, 2.20, -0.04, -12.90, -78.52
8.78, 0.0060, 7.91, 2.12, -0.04, -12.32, -77.71
8.78, 0.0070, 7.91, 2.04, -0.04, -11.67, -76.84
8.79, 0.0060, 7.91, 1.97, -0.04, -10.89, -75.87
8.80, 0.0080, 7.91, 1.89, -0.04, -10.12, -74.07
8.80, 0.0060, 7.91, 1.84, -0.04, -9.42, -72.63
8.81, 0.0060, 7.91, 1.78, -0.04, -8.84, -70.94
8.82, 0.0070, 7.91, 1.73, -0.04, -8.35, -69.71
8.82, 0.0060, 7.91, 1.68, -0.04, -7.90, -68.92
8.83, 0.0060, 7.91, 1.63, -0.04, -7.37, -68.03
8.84, 0.0080, 7.91, 1.58, -0.04, -6.75, -66.80
8.84, 0.0060, 7.91, 1.54, -0.04, -6.10, -65.42
8.85, 0.0060, 7.91, 1.51, -0.04, -5.44, -63.55
8.85, 0.0070, 7.91, 1.48, -0.04, -4.81, -61.56
