3.60, 3.5930, 6.74, 6.74, -0.04, 0.00, 0.00
3.60, 0.0060, 6.74, 6.74, -0.04, 0.00, 64.87
3.61, 0.0070, 6.74, 6.74, -0.04, 0.01, 64.88
3.62, 0.0060, 6.74, 6.74, -0.04, 0.01, 64.88
3.62, 0.0060, 6.74, 6.74, -0.04, 0.01, 64.90
3.63, 0.0070, 6.74, 6.74, -0.04, 0.03, 64.92
3.64, 0.0070, 6.74, 6.74, -0.04, 0.05, 65.01
3.64, 0.0060, 6.74, 6.74, -0.04, 0.01, 65.10
3.65, 0.0060, 6.74, 6.74, -0.04, -0.22, 64.93
3.65, 0.0070, 6.74, 6.74, -0.04, -0.67, 63.98
3.66, 0.0060, 6.74, 6.73, -0.04, -1.35, 62.08
3.67, 0.0060, 6.74, 6.72, -0.04, -2.13, 59.20
3.67, 0.0080, 6.74, 6.69, -0.04, -2.86, 55.83
3.68, 0.0060, 6.74, 6.67, -0.04, -3.46, 52.43
3.69, 0.0060, 6.74, 6.65, -0.04, -3.83, 49.63
3.69, 0.0060, 6.74, 6.63, -0.04, -3.96, 47.67
3.70, 0.0070, 6.74, 6.60, -0.04, -3.96, 46.69
3.71, 0.0060, 6.74, 6.57, -0.04, -4.07, 46.13
3.71, 0.0060, 6.74, 6.55, -0.04, -4.43, 45.23
3.72, 0.0080, 6.74, 6.51, -0.04, -5.12, 43.23
3.73, 0.0060, 6.74, 6.47, -0.04, -5.94, 39.68
3.73, 0.0060, 6.74, 6.43, -0.04, -6.77, 35.65
3.74, 0.0070, 6.74, 6.38, -0.04, -7.53, 31.52
3.74, 0.0060, 6.74, 6.33, -0.04, -8.18, 27.43
3.75, 0.0060, 6.74, 6.28, -0.04, -8.68, 23.85
3.76, 0.0080, 6.74, 6.20, -0.04, -9.06, 20.83
3.76, 0.0060, 6.74, 6.15, -0.04, -9.33, 17.85
3.77, 0.0060, 6.74, 6.09, -0.04, -9.54, 15.66
3.78, 0.0070, 6.74, 6.02, -0.04, -9.70, 13.66
3.78, 0.0060, 6.74, 5.96, -0.04, -9.85, 11.66
3.79, 0.0060, 6.74, 5.90, -0.04, -9.99, 9.90
3.80, 0.0070, 6.74, 5.83, -0.04, -10.16, 8.10
3.80, 0.0070, 6.74, 5.76, -0.04, -10.35, 6.00
3.81, 0.0060, 6.74, 5.70, -0.04, -10.51, 3.82
3.82, 0.0070, 6.74, 5.62, -0.04, -10.61, 1.90
3.82, 0.0060, 6.74, 5.56, -0.04, -10.65, 0.03
3.83, 0.0060, 6.74, 5.50, -0.04, -10.63, -1.41
3.84, 0.0070, 6.74, 5.42, -0.04, -10.50, -2.60
3.84, 0.0060, 6.74, 5.36, -0.04, -10.13, -3.57
3.85, 0.0070, 6.74, 5.29, -0.04, -9.48, -3.31
3.86, 0.0070, 6.74, 5.24, -0.04, -8.53, -2.03
3.86, 0.0060, 6.74, 5.19, -0.04, -7.42, 0.59
3.87, 0.0060, 6.74, 5.15, -0.04, -6.35, 4.15
3.87, 0.0060, 6.74, 5.12, -0.04, -5.47, 7.66
3.88, 0.0070, 6.74, 5.09, -0.04, -4.85, 10.53
3.89, 0.0070, 6.74, 5.05, -0.04, -4.56, 12.31
3.89, 0.0060, 6.74, 5.03, -0.04, -4.56, 12.82
3.90, 0.0070, 6.74, 5.00, -0.04, -4.28, 12.30
3.91, 0.0060, 6.74, 4.98, -0.04, -3.53, 12.81
3.91, 0.0060, 6.74, 4.96, -0.04, -2.74, 15.41
3.92, 0.0070, 6.74, 4.94, -0.04, -2.38, 18.23
3.93, 0.0060, 6.74, 4.93, -0.04, -2.31, 19.33
3.93, 0.0070, 6.74, 4.91, -0.04, -2.23, 19.33
3.94, 0.0070, 6.74, 4.90, -0.04, -1.99, 19.33
3.95, 0.0060, 6.74, 4.89, -0.04, -1.50, 20.01
3.95, 0.0060, 6.74, 4.89, -0.04, -0.81, 21.79
3.96, 0.0070, 6.74, 4.88, -0.04, -0.02, 24.47
3.96, 0.0060, 6.74, 4.89, -0.04, 0.73, 27.62
3.97, 0.0070, 6.74, 4.90, -0.04, 1.23, 30.70
3.98, 0.0070, 6.74, 4.91, -0.04, 1.42, 32.87
3.98, 0.0060, 6.74, 4.92, -0.04, 1.34, 33.82
3.99, 0.0060, 6.74, 4.92, -0.04, 1.12, 33.66
4.00, 0.0070, 6.74, 4.93, -0.04, 0.95, 32.94
4.00, 0.0060, 6.74, 4.93, -0.04, 0.94, 32.39
4.01, 0.0060, 6.74, 4.94, -0.04, 1.05, 32.45
4.02, 0.0080, 6.74, 4.95, -0.04, 1.27, 33.04
4.02, 0.0060, 6.74, 4.96, -0.04, 1.47, 34.11
4.03, 0.0060, 6.74, 4.97, -0.04, 1.55, 35.09
4.04, 0.0060, 6.74, 4.98, -0.04, 1.47, 35.60
4.04, 0.0070, 6.74, 4.99, -0.04, 1.22, 35.45
4.05, 0.0060, 6.74, 4.99, -0.04, 0.84, 34.61
4.06, 0.0060, 6.74, 4.99, -0.04, 0.37, 33.18
4.06, 0.0080, 6.74, 4.99, -0.04, -0.07, 31.37
4.07, 0.0060, 6.74, 4.99, -0.04, -0.40, 29.59
4.07, 0.0060, 6.74, 4.99, -0.04, -0.59, 28.21
4.08, 0.0070, 6.74, 4.98, -0.04, -0.64, 27.40
4.09, 0.0060, 6.74, 4.98, -0.04, -0.55, 27.10
4.09, 0.0060, 6.74, 4.98, -0.04, -0.71, 27.41
4.10, 0.0080, 6.74, 4.97, -0.04, -1.23, 26.66
4.11, 0.0060, 6.74, 4.96, -0.04, -1.53, 24.41
4.11, 0.0060, 6.74, 4.95, -0.04, -1.27, 23.01
4.12, 0.0070, 6.74, 4.94, -0.04, -0.66, 23.91
4.13, 0.0060, 6.74, 4.94, -0.04, 0.00, 26.26
4.13, 0.0060, 6.74, 4.95, -0.04, 0.53, 28.89
4.14, 0.0070, 6.74, 4.95, -0.04, 0.78, 31.08
4.15, 0.0070, 6.74, 4.96, -0.04, 0.75, 32.16
4.15, 0.0060, 6.74, 4.96, -0.04, 0.44, 32.16
4.16, 0.0070, 6.74, 4.96, -0.04, -0.10, 30.96
4.17, 0.0060, 6.74, 4.96, -0.04, -0.57, 28.79
4.17, 0.0060, 6.74, 4.95, -0.04, -0.70, 26.84
4.18, 0.0070, 6.74, 4.95, -0.04, -0.51, 26.27
4.19, 0.0070, 6.74, 4.95, -0.04, -0.23, 26.96
4.19, 0.0060, 6.74, 4.95, -0.04, -0.10, 28.02
4.20, 0.0070, 6.74, 4.95, -0.04, -0.17, 28.52
4.20, 0.0060, 6.74, 4.94, -0.04, -0.35, 28.22
4.21, 0.0060, 6.74, 4.94, -0.04, -0.56, 27.45
4.22, 0.0070, 6.74, 4.94, -0.04, -0.70, 26.57
4.22, 0.0060, 6.74, 4.93, -0.04, -0.72, 25.92
4.23, 0.0070, 6.74, 4.93, -0.04, -0.67, 25.74
4.24, 0.0070, 6.74, 4.92, -0.04, -0.59, 25.85
4.24, 0.0060, 6.74, 4.92, -0.04, -0.57, 26.07
4.25, 0.0060, 6.74, 4.92, -0.04, -0.59, 26.09
4.26, 0.0070, 6.74, 4.91, -0.04, -0.65, 25.92
4.26, 0.0060, 6.74, 4.91, -0.04, -0.71, 25.60
4.27, 0.0060, 6.74, 4.90, -0.04, -0.73, 25.30
4.28, 0.0080, 6.74, 4.90, -0.04, -0.72, 25.10
4.28, 0.0060, 6.74, 4.89, -0.04, -0.64, 25.06
4.29, 0.0060, 6.74, 4.89, -0.04, -0.52, 25.28
4.30, 0.0070, 6.74, 4.89, -0.04, -0.37, 25.69
4.30, 0.0060, 6.74, 4.89, -0.04, -0.21, 26.25
4.31, 0.0060, 6.74, 4.88, -0.04, -0.07, 26.87
4.32, 0.0080, 6.74, 4.88, -0.04, 0.02, 27.41
4.32, 0.0060, 6.74, 4.89, -0.04, 0.01, 27.78
4.33, 0.0060, 6.74, 4.88, -0.04, -0.08, 27.76
4.33, 0.0060, 6.74, 4.88, -0.04, -0.26, 27.37
4.34, 0.0070, 6.74, 4.88, -0.04, -0.44, 26.60
4.35, 0.0060, 6.74, 4.88, -0.04, -0.49, 25.84
4.35, 0.0060, 6.74, 4.87, -0.04, -0.38, 25.58
4.36, 0.0080, 6.74, 4.87, -0.04, -0.26, 25.98
4.37, 0.0060, 6.74, 4.87, -0.04, -0.33, 26.42
4.37, 0.0060, 6.74, 4.87, -0.04, -0.47, 26.09
4.38, 0.0070, 6.74, 4.86, -0.04, -0.45, 25.47
4.39, 0.0060, 6.74, 4.86, -0.04, -0.19, 25.50
4.39, 0.0060, 6.74, 4.86, -0.04, 0.18, 26.52
4.40, 0.0080, 6.74, 4.87, -0.04, 0.45, 28.01
4.41, 0.0060, 6.74, 4.87, -0.04, 0.52, 29.16
4.41, 0.0060, 6.74, 4.87, -0.04, 0.43, 29.50
4.42, 0.0070, 6.74, 4.88, -0.04, 0.27, 29.19
4.42, 0.0060, 6.74, 4.88, -0.04, 0.14, 28.60
4.43, 0.0060, 6.74, 4.88, -0.04, 0.09, 28.07
4.44, 0.0070, 6.74, 4.88, -0.04, 0.15, 27.89
4.44, 0.0070, 6.74, 4.88, -0.04, 0.26, 28.15
4.45, 0.0060, 6.74, 4.88, -0.04, 0.38, 28.66
4.46, 0.0070, 6.74, 4.89, -0.04, 0.44, 29.17
4.46, 0.0060, 6.74, 4.89, -0.04, 0.41, 29.48
4.47, 0.0060, 6.74, 4.89, -0.04, 0.32, 29.41
4.48, 0.0070, 6.74, 4.89, -0.04, 0.22, 29.08
4.48, 0.0070, 6.74, 4.89, -0.04, 0.16, 28.70
4.49, 0.0060, 6.74, 4.89, -0.04, 0.16, 28.48
4.50, 0.0070, 6.74, 4.89, -0.04, 0.20, 28.53
4.50, 0.0060, 6.74, 4.90, -0.04, 0.24, 28.69
4.51, 0.0060, 6.74, 4.90, -0.04, 0.26, 28.87
4.51, 0.0070, 6.74, 4.90, -0.04, 0.26, 28.98
4.52, 0.0060, 6.74, 4.90, -0.04, 0.23, 29.02
4.53, 0.0070, 6.74, 4.90, -0.04, 0.20, 28.95
4.53, 0.0070, 6.74, 4.90, -0.04, 0.12, 28.84
4.54, 0.0060, 6.74, 4.90, -0.04, -0.00, 28.56
4.55, 0.0060, 6.74, 4.90, -0.04, -0.10, 28.04
4.55, 0.0060, 6.74, 4.90, -0.04, -0.09, 27.65
4.56, 0.0070, 6.74, 4.90, -0.04, 0.06, 27.69
4.57, 0.0060, 6.74, 4.90, -0.04, 0.23, 28.28
4.57, 0.0070, 6.74, 4.91, -0.04, 0.30, 28.99
4.58, 0.0070, 6.74, 4.91, -0.04, 0.24, 29.31
4.59, 0.0060, 6.74, 4.91, -0.04, 0.10, 29.13
4.59, 0.0060, 6.74, 4.91, -0.04, -0.02, 28.58
4.60, 0.0070, 6.74, 4.91, -0.04, -0.07, 28.10
4.61, 0.0060, 6.74, 4.91, -0.04, -0.07, 27.86
4.61, 0.0070, 6.74, 4.91, -0.04, -0.03, 27.88
4.62, 0.0070, 6.74, 4.91, -0.04, 0.01, 28.02
4.63, 0.0060, 6.74, 4.91, -0.04, 0.04, 28.20
4.63, 0.0060, 6.74, 4.91, -0.04, 0.06, 28.31
4.64, 0.0070, 6.74, 4.91, -0.04, 0.09, 28.40
4.64, 0.0060, 6.74, 4.91, -0.04, 0.14, 28.54
4.65, 0.0060, 6.74, 4.91, -0.04, 0.18, 28.74
4.66, 0.0080, 6.74, 4.91, -0.04, 0.19, 28.93
4.66, 0.0060, 6.74, 4.91, -0.04, 0.17, 29.00
4.67, 0.0060, 6.74, 4.91, -0.04, 0.12, 28.94
4.68, 0.0070, 6.74, 4.91, -0.04, 0.07, 28.76
4.68, 0.0060, 6.74, 4.91, -0.04, 0.04, 28.55
4.69, 0.0060, 6.74, 4.91, -0.04, 0.05, 28.45
4.70, 0.0080, 6.74, 4.92, -0.04, 0.08, 28.49
4.70, 0.0060, 6.74, 4.92, -0.04, 0.11, 28.61
4.71, 0.0060, 6.74, 4.92, -0.04, 0.12, 28.74
4.72, 0.0060, 6.74, 4.92, -0.04, 0.12, 28.82
4.72, 0.0070, 6.74, 4.92, -0.04, 0.10, 28.81
4.73, 0.0060, 6.74, 4.92, -0.04, 0.07, 28.75
4.74, 0.0060, 6.74, 4.92, -0.04, 0.05, 28.64
4.74, 0.0080, 6.74, 4.92, -0.04, 0.04, 28.56
4.75, 0.0060, 6.74, 4.92, -0.04, 0.04, 28.53
4.76, 0.0060, 6.74, 4.92, -0.04, 0.05, 28.54
4.76, 0.0070, 6.74, 4.92, -0.04, 0.06, 28.57
4.77, 0.0060, 6.74, 4.92, -0.04, 0.07, 28.62
4.77, 0.0060, 6.74, 4.92, -0.04, 0.09, 28.68
4.78, 0.0070, 6.74, 4.92, -0.04, 0.11, 28.76
4.79, 0.0070, 6.74, 4.92, -0.04, 0.12, 28.85
4.79, 0.0060, 6.74, 4.92, -0.04, 0.12, 28.92
4.80, 0.0070, 6.74, 4.92, -0.04, 0.12, 28.95
4.81, 0.0060, 6.74, 4.92, -0.04, 0.15, 28.94
4.81, 0.0060, 6.74, 4.93, -0.04, 0.10, 29.11
4.82, 0.0070, 6.74, 4.93, -0.04, 0.08, 28.92
4.83, 0.0070, 6.74, 4.93, -0.04, 0.20, 28.83
4.83, 0.0060, 6.74, 4.93, -0.04, 0.29, 29.35
4.84, 0.0070, 6.74, 4.93, -0.04, 0.28, 29.75
4.84, 0.0060, 6.74, 4.93, -0.04, 0.21, 29.75
4.85, 0.0060, 6.74, 4.93, -0.04, 0.15, 29.49
4.86, 0.0070, 6.74, 4.93, -0.04, 0.12, 29.25
4.86, 0.0060, 6.74, 4.93, -0.04, 0.06, 29.14
4.87, 0.0070, 6.74, 4.93, -0.04, -0.06, 28.94
4.88, 0.0070, 6.74, 4.93, -0.04, -0.23, 28.46
4.88, 0.0060, 6.74, 4.93, -0.04, -0.43, 27.72
4.89, 0.0060, 6.74, 4.93, -0.04, -0.59, 26.89
4.90, 0.0070, 6.74, 4.92, -0.04, -0.73, 26.16
4.90, 0.0060, 6.74, 4.92, -0.04, -0.91, 25.49
4.91, 0.0070, 6.74, 4.91, -0.04, -1.15, 24.69
4.92, 0.0070, 6.74, 4.90, -0.04, -1.47, 23.56
4.92, 0.0060, 6.74, 4.89, -0.04, -1.81, 22.06
4.93, 0.0060, 6.74, 4.87, -0.04, -2.12, 20.49
4.94, 0.0070, 6.74, 4.86, -0.04, -2.36, 19.00
4.94, 0.0060, 6.74, 4.84, -0.04, -2.52, 17.71
4.95, 0.0060, 6.74, 4.83, -0.04, -2.64, 16.74
4.96, 0.0080, 6.74, 4.80, -0.04, -2.71, 15.98
4.96, 0.0060, 6.74, 4.79, -0.04, -2.77, 15.27
4.97, 0.0060, 6.74, 4.77, -0.04, -2.88, 14.67
4.98, 0.0070, 6.74, 4.75, -0.04, -3.05, 13.89
4.98, 0.0060, 6.74, 4.73, -0.04, -3.27, 12.79
4.99, 0.0060, 6.74, 4.71, -0.04, -3.50, 11.51
5.00, 0.0080, 6.74, 4.68, -0.04, -3.70, 10.16
5.00, 0.0060, 6.74, 4.66, -0.04, -3.90, 8.77
5.01, 0.0060, 6.74, 4.63, -0.04, -3.97, 7.50
5.01, 0.0070, 6.74, 4.60, -0.04, -4.05, 6.74
5.02, 0.0060, 6.74, 4.58, -0.04, -4.30, 5.86
5.03, 0.0060, 6.74, 4.55, -0.04, -4.54, 4.37
5.03, 0.0070, 6.74, 4.52, -0.04, -4.70, 2.86
5.04, 0.0070, 6.74, 4.48, -0.04, -4.81, 1.57
5.05, 0.0060, 6.74, 4.45, -0.04, -4.93, 0.45
5.05, 0.0060, 6.74, 4.42, -0.04, -5.09, -0.64
5.06, 0.0070, 6.74, 4.39, -0.04, -5.22, -1.88
5.07, 0.0060, 6.74, 4.36, -0.04, -5.26, -3.13
5.07, 0.0060, 6.74, 4.32, -0.04, -5.23, -3.94
5.08, 0.0070, 6.74, 4.29, -0.04, -5.19, -4.45
5.09, 0.0070, 6.74, 4.25, -0.04, -5.19, -5.00
5.09, 0.0060, 6.74, 4.22, -0.04, -5.23, -5.71
5.10, 0.0060, 6.74, 4.19, -0.04, -5.25, -6.50
5.10, 0.0070, 6.74, 4.15, -0.04, -5.19, -7.20
5.11, 0.0060, 6.74, 4.12, -0.04, -5.04, -7.69
5.12, 0.0060, 6.74, 4.09, -0.04, -4.87, -7.72
5.12, 0.0080, 6.74, 4.06, -0.04, -4.73, -7.61
5.13, 0.0060, 6.74, 4.03, -0.04, -4.63, -7.79
5.14, 0.0060, 6.74, 4.00, -0.04, -4.60, -7.99
5.14, 0.0060, 6.74, 3.97, -0.04, -4.60, -8.41
5.15, 0.0070, 6.74, 3.94, -0.04, -4.64, -8.97
5.16, 0.0060, 6.74, 3.91, -0.04, -4.69, -9.75
5.16, 0.0060, 6.74, 3.88, -0.04, -4.73, -10.51
5.17, 0.0080, 6.74, 3.85, -0.04, -4.73, -11.24
5.18, 0.0060, 6.74, 3.82, -0.04, -4.69, -12.01
5.18, 0.0060, 6.74, 3.79, -0.04, -4.64, -12.43
5.19, 0.0070, 6.74, 3.76, -0.04, -4.62, -12.78
5.20, 0.0060, 6.74, 3.73, -0.04, -4.63, -13.32
5.20, 0.0060, 6.74, 3.70, -0.04, -4.68, -13.93
5.21, 0.0070, 6.74, 3.67, -0.04, -4.74, -14.69
5.22, 0.0070, 6.74, 3.63, -0.04, -4.77, -15.58
5.22, 0.0070, 6.74, 3.60, -0.04, -4.78, -16.39
5.23, 0.0060, 6.74, 3.57, -0.04, -4.78, -17.10
5.23, 0.0060, 6.74, 3.54, -0.04, -4.78, -17.66
5.24, 0.0070, 6.74, 3.51, -0.04, -4.79, -18.25
5.25, 0.0060, 6.74, 3.48, -0.04, -4.81, -18.97
5.25, 0.0070, 6.74, 3.45, -0.04, -4.85, -19.63
5.26, 0.0070, 6.74, 3.41, -0.04, -4.90, -20.44
5.27, 0.0060, 6.74, 3.38, -0.04, -4.96, -21.32
5.27, 0.0060, 6.74, 3.35, -0.04, -5.02, -22.18
5.28, 0.0070, 6.74, 3.32, -0.04, -5.06, -23.01
5.28, 0.0060, 6.74, 3.29, -0.04, -5.07, -23.88
5.29, 0.0060, 6.74, 3.26, -0.04, -5.07, -24.53
5.30, 0.0080, 6.74, 3.22, -0.04, -5.07, -25.12
5.30, 0.0060, 6.74, 3.19, -0.04, -5.10, -25.96
5.31, 0.0060, 6.74, 3.16, -0.04, -5.14, -26.67
5.32, 0.0070, 6.74, 3.12, -0.04, -5.20, -27.47
5.32, 0.0060, 6.74, 3.09, -0.04, -5.28, -28.44
5.33, 0.0060, 6.74, 3.05, -0.04, -5.38, -29.38
5.34, 0.0080, 6.74, 3.01, -0.04, -5.49, -30.41
5.34, 0.0060, 6.74, 2.98, -0.04, -5.58, -31.74
5.35, 0.0060, 6.74, 2.94, -0.04, -5.58, -32.79
5.36, 0.0070, 6.74, 2.91, -0.04, -5.45, -33.45
5.36, 0.0060, 6.74, 2.87, -0.04, -5.20, -33.69
5.37, 0.0070, 6.74, 2.84, -0.04, -4.93, -33.31
5.38, 0.0060, 6.74, 2.81, -0.04, -4.74, -32.90
5.38, 0.0070, 6.74, 2.78, -0.04, -4.69, -32.75
5.39, 0.0070, 6.74, 2.75, -0.04, -4.74, -33.20
5.40, 0.0060, 6.74, 2.72, -0.04, -4.79, -34.06
5.40, 0.0060, 6.74, 2.69, -0.04, -4.76, -34.83
5.41, 0.0070, 6.74, 2.66, -0.04, -4.58, -35.28
5.42, 0.0060, 6.74, 2.63, -0.04, -4.25, -35.18
5.42, 0.0070, 6.74, 2.60, -0.04, -3.82, -34.39
5.43, 0.0070, 6.74, 2.58, -0.04, -3.40, -33.22
5.44, 0.0060, 6.74, 2.56, -0.04, -3.08, -32.01
5.44, 0.0060, 6.74, 2.54, -0.04, -2.85, -31.11
5.45, 0.0070, 6.74, 2.53, -0.04, -2.69, -30.53
5.45, 0.0060, 6.74, 2.51, -0.04, -2.52, -30.23
5.46, 0.0060, 6.74, 2.50, -0.04, -2.29, -29.85
5.47, 0.0080, 6.74, 2.48, -0.04, -2.01, -29.23
5.47, 0.0060, 6.74, 2.47, -0.04, -1.67, -28.43
5.48, 0.0060, 6.74, 2.46, -0.04, -1.32, -27.28
5.49, 0.0070, 6.74, 2.46, -0.04, -0.99, -26.02
5.49, 0.0060, 6.74, 2.45, -0.04, -0.71, -24.84
5.50, 0.0060, 6.74, 2.45, -0.04, -0.49, -23.82
5.51, 0.0080, 6.74, 2.45, -0.04, -0.28, -22.98
5.51, 0.0060, 6.74, 2.45, -0.04, -0.06, -22.20
5.52, 0.0060, 6.74, 2.45, -0.04, 0.21, -21.31
5.53, 0.0070, 6.74, 2.45, -0.04, 0.52, -20.21
5.53, 0.0060, 6.74, 2.46, -0.04, 0.82, -18.92
5.54, 0.0060, 6.74, 2.46, -0.04, 1.08, -17.59
5.55, 0.0070, 6.74, 2.47, -0.04, 1.18, -16.44
5.55, 0.0070, 6.74, 2.48, -0.04, 1.12, -15.86
5.56, 0.0060, 6.74, 2.48, -0.04, 0.89, -15.94
5.57, 0.0070, 6.74, 2.49, -0.04, 0.60, -16.77
5.57, 0.0060, 6.74, 2.49, -0.04, 0.39, -17.84
5.58, 0.0060, 6.74, 2.49, -0.04, 0.31, -18.65
5.58, 0.0070, 6.74, 2.49, -0.04, 0.40, -18.90
5.59, 0.0060, 6.74, 2.50, -0.04, 0.53, -18.51
5.60, 0.0070, 6.74, 2.50, -0.04, 0.61, -17.91
5.60, 0.0070, 6.74, 2.51, -0.04, 0.49, -17.52
5.61, 0.0060, 6.74, 2.51, -0.04, 0.12, -17.93
5.62, 0.0060, 6.74, 2.50, -0.04, -0.45, -19.38
5.62, 0.0070, 6.74, 2.50, -0.04, -1.09, -21.71
5.63, 0.0060, 6.74, 2.49, -0.04, -1.66, -24.42
5.64, 0.0070, 6.74, 2.47, -0.04, -2.14, -26.92
5.64, 0.0070, 6.74, 2.45, -0.04, -2.53, -29.14
5.65, 0.0060, 6.74, 2.44, -0.04, -2.88, -31.03
5.66, 0.0060, 6.74, 2.42, -0.04, -3.26, -32.79
5.66, 0.0070, 6.74, 2.39, -0.04, -3.68, -34.69
5.67, 0.0060, 6.74, 2.37, -0.04, -4.17, -36.88
5.68, 0.0060, 6.74, 2.34, -0.04, -4.72, -39.35
5.68, 0.0080, 6.74, 2.30, -0.04, -5.31, -42.14
5.69, 0.0060, 6.74, 2.26, -0.04, -5.83, -45.33
5.70, 0.0070, 6.74, 2.22, -0.04, -6.16, -48.11
5.70, 0.0060, 6.74, 2.18, -0.04, -6.30, -50.31
5.71, 0.0060, 6.74, 2.14, -0.04, -6.30, -51.63
5.71, 0.0070, 6.74, 2.10, -0.04, -6.34, -52.35
5.72, 0.0070, 6.74, 2.05, -0.04, -6.60, -53.42
5.73, 0.0060, 6.74, 2.01, -0.04, -7.02, -55.36
5.73, 0.0070, 6.74, 1.96, -0.04, -7.47, -57.90
5.74, 0.0060, 6.74, 1.91, -0.04, -7.77, -60.75
5.75, 0.0060, 6.74, 1.86, -0.04, -7.83, -62.90
5.75, 0.0070, 6.74, 1.81, -0.04, -7.65, -64.07
5.76, 0.0060, 6.74, 1.77, -0.04, -7.26, -64.42
5.77, 0.0070, 6.74, 1.72, -0.04, -6.76, -63.71
5.77, 0.0070, 6.74, 1.67, -0.04, -6.25, -62.68
5.78, 0.0060, 6.74, 1.64, -0.04, -5.85, -61.51
5.79, 0.0060, 6.74, 1.61, -0.04, -5.59, -60.60
5.79, 0.0070, 6.74, 1.57, -0.04, -5.40, -60.26
5.80, 0.0060, 6.74, 1.54, -0.04, -5.12, -60.22
5.81, 0.0060, 6.74, 1.51, -0.04, -4.64, -59.75
5.81, 0.0080, 6.74, 1.48, -0.04, -4.00, -58.38
5.82, 0.0060, 6.74, 1.46, -0.04, -3.31, -56.44
5.82, 0.0060, 6.74, 1.44, -0.04, -2.63, -54.09
5.83, 0.0070, 6.74, 1.43, -0.04, -2.00, -51.70
5.84, 0.0060, 6.74, 1.42, -0.04, -1.35, -49.43
5.84, 0.0060, 6.74, 1.42, -0.04, -0.62, -46.99
5.85, 0.0080, 6.74, 1.42, -0.04, 0.19, -44.14
5.86, 0.0060, 6.74, 1.42, -0.04, 1.05, -40.88
5.86, 0.0060, 6.74, 1.44, -0.04, 1.89, -37.33
5.87, 0.0070, 6.74, 1.45, -0.04, 2.71, -33.71
5.88, 0.0060, 6.74, 1.48, -0.04, 3.45, -30.09
5.88, 0.0060, 6.74, 1.50, -0.04, 4.09, -26.70
5.89, 0.0070, 6.74, 1.53, -0.04, 4.56, -23.64
5.90, 0.0070, 6.74, 1.57, -0.04, 4.88, -21.13
5.90, 0.0060, 6.74, 1.60, -0.04, 5.05, -19.16
5.91, 0.0070, 6.74, 1.63, -0.04, 5.28, -17.87
5.92, 0.0060, 6.74, 1.67, -0.04, 5.73, -16.23
5.92, 0.0060, 6.74, 1.71, -0.04, 6.32, -13.72
5.93, 0.0070, 6.74, 1.75, -0.04, 6.86, -10.62
5.94, 0.0070, 6.74, 1.80, -0.04, 7.17, -7.51
5.94, 0.0060, 6.74, 1.85, -0.04, 7.09, -5.25
5.95, 0.0070, 6.74, 1.89, -0.04, 6.69, -4.72
5.95, 0.0060, 6.74, 1.93, -0.04, 6.01, -5.38
5.96, 0.0060, 6.74, 1.96, -0.04, 5.23, -7.36
5.97, 0.0060, 6.74, 1.99, -0.04, 4.45, -9.89
5.97, 0.0070, 6.74, 2.01, -0.04, 3.87, -12.45
5.98, 0.0070, 6.74, 2.04, -0.04, 3.49, -14.22
5.99, 0.0060, 6.74, 2.06, -0.04, 3.14, -15.28
5.99, 0.0070, 6.74, 2.08, -0.04, 2.64, -16.29
6.00, 0.0060, 6.74, 2.09, -0.04, 1.80, -17.92
6.01, 0.0060, 6.74, 2.09, -0.04, 0.73, -21.06
6.01, 0.0070, 6.74, 2.09, -0.04, -0.42, -25.26
6.02, 0.0070, 6.74, 2.08, -0.04, -1.54, -29.90
6.03, 0.0060, 6.74, 2.06, -0.04, -2.62, -34.61
6.03, 0.0070, 6.74, 2.04, -0.04, -3.72, -39.25
6.04, 0.0060, 6.74, 2.01, -0.04, -4.88, -44.17
6.05, 0.0060, 6.74, 1.97, -0.04, -6.08, -49.40
6.05, 0.0070, 6.74, 1.92, -0.04, -7.24, -54.93
6.06, 0.0060, 6.74, 1.87, -0.04, -8.27, -60.57
6.07, 0.0070, 6.74, 1.81, -0.04, -9.14, -65.70
6.07, 0.0070, 6.74, 1.74, -0.04, -9.83, -70.43
6.08, 0.0060, 6.74, 1.67, -0.04, -10.47, -74.59
6.08, 0.0070, 6.74, 1.60, -0.04, -11.17, -78.41
6.09, 0.0060, 6.74, 1.52, -0.04, -11.96, -82.75
6.10, 0.0060, 6.74, 1.45, -0.04, -12.77, -87.35
6.10, 0.0070, 6.74, 1.35, -0.04, -13.57, -92.13
6.11, 0.0070, 6.74, 1.25, -0.04, -14.32, -97.22
6.12, 0.0070, 6.74, 1.15, -0.04, -14.91, -102.25
6.12, 0.0060, 6.74, 1.06, -0.04, -15.25, -106.69
6.13, 0.0060, 6.74, 0.96, -0.04, -15.23, -109.87
6.14, 0.0070, 6.74, 0.86, -0.04, -14.84, -111.63
6.14, 0.0060, 6.74, 0.78, -0.04, -14.23, -112.14
6.15, 0.0080, 6.74, 0.67, -0.04, -13.61, -111.41
6.16, 0.0060, 6.74, 0.59, -0.04, -13.06, -111.09
6.16, 0.0070, 6.74, 0.50, -0.04, -12.57, -110.47
6.17, 0.0060, 6.74, 0.43, -0.04, -12.13, -110.28
6.18, 0.0060, 6.74, 0.36, -0.04, -11.60, -109.97
6.18, 0.0070, 6.74, 0.28, -0.04, -10.94, -109.24
6.19, 0.0060, 6.74, 0.22, -0.04, -10.09, -108.13
6.20, 0.0080, 6.74, 0.15, -0.04, -9.00, -105.93
6.20, 0.0060, 6.74, 0.10, -0.04, -7.74, -103.04
6.21, 0.0060, 6.74, 0.06, -0.04, -6.38, -98.90
6.22, 0.0070, 6.74, 0.03, -0.04, -4.98, -94.22
6.22, 0.0060, 6.74, 0.01, -0.04, -3.56, -89.33
6.23, 0.0060, 6.74, -0.00, -0.04, -2.09, -84.08
6.24, 0.0080, 6.74, -0.01, -0.04, -0.59, -78.45
6.24, 0.0060, 6.74, -0.00, -0.04, 0.97, -72.56
6.25, 0.0060, 6.74, 0.01, -0.04, 2.48, -66.18
6.25, 0.0070, 6.74, 0.04, -0.04, 3.84, -59.87
6.26, 0.0060, 6.74, 0.07, -0.04, 5.00, -53.86
6.27, 0.0060, 6.74, 0.10, -0.04, 5.96, -48.63
6.27, 0.0070, 6.74, 0.15, -0.04, 6.83, -44.08
6.28, 0.0070, 6.74, 0.21, -0.04, 7.78, -39.66
6.29, 0.0060, 6.74, 0.26, -0.04, 8.77, -34.76
6.29, 0.0070, 6.74, 0.33, -0.04, 9.86, -29.75
6.30, 0.0060, 6.74, 0.39, -0.04, 11.04, -24.01
6.31, 0.0060, 6.74, 0.47, -0.04, 12.25, -17.95
6.31, 0.0070, 6.74, 0.56, -0.04, 13.31, -11.65
6.32, 0.0070, 6.74, 0.66, -0.04, 13.88, -5.54
6.33, 0.0060, 6.74, 0.74, -0.04, 13.67, -1.32
6.33, 0.0070, 6.74, 0.83, -0.04, 12.89, -0.54
6.34, 0.0060, 6.74, 0.90, -0.04, 11.85, -1.86
6.34, 0.0060, 6.74, 0.97, -0.04, 10.90, -4.59
6.35, 0.0070, 6.74, 1.04, -0.04, 10.36, -7.07
6.36, 0.0060, 6.74, 1.10, -0.04, 10.01, -7.77
6.36, 0.0070, 6.74, 1.17, -0.04, 9.82, -7.96
6.37, 0.0070, 6.74, 1.23, -0.04, 9.47, -7.37
6.38, 0.0060, 6.74, 1.29, -0.04, 8.79, -7.45
6.38, 0.0060, 6.74, 1.33, -0.04, 7.66, -9.12
6.39, 0.0070, 6.74, 1.38, -0.04, 6.14, -12.72
6.40, 0.0060, 6.74, 1.40, -0.04, 4.40, -17.91
6.40, 0.0070, 6.74, 1.42, -0.04, 2.66, -24.37
6.41, 0.0070, 6.74, 1.43, -0.04, 1.04, -30.93
6.42, 0.0060, 6.74, 1.43, -0.04, -0.54, -37.27
6.42, 0.0060, 6.74, 1.41, -0.04, -2.21, -43.65
6.43, 0.0070, 6.74, 1.38, -0.04, -4.04, -50.60
6.44, 0.0060, 6.74, 1.35, -0.04, -6.12, -58.47
6.44, 0.0060, 6.74, 1.30, -0.04, -8.31, -67.54
6.45, 0.0080, 6.74, 1.21, -0.04, -10.46, -77.28
6.46, 0.0060, 6.74, 1.14, -0.04, -12.44, -87.58
6.46, 0.0060, 6.74, 1.05, -0.04, -14.13, -97.01
6.47, 0.0070, 6.74, 0.95, -0.04, -15.54, -105.46
6.48, 0.0060, 6.74, 0.84, -0.04, -16.72, -113.26
6.48, 0.0070, 6.74, 0.72, -0.04, -17.73, -120.01
6.49, 0.0060, 6.74, 0.61, -0.04, -18.90, -126.52
6.50, 0.0080, 6.74, 0.44, -0.04, -20.45, -133.45
6.50, 0.0060, 6.74, 0.31, -0.04, -22.28, -142.95
6.51, 0.0070, 6.74, 0.14, -0.04, -24.06, -152.94
6.51, 0.0060, 6.74, -0.01, -0.04, -25.25, -163.40
6.52, 0.0060, 6.74, -0.16, -0.04, -25.51, -171.21
6.53, 0.0070, 6.74, -0.34, -0.04, -25.05, -175.30
6.53, 0.0070, 6.74, -0.51, -0.04, -24.23, -176.98
6.54, 0.0070, 6.74, -0.67, -0.04, -23.40, -177.08
6.55, 0.0060, 6.74, -0.81, -0.04, -22.93, -177.03
6.55, 0.0070, 6.74, -0.97, -0.04, -22.71, -177.90
6.56, 0.0060, 6.74, -1.10, -0.04, -22.66, -180.20
6.57, 0.0060, 6.74, -1.24, -0.04, -22.50, -182.74
6.57, 0.0080, 6.74, -1.41, -0.04, -21.93, -184.80
6.58, 0.0060, 6.74, -1.54, -0.04, -20.82, -186.02
6.59, 0.0070, 6.74, -1.67, -0.04, -19.28, -184.09
6.59, 0.0060, 6.74, -1.78, -0.04, -17.58, -180.63
6.60, 0.0070, 6.74, -1.89, -0.04, -16.01, -175.92
6.61, 0.0060, 6.74, -1.98, -0.04, -14.90, -171.89
6.61, 0.0060, 6.74, -2.06, -0.04, -13.86, -169.23
6.62, 0.0080, 6.74, -2.17, -0.04, -12.68, -166.74
6.63, 0.0060, 6.74, -2.23, -0.04, -10.87, -164.06
6.63, 0.0070, 6.74, -2.29, -0.04, -8.46, -158.10
6.64, 0.0060, 6.74, -2.33, -0.04, -6.11, -149.67
6.65, 0.0070, 6.74, -2.36, -0.04, -4.30, -140.99
6.65, 0.0060, 6.74, -2.37, -0.04, -2.70, -134.36
6.66, 0.0070, 6.74, -2.38, -0.04, -1.17, -128.27
6.67, 0.0070, 6.74, -2.38, -0.04, 0.66, -122.32
6.67, 0.0060, 6.74, -2.36, -0.04, 2.42, -114.93
6.68, 0.0070, 6.74, -2.34, -0.04, 3.58, -107.58
6.69, 0.0060, 6.74, -2.31, -0.04, 4.28, -102.42
6.69, 0.0060, 6.74, -2.28, -0.04, 5.00, -99.13
6.70, 0.0070, 6.74, -2.24, -0.04, 6.03, -95.64
6.71, 0.0070, 6.74, -2.19, -0.04, 7.53, -90.67
6.71, 0.0060, 6.74, -2.13, -0.04, 9.33, -83.62
6.72, 0.0070, 6.74, -2.05, -0.04, 11.03, -75.32
6.73, 0.0060, 6.74, -1.98, -0.04, 12.29, -66.97
6.73, 0.0070, 6.74, -1.89, -0.04, 12.89, -60.43
6.74, 0.0060, 6.74, -1.81, -0.04, 13.12, -56.25
6.75, 0.0060, 6.74, -1.73, -0.04, 13.20, -53.76
6.75, 0.0080, 6.74, -1.63, -0.04, 13.23, -51.86
6.76, 0.0060, 6.74, -1.55, -0.04, 13.10, -49.62
6.76, 0.0070, 6.74, -1.46, -0.04, 12.79, -48.56
6.77, 0.0060, 6.74, -1.38, -0.04, 12.36, -48.00
6.78, 0.0070, 6.74, -1.30, -0.04, 11.87, -48.23
6.78, 0.0060, 6.74, -1.23, -0.04, 11.34, -48.54
6.79, 0.0070, 6.74, -1.16, -0.04, 10.68, -49.29
6.80, 0.0070, 6.74, -1.09, -0.04, 9.92, -50.45
6.80, 0.0060, 6.74, -1.03, -0.04, 9.19, -52.09
6.81, 0.0060, 6.74, -0.98, -0.04, 8.39, -53.91
6.82, 0.0070, 6.74, -0.93, -0.04, 7.47, -56.11
6.82, 0.0060, 6.74, -0.89, -0.04, 6.10, -58.75
6.83, 0.0080, 6.74, -0.86, -0.04, 4.28, -63.51
6.84, 0.0060, 6.74, -0.85, -0.04, 2.52, -70.08
6.84, 0.0060, 6.74, -0.84, -0.04, 1.10, -76.83
6.85, 0.0070, 6.74, -0.84, -0.04, -0.35, -82.38
6.86, 0.0060, 6.74, -0.85, -0.04, -2.00, -88.21
6.86, 0.0060, 6.74, -0.88, -0.04, -4.13, -95.04
6.87, 0.0070, 6.74, -0.92, -0.04, -6.37, -104.08
6.88, 0.0070, 6.74, -0.98, -0.04, -8.02, -113.91
6.88, 0.0060, 6.74, -1.03, -0.04, -9.03, -121.67
6.89, 0.0070, 6.74, -1.10, -0.04, -9.74, -126.77
6.90, 0.0060, 6.74, -1.16, -0.04, -10.60, -130.99
6.90, 0.0070, 6.74, -1.25, -0.04, -12.03, -135.70
6.91, 0.0060, 6.74, -1.33, -0.04, -14.08, -143.10
6.92, 0.0060, 6.74, -1.43, -0.04, -16.42, -152.97
6.92, 0.0080, 6.74, -1.58, -0.04, -18.58, -164.30
6.93, 0.0060, 6.74, -1.70, -0.04, -20.12, -175.93
6.93, 0.0070, 6.74, -1.85, -0.04, -21.22, -184.51
6.94, 0.0060, 6.74, -1.98, -0.04, -22.02, -191.85
6.95, 0.0070, 6.74, -2.14, -0.04, -22.71, -197.70
6.96, 0.0060, 6.74, -2.28, -0.04, -23.35, -203.65
6.96, 0.0080, 6.74, -2.47, -0.04, -23.95, -209.02
6.97, 0.0060, 6.74, -2.62, -0.04, -24.57, -215.24
6.97, 0.0060, 6.74, -2.77, -0.04, -25.12, -220.69
6.98, 0.0070, 6.74, -2.95, -0.04, -25.53, -225.89
6.99, 0.0060, 6.74, -3.10, -0.04, -25.66, -231.10
6.99, 0.0070, 6.74, -3.28, -0.04, -25.58, -234.71
7.00, 0.0060, 6.74, -3.43, -0.04, -25.25, -237.97
7.01, 0.0080, 6.74, -3.63, -0.04, -24.84, -239.68
7.01, 0.0060, 6.74, -3.78, -0.04, -24.34, -242.03
7.02, 0.0070, 6.74, -3.94, -0.04, -23.77, -242.92
7.03, 0.0060, 6.74, -4.08, -0.04, -23.15, -243.98
7.03, 0.0060, 6.74, -4.22, -0.04, -22.50, -244.29
7.04, 0.0070, 6.74, -4.37, -0.04, -21.72, -244.38
7.05, 0.0070, 6.74, -4.52, -0.04, -20.85, -244.31
7.05, 0.0070, 6.74, -4.66, -0.04, -19.81, -243.74
7.06, 0.0060, 6.74, -4.77, -0.04, -18.63, -242.36
7.07, 0.0070, 6.74, -4.89, -0.04, -17.33, -239.86
7.07, 0.0060, 6.74, -4.98, -0.04, -16.03, -237.11
7.08, 0.0070, 6.74, -5.09, -0.04, -14.81, -233.82
7.09, 0.0070, 6.74, -5.18, -0.04, -13.74, -231.00
7.09, 0.0060, 6.74, -5.26, -0.04, -12.85, -228.66
7.10, 0.0070, 6.74, -5.35, -0.04, -12.05, -226.64
7.11, 0.0060, 6.74, -5.41, -0.04, -11.18, -225.12
7.11, 0.0070, 6.74, -5.48, -0.04, -10.25, -223.00
7.12, 0.0060, 6.74, -5.54, -0.04, -9.31, -220.71
7.13, 0.0070, 6.74, -5.60, -0.04, -8.36, -218.04
7.13, 0.0070, 6.74, -5.65, -0.04, -7.38, -215.41
7.14, 0.0070, 6.74, -5.70, -0.04, -6.39, -212.55
7.15, 0.0060, 6.74, -5.73, -0.04, -5.37, -209.47
7.15, 0.0060, 6.74, -5.75, -0.04, -4.49, -206.05
7.16, 0.0070, 6.74, -5.78, -0.04, -3.99, -203.05
7.16, 0.0060, 6.74, -5.81, -0.04, -3.83, -201.63
7.17, 0.0080, 6.74, -5.84, -0.04, -3.91, -201.43
7.18, 0.0060, 6.74, -5.86, -0.04, -3.95, -202.39
7.19, 0.0060, 6.74, -5.88, -0.04, -3.65, -203.02
7.19, 0.0070, 6.74, -5.90, -0.04, -2.91, -202.27
7.20, 0.0060, 6.74, -5.91, -0.04, -1.91, -199.69
7.20, 0.0070, 6.74, -5.92, -0.04, -1.13, -195.92
7.21, 0.0060, 6.74, -5.93, -0.04, -0.97, -192.95
7.22, 0.0070, 6.74, -5.94, -0.04, -1.38, -192.45
7.22, 0.0070, 6.74, -5.95, -0.04, -1.96, -194.26
7.23, 0.0060, 6.74, -5.97, -0.04, -2.48, -196.88
7.24, 0.0070, 6.74, -5.99, -0.04, -2.79, -199.26
7.24, 0.0060, 6.74, -6.00, -0.04, -2.82, -200.86
7.25, 0.0060, 6.74, -6.02, -0.04, -2.70, -201.32
7.26, 0.0080, 6.74, -6.04, -0.04, -2.53, -201.18
7.26, 0.0060, 6.74, -6.05, -0.04, -2.51, -200.89
7.27, 0.0070, 6.74, -6.07, -0.04, -2.76, -201.11
7.28, 0.0060, 6.74, -6.09, -0.04, -3.28, -202.52
7.28, 0.0060, 6.74, -6.12, -0.04, -3.97, -205.00
7.29, 0.0070, 6.74, -6.15, -0.04, -4.62, -208.23
7.30, 0.0060, 6.74, -6.18, -0.04, -5.22, -211.47
7.30, 0.0080, 6.74, -6.23, -0.04, -5.80, -214.50
7.31, 0.0060, 6.74, -6.27, -0.04, -6.33, -217.75
7.32, 0.0060, 6.74, -6.31, -0.04, -6.81, -220.64
7.32, 0.0070, 6.74, -6.36, -0.04, -7.32, -223.36
7.33, 0.0060, 6.74, -6.40, -0.04, -7.92, -226.42
7.34, 0.0070, 6.74, -6.47, -0.04, -8.72, -229.78
7.34, 0.0070, 6.74, -6.53, -0.04, -9.73, -234.20
7.35, 0.0060, 6.74, -6.60, -0.04, -10.71, -239.62
7.36, 0.0070, 6.74, -6.68, -0.04, -11.35, -244.82
7.36, 0.0060, 6.74, -6.75, -0.04, -11.68, -248.96
7.37, 0.0070, 6.74, -6.83, -0.04, -11.81, -251.70
7.38, 0.0060, 6.74, -6.90, -0.04, -12.09, -253.85
7.38, 0.0070, 6.74, -6.99, -0.04, -12.91, -256.44
7.39, 0.0070, 6.74, -7.09, -0.04, -14.43, -261.52
7.40, 0.0060, 6.74, -7.19, -0.04, -16.29, -269.59
7.40, 0.0070, 6.74, -7.32, -0.04, -17.96, -279.02
7.41, 0.0060, 6.74, -7.43, -0.04, -18.92, -288.19
7.41, 0.0070, 6.74, -7.57, -0.04, -19.24, -294.31
7.42, 0.0060, 6.74, -7.68, -0.04, -19.29, -298.28
7.43, 0.0080, 6.74, -7.84, -0.04, -19.61, -300.78
7.44, 0.0060, 6.74, -7.96, -0.04, -20.81, -305.22
7.44, 0.0070, 6.74, -8.12, -0.04, -22.43, -312.50
7.45, 0.0060, 6.74, -8.27, -0.04, -24.23, -322.14
7.45, 0.0070, 6.74, -8.45, -0.04, -25.67, -332.26
7.46, 0.0060, 6.74, -8.61, -0.04, -26.55, -341.60
7.47, 0.0060, 6.74, -8.77, -0.04, -27.07, -348.31
7.47, 0.0080, 6.74, -8.99, -0.04, -27.47, -353.64
7.48, 0.0060, 6.74, -9.16, -0.04, -28.07, -359.61
7.49, 0.0070, 6.74, -9.36, -0.04, -28.88, -365.39
7.49, 0.0060, 6.74, -9.54, -0.04, -29.71, -372.66
7.50, 0.0070, 6.74, -9.75, -0.04, -30.09, -379.55
7.51, 0.0060, 6.74, -9.93, -0.04, -29.94, -385.29
7.51, 0.0080, 6.74, -10.16, -0.04, -29.61, -388.29
7.52, 0.0060, 6.74, -10.34, -0.04, -29.33, -391.68
7.53, 0.0070, 6.74, -10.54, -0.04, -29.14, -394.09
7.53, 0.0060, 6.74, -10.72, -0.04, -29.06, -397.41
7.54, 0.0070, 6.74, -10.92, -0.04, -28.83, -400.59
7.55, 0.0060, 6.74, -11.09, -0.04, -28.40, -403.72
7.55, 0.0070, 6.74, -11.28, -0.04, -27.66, -405.41
7.56, 0.0070, 6.74, -11.47, -0.04, -26.85, -406.31
7.57, 0.0070, 6.74, -11.65, -0.04, -25.92, -406.84
7.57, 0.0060, 6.74, -11.80, -0.04, -24.98, -406.74
7.58, 0.0060, 6.74, -11.95, -0.04, -23.99, -405.99
7.59, 0.0070, 6.74, -12.11, -0.04, -22.88, -404.87
7.59, 0.0060, 6.74, -12.24, -0.04, -21.65, -403.64
7.60, 0.0080, 6.74, -12.40, -0.04, -20.36, -401.35
7.61, 0.0060, 6.74, -12.51, -0.04, -19.20, -399.45
7.61, 0.0070, 6.74, -12.64, -0.04, -18.23, -397.11
7.62, 0.0060, 6.74, -12.75, -0.04, -17.37, -395.76
7.63, 0.0070, 6.74, -12.86, -0.04, -16.13, -394.42
7.63, 0.0070, 6.74, -12.96, -0.04, -13.99, -391.72
7.64, 0.0060, 6.74, -13.03, -0.04, -11.36, -385.11
7.65, 0.0080, 6.74, -13.09, -0.04, -8.59, -375.97
7.65, 0.0060, 6.74, -13.13, -0.04, -6.28, -366.23
7.66, 0.0060, 6.74, -13.16, -0.04, -4.53, -357.76
7.67, 0.0070, 6.74, -13.18, -0.04, -2.96, -351.30
7.67, 0.0060, 6.74, -13.19, -0.04, -1.26, -345.45
7.68, 0.0070, 6.74, -13.18, -0.04, 0.90, -338.79
7.69, 0.0070, 6.74, -13.16, -0.04, 3.41, -330.01
7.69, 0.0070, 6.74, -13.11, -0.04, 6.04, -319.49
7.70, 0.0060, 6.74, -13.07, -0.04, 8.28, -308.13
7.71, 0.0070, 6.74, -13.00, -0.04, 9.93, -298.20
7.71, 0.0060, 6.74, -12.93, -0.04, 11.41, -290.20
7.72, 0.0060, 6.74, -12.85, -0.04, 13.02, -282.90
7.73, 0.0080, 6.74, -12.73, -0.04, 15.00, -274.92
7.73, 0.0060, 6.74, -12.63, -0.04, 17.32, -264.59
7.74, 0.0070, 6.74, -12.49, -0.04, 19.73, -253.22
7.75, 0.0060, 6.74, -12.35, -0.04, 22.07, -240.80
7.75, 0.0070, 6.74, -12.19, -0.04, 24.21, -228.83
7.76, 0.0060, 6.74, -12.03, -0.04, 26.41, -216.88
7.77, 0.0070, 6.74, -11.83, -0.04, 28.57, -204.89
7.77, 0.0070, 6.74, -11.61, -0.04, 30.68, -192.24
7.78, 0.0070, 6.74, -11.38, -0.04, 32.83, -179.51
7.79, 0.0060, 6.74, -11.17, -0.04, 35.12, -166.31
7.79, 0.0070, 6.74, -10.91, -0.04, 37.59, -152.94
7.80, 0.0060, 6.74, -10.67, -0.04, 40.28, -137.81
7.80, 0.0070, 6.74, -10.36, -0.04, 43.26, -122.20
7.81, 0.0070, 6.74, -10.04, -0.04, 46.56, -104.25
7.82, 0.0070, 6.74, -9.69, -0.04, 50.07, -84.50
7.83, 0.0060, 6.74, -9.37, -0.04, 53.39, -63.46
7.83, 0.0070, 6.74, -8.97, -0.04, 56.24, -43.80
7.84, 0.0060, 6.74, -8.62, -0.04, 58.57, -24.49
7.84, 0.0060, 6.74, -8.26, -0.04, 60.65, -8.18
7.85, 0.0070, 6.74, -7.82, -0.04, 62.83, 7.45
7.86, 0.0070, 6.74, -7.36, -0.04, 65.33, 24.94
7.86, 0.0070, 6.74, -6.88, -0.04, 68.11, 44.08
7.87, 0.0060, 6.74, -6.46, -0.04, 71.08, 64.77
7.88, 0.0060, 6.74, -6.01, -0.04, 74.00, 85.17
7.88, 0.0070, 6.74, -5.48, -0.04, 76.68, 105.72
7.89, 0.0060, 6.74, -5.00, -0.04, 79.15, 127.17
7.90, 0.0080, 6.74, -4.35, -0.04, 81.49, 146.58
7.90, 0.0060, 6.74, -3.85, -0.04, 83.92, 168.96
7.91, 0.0070, 6.74, -3.24, -0.04, 86.31, 188.74
7.92, 0.0060, 6.74, -2.71, -0.04, 88.77, 210.40
7.92, 0.0060, 6.74, -2.16, -0.04, 91.06, 230.89
7.93, 0.0070, 6.74, -1.51, -0.04, 93.29, 250.98
7.94, 0.0060, 6.74, -0.94, -0.04, 95.40, 272.97
7.94, 0.0080, 6.74, -0.16, -0.04, 97.40, 292.85
7.95, 0.0060, 6.74, 0.44, -0.04, 99.25, 316.43
7.96, 0.0070, 6.74, 1.14, -0.04, 100.97, 335.74
7.96, 0.0060, 6.74, 1.76, -0.04, 102.67, 356.77
7.97, 0.0070, 6.74, 2.49, -0.04, 104.54, 375.89
7.98, 0.0060, 6.74, 3.13, -0.04, 106.49, 398.00
7.98, 0.0080, 6.74, 4.00, -0.04, 108.30, 418.56
7.99, 0.0060, 6.74, 4.66, -0.04, 109.78, 443.14
8.00, 0.0070, 6.74, 5.43, -0.04, 110.84, 462.24
8.00, 0.0060, 6.74, 6.10, -0.04, 111.63, 482.00
8.01, 0.0070, 6.74, 6.89, -0.04, 112.14, 498.54
8.02, 0.0060, 6.74, 7.56, -0.04, 112.58, 516.29
8.02, 0.0070, 6.74, 8.35, -0.04, 113.10, 531.56
8.03, 0.0070, 6.74, 9.15, -0.04, 113.83, 549.46
8.04, 0.0070, 6.74, 9.95, -0.04, 114.63, 568.30
8.04, 0.0060, 6.74, 10.64, -0.04, 115.38, 587.57
8.05, 0.0070, 6.74, 11.46, -0.04, 115.97, 604.43
8.06, 0.0060, 6.74, 12.15, -0.04, 116.32, 623.00
8.06, 0.0070, 6.74, 12.97, -0.04, 116.44, 638.35
8.07, 0.0070, 6.74, 13.78, -0.04, 116.36, 655.16
8.08, 0.0070, 6.74, 14.60, -0.04, 116.17, 671.13
8.08, 0.0060, 6.74, 15.29, -0.04, 115.97, 686.64
8.09, 0.0070, 6.74, 16.10, -0.04, 115.81, 699.75
8.10, 0.0060, 6.74, 16.80, -0.04, 115.65, 715.31
8.10, 0.0070, 6.74, 17.61, -0.04, 115.41, 728.57
8.11, 0.0070, 6.74, 18.41, -0.04, 115.10, 743.77
8.12, 0.0070, 6.74, 19.21, -0.04, 114.55, 758.64
8.12, 0.0060, 6.74, 19.90, -0.04, 113.68, 772.47
8.13, 0.0070, 6.74, 20.68, -0.04, 112.51, 782.61
8.14, 0.0070, 6.74, 21.46, -0.04, 111.23, 793.72
8.14, 0.0060, 6.74, 22.12, -0.04, 109.97, 804.16
8.15, 0.0070, 6.74, 22.88, -0.04, 108.73, 812.29
8.16, 0.0070, 6.74, 23.63, -0.04, 107.41, 822.58
8.16, 0.0070, 6.74, 24.38, -0.04, 105.86, 832.33
8.17, 0.0060, 6.74, 25.00, -0.04, 104.07, 840.95
8.18, 0.0070, 6.74, 25.71, -0.04, 102.15, 846.29
8.18, 0.0060, 6.74, 26.32, -0.04, 100.32, 852.88
8.19, 0.0070, 6.74, 27.01, -0.04, 98.66, 857.61
8.20, 0.0070, 6.74, 27.69, -0.04, 97.04, 864.80
8.20, 0.0070, 6.74, 28.35, -0.04, 95.25, 871.91
8.21, 0.0060, 6.74, 28.91, -0.04, 93.23, 878.06
8.22, 0.0070, 6.74, 29.55, -0.04, 90.92, 881.20
8.22, 0.0060, 6.74, 30.08, -0.04, 88.46, 884.66
8.23, 0.0070, 6.74, 30.68, -0.04, 86.00, 885.44
8.24, 0.0060, 6.74, 31.18, -0.04, 83.65, 887.64
8.24, 0.0080, 6.74, 31.84, -0.04, 81.39, 888.30
8.25, 0.0060, 6.74, 32.31, -0.04, 79.06, 892.25
8.26, 0.0070, 6.74, 32.85, -0.04, 76.56, 892.45
8.26, 0.0060, 6.74, 33.29, -0.04, 73.87, 893.16
8.27, 0.0070, 6.74, 33.79, -0.04, 71.10, 891.27
8.28, 0.0060, 6.74, 34.20, -0.04, 68.38, 890.11
8.28, 0.0080, 6.74, 34.72, -0.04, 65.81, 887.44
8.29, 0.0060, 6.74, 35.10, -0.04, 63.27, 887.72
8.30, 0.0070, 6.74, 35.53, -0.04, 60.66, 885.13
8.30, 0.0060, 6.74, 35.87, -0.04, 57.94, 883.19
8.31, 0.0070, 6.74, 36.26, -0.04, 55.11, 879.25
8.32, 0.0060, 6.74, 36.57, -0.04, 52.24, 875.65
8.32, 0.0080, 6.74, 36.97, -0.04, 49.40, 870.43
8.33, 0.0060, 6.74, 37.25, -0.04, 46.66, 867.00
8.34, 0.0070, 6.74, 37.56, -0.04, 44.04, 861.61
8.34, 0.0060, 6.74, 37.81, -0.04, 41.45, 857.30
8.35, 0.0070, 6.74, 38.08, -0.04, 38.90, 851.91
8.36, 0.0060, 6.74, 38.30, -0.04, 36.31, 847.18
8.36, 0.0070, 6.74, 38.53, -0.04, 33.55, 841.19
8.37, 0.0070, 6.74, 38.75, -0.04, 30.73, 834.81
8.38, 0.0070, 6.74, 38.94, -0.04, 27.87, 827.84
8.38, 0.0060, 6.74, 39.09, -0.04, 25.04, 820.31
8.39, 0.0070, 6.74, 39.25, -0.04, 22.23, 812.00
8.40, 0.0060, 6.74, 39.36, -0.04, 19.45, 803.86
8.40, 0.0070, 6.74, 39.48, -0.04, 16.72, 795.09
8.41, 0.0070, 6.74, 39.58, -0.04, 14.03, 786.49
8.42, 0.0070, 6.74, 39.66, -0.04, 11.51, 777.72
8.42, 0.0060, 6.74, 39.71, -0.04, 9.13, 769.24
8.43, 0.0060, 6.74, 39.75, -0.04, 6.73, 760.80
8.44, 0.0070, 6.74, 39.78, -0.04, 4.20, 752.01
8.44, 0.0060, 6.74, 39.79, -0.04, 1.60, 742.49
8.45, 0.0070, 6.74, 39.79, -0.04, -1.01, 732.30
8.46, 0.0070, 6.74, 39.76, -0.04, -3.54, 721.72
8.46, 0.0070, 6.74, 39.72, -0.04, -6.01, 711.07
8.47, 0.0060, 6.74, 39.67, -0.04, -8.45, 700.36
8.48, 0.0060, 6.74, 39.60, -0.04, -10.85, 689.57
8.48, 0.0070, 6.74, 39.51, -0.04, -13.18, 678.68
8.49, 0.0060, 6.74, 39.42, -0.04, -15.38, 667.52
8.50, 0.0080, 6.74, 39.28, -0.04, -17.47, 656.87
8.50, 0.0060, 6.74, 39.16, -0.04, -19.52, 645.73
8.51, 0.0070, 6.74, 39.01, -0.04, -21.58, 635.19
