3.60, 3.5920, 10.89, 10.90, -0.04, 0.00, 0.00
3.60, 0.0070, 10.89, 10.90, -0.04, 0.00, 148.03
3.61, 0.0060, 10.89, 10.90, -0.04, 0.00, 148.04
3.62, 0.0070, 10.89, 10.90, -0.04, 0.00, 148.04
3.62, 0.0060, 10.89, 10.90, -0.04, 0.01, 148.04
3.63, 0.0060, 10.89, 10.90, -0.04, 0.02, 148.06
3.64, 0.0080, 10.89, 10.90, -0.04, 0.04, 148.13
3.64, 0.0060, 10.89, 10.90, -0.04, 0.03, 148.28
3.65, 0.0070, 10.89, 10.90, -0.04, -0.13, 148.23
3.65, 0.0060, 10.89, 10.90, -0.04, -0.66, 147.22
3.66, 0.0060, 10.89, 10.89, -0.04, -1.58, 143.95
3.67, 0.0070, 10.89, 10.87, -0.04, -2.91, 138.25
3.68, 0.0070, 10.89, 10.84, -0.04, -4.50, 129.90
3.68, 0.0070, 10.89, 10.79, -0.04, -6.19, 119.68
3.69, 0.0060, 10.89, 10.75, -0.04, -7.75, 108.71
3.69, 0.0070, 10.89, 10.68, -0.04, -8.97, 98.41
3.70, 0.0060, 10.89, 10.62, -0.04, -9.66, 89.83
3.71, 0.0060, 10.89, 10.56, -0.04, -10.09, 84.54
3.71, 0.0070, 10.89, 10.49, -0.04, -10.24, 80.75
3.72, 0.0070, 10.89, 10.42, -0.04, -10.65, 78.39
3.73, 0.0070, 10.89, 10.34, -0.04, -11.79, 74.49
3.73, 0.0060, 10.89, 10.25, -0.04, -13.62, 65.94
3.74, 0.0070, 10.89, 10.14, -0.04, -15.58, 53.33
3.75, 0.0060, 10.89, 10.04, -0.04, -17.40, 39.43
3.75, 0.0070, 10.89, 9.91, -0.04, -18.99, 26.38
3.76, 0.0070, 10.89, 9.76, -0.04, -20.32, 14.20
3.77, 0.0060, 10.89, 9.64, -0.04, -21.40, 3.36
3.77, 0.0070, 10.89, 9.48, -0.04, -22.30, -5.65
3.78, 0.0060, 10.89, 9.34, -0.04, -23.01, -14.22
3.79, 0.0070, 10.89, 9.18, -0.04, -23.66, -21.23
3.79, 0.0060, 10.89, 9.03, -0.04, -24.32, -28.40
3.80, 0.0070, 10.89, 8.86, -0.04, -25.01, -35.30
3.81, 0.0070, 10.89, 8.68, -0.04, -25.58, -42.93
3.81, 0.0060, 10.89, 8.52, -0.04, -25.90, -49.94
3.82, 0.0070, 10.89, 8.34, -0.04, -26.06, -54.96
3.83, 0.0060, 10.89, 8.18, -0.04, -26.21, -59.57
3.83, 0.0070, 10.89, 8.00, -0.04, -26.44, -63.61
3.84, 0.0060, 10.89, 7.84, -0.04, -26.59, -68.72
3.85, 0.0080, 10.89, 7.63, -0.04, -26.48, -72.83
3.85, 0.0060, 10.89, 7.47, -0.04, -25.69, -76.35
3.86, 0.0060, 10.89, 7.33, -0.04, -24.23, -74.70
3.87, 0.0070, 10.89, 7.17, -0.04, -22.02, -68.87
3.87, 0.0060, 10.89, 7.06, -0.04, -19.29, -58.67
3.88, 0.0070, 10.89, 6.94, -0.04, -16.44, -44.61
3.89, 0.0060, 10.89, 6.86, -0.04, -13.81, -29.81
3.89, 0.0080, 10.89, 6.76, -0.04, -11.62, -15.71
3.90, 0.0060, 10.89, 6.70, -0.04, -10.38, -4.42
3.91, 0.0060, 10.89, 6.65, -0.04, -9.39, 1.80
3.91, 0.0070, 10.89, 6.59, -0.04, -7.70, 6.61
3.92, 0.0060, 10.89, 6.55, -0.04, -6.55, 15.67
3.92, 0.0070, 10.89, 6.51, -0.04, -5.77, 21.78
3.93, 0.0070, 10.89, 6.48, -0.04, -4.37, 25.63
3.94, 0.0060, 10.89, 6.47, -0.04, -2.64, 33.40
3.94, 0.0070, 10.89, 6.46, -0.04, -1.09, 43.50
3.95, 0.0060, 10.89, 6.46, -0.04, 0.05, 52.61
3.96, 0.0060, 10.89, 6.46, -0.04, 0.85, 59.50
3.96, 0.0070, 10.89, 6.47, -0.04, 1.43, 64.39
3.97, 0.0060, 10.89, 6.49, -0.04, 2.05, 68.07
3.98, 0.0080, 10.89, 6.51, -0.04, 2.75, 72.05
3.98, 0.0060, 10.89, 6.53, -0.04, 3.60, 76.68
3.99, 0.0060, 10.89, 6.56, -0.04, 4.55, 82.23
4.00, 0.0070, 10.89, 6.59, -0.04, 5.25, 88.46
4.00, 0.0060, 10.89, 6.63, -0.04, 5.34, 93.36
4.01, 0.0060, 10.89, 6.65, -0.04, 4.71, 94.56
4.02, 0.0080, 10.89, 6.68, -0.04, 3.76, 91.37
4.02, 0.0060, 10.89, 6.70, -0.04, 2.86, 86.25
4.03, 0.0070, 10.89, 6.72, -0.04, 2.22, 81.22
4.03, 0.0060, 10.89, 6.73, -0.04, 1.73, 77.64
4.04, 0.0060, 10.89, 6.73, -0.04, 1.12, 74.91
4.05, 0.0070, 10.89, 6.73, -0.04, -0.14, 71.44
4.05, 0.0060, 10.89, 6.72, -0.04, -2.15, 63.81
4.06, 0.0070, 10.89, 6.69, -0.04, -4.85, 51.49
4.07, 0.0070, 10.89, 6.63, -0.04, -7.79, 34.65
4.07, 0.0060, 10.89, 6.57, -0.04, -10.54, 15.89
4.08, 0.0070, 10.89, 6.48, -0.04, -12.85, -1.85
4.09, 0.0060, 10.89, 6.39, -0.04, -14.64, -17.52
4.09, 0.0060, 10.89, 6.30, -0.04, -15.81, -30.04
4.10, 0.0080, 10.89, 6.16, -0.04, -17.09, -38.96
4.11, 0.0060, 10.89, 6.04, -0.04, -19.70, -49.37
4.11, 0.0070, 10.89, 5.89, -0.04, -21.94, -67.39
4.12, 0.0060, 10.89, 5.75, -0.04, -23.15, -83.88
4.13, 0.0070, 10.89, 5.58, -0.04, -24.09, -93.90
4.13, 0.0060, 10.89, 5.43, -0.04, -24.77, -102.96
4.14, 0.0060, 10.89, 5.28, -0.04, -24.85, -109.97
4.15, 0.0080, 10.89, 5.09, -0.04, -24.29, -113.48
4.15, 0.0060, 10.89, 4.95, -0.04, -23.50, -113.98
4.16, 0.0070, 10.89, 4.79, -0.04, -22.99, -112.08
4.17, 0.0060, 10.89, 4.65, -0.04, -23.00, -112.22
4.17, 0.0070, 10.89, 4.48, -0.04, -23.34, -115.04
4.18, 0.0060, 10.89, 4.34, -0.04, -23.69, -120.37
4.19, 0.0080, 10.89, 4.15, -0.04, -23.75, -125.31
4.19, 0.0060, 10.89, 4.01, -0.04, -23.21, -129.44
4.20, 0.0070, 10.89, 3.86, -0.04, -21.86, -129.00
4.21, 0.0060, 10.89, 3.74, -0.04, -19.84, -123.98
4.21, 0.0070, 10.89, 3.62, -0.04, -17.60, -114.24
4.22, 0.0060, 10.89, 3.52, -0.04, -15.54, -103.25
4.23, 0.0080, 10.89, 3.41, -0.04, -13.75, -92.77
4.23, 0.0060, 10.89, 3.34, -0.04, -12.12, -84.23
4.24, 0.0070, 10.89, 3.27, -0.04, -10.27, -75.88
4.25, 0.0060, 10.89, 3.22, -0.04, -7.86, -66.24
4.25, 0.0060, 10.89, 3.19, -0.04, -4.87, -52.73
4.26, 0.0070, 10.89, 3.18, -0.04, -1.56, -35.34
4.27, 0.0060, 10.89, 3.19, -0.04, 1.68, -15.69
4.27, 0.0080, 10.89, 3.23, -0.04, 4.53, 3.92
4.28, 0.0060, 10.89, 3.27, -0.04, 7.00, 21.74
4.29, 0.0060, 10.89, 3.33, -0.04, 9.05, 37.42
4.29, 0.0070, 10.89, 3.40, -0.04, 11.00, 50.82
4.30, 0.0060, 10.89, 3.48, -0.04, 13.11, 64.07
4.30, 0.0060, 10.89, 3.57, -0.04, 15.42, 78.25
4.31, 0.0070, 10.89, 3.70, -0.04, 17.82, 93.98
4.32, 0.0070, 10.89, 3.84, -0.04, 19.82, 110.89
4.32, 0.0070, 10.89, 3.99, -0.04, 21.22, 125.67
4.33, 0.0060, 10.89, 4.12, -0.04, 21.94, 137.04
4.34, 0.0070, 10.89, 4.27, -0.04, 22.06, 143.98
4.34, 0.0060, 10.89, 4.40, -0.04, 21.83, 147.80
4.35, 0.0070, 10.89, 4.55, -0.04, 21.67, 149.05
4.36, 0.0070, 10.89, 4.71, -0.04, 21.86, 151.11
4.36, 0.0070, 10.89, 4.86, -0.04, 22.25, 155.33
4.37, 0.0060, 10.89, 5.00, -0.04, 22.30, 160.76
4.38, 0.0070, 10.89, 5.15, -0.04, 21.62, 163.75
4.38, 0.0060, 10.89, 5.27, -0.04, 20.11, 162.69
4.39, 0.0070, 10.89, 5.40, -0.04, 18.13, 156.06
4.40, 0.0070, 10.89, 5.51, -0.04, 15.84, 146.71
4.41, 0.0060, 10.89, 5.59, -0.04, 13.44, 135.20
4.41, 0.0070, 10.89, 5.66, -0.04, 10.89, 122.41
4.42, 0.0060, 10.89, 5.71, -0.04, 8.28, 108.60
4.42, 0.0070, 10.89, 5.75, -0.04, 5.43, 93.94
4.43, 0.0060, 10.89, 5.77, -0.04, 2.37, 77.61
4.44, 0.0070, 10.89, 5.76, -0.04, -0.98, 59.55
4.44, 0.0070, 10.89, 5.73, -0.04, -4.44, 39.27
4.45, 0.0060, 10.89, 5.68, -0.04, -7.86, 17.91
4.46, 0.0070, 10.89, 5.60, -0.04, -11.11, -3.54
4.46, 0.0060, 10.89, 5.52, -0.04, -14.23, -24.63
4.47, 0.0070, 10.89, 5.40, -0.04, -17.31, -45.06
4.48, 0.0060, 10.89, 5.27, -0.04, -20.64, -65.94
4.48, 0.0070, 10.89, 5.10, -0.04, -24.24, -88.37
4.49, 0.0070, 10.89, 4.91, -0.04, -27.95, -113.42
4.50, 0.0060, 10.89, 4.72, -0.04, -31.32, -139.54
4.50, 0.0070, 10.89, 4.48, -0.04, -33.82, -163.52
4.51, 0.0060, 10.89, 4.27, -0.04, -35.19, -183.26
4.52, 0.0070, 10.89, 4.02, -0.04, -36.06, -195.74
4.52, 0.0060, 10.89, 3.80, -0.04, -37.14, -205.98
4.53, 0.0080, 10.89, 3.49, -0.04, -38.42, -216.92
4.54, 0.0060, 10.89, 3.25, -0.04, -39.38, -230.76
4.54, 0.0070, 10.89, 2.97, -0.04, -39.90, -241.24
4.55, 0.0060, 10.89, 2.73, -0.04, -39.78, -249.92
4.56, 0.0070, 10.89, 2.46, -0.04, -39.11, -254.00
4.56, 0.0060, 10.89, 2.23, -0.04, -38.09, -255.43
4.57, 0.0080, 10.89, 1.94, -0.04, -37.04, -253.89
4.58, 0.0060, 10.89, 1.72, -0.04, -35.94, -253.50
4.58, 0.0070, 10.89, 1.48, -0.04, -34.47, -251.21
4.59, 0.0070, 10.89, 1.25, -0.04, -32.59, -247.21
4.60, 0.0060, 10.89, 1.07, -0.04, -30.29, -240.55
4.60, 0.0060, 10.89, 0.90, -0.04, -27.38, -230.37
4.61, 0.0070, 10.89, 0.74, -0.04, -23.65, -216.20
4.62, 0.0070, 10.89, 0.60, -0.04, -19.61, -197.14
4.62, 0.0070, 10.89, 0.49, -0.04, -15.83, -175.61
4.63, 0.0060, 10.89, 0.42, -0.04, -12.55, -155.16
4.64, 0.0070, 10.89, 0.35, -0.04, -9.30, -136.99
4.64, 0.0060, 10.89, 0.32, -0.04, -5.86, -118.80
4.65, 0.0070, 10.89, 0.30, -0.04, -2.18, -98.88
4.66, 0.0070, 10.89, 0.31, -0.04, 1.87, -77.08
4.66, 0.0060, 10.89, 0.35, -0.04, 6.24, -52.52
4.67, 0.0070, 10.89, 0.43, -0.04, 10.91, -25.55
4.68, 0.0060, 10.89, 0.52, -0.04, 15.73, 3.98
4.68, 0.0070, 10.89, 0.66, -0.04, 20.49, 34.82
4.69, 0.0060, 10.89, 0.81, -0.04, 24.96, 66.21
4.70, 0.0070, 10.89, 1.02, -0.04, 28.98, 96.08
4.70, 0.0070, 10.89, 1.24, -0.04, 32.34, 124.21
4.71, 0.0060, 10.89, 1.45, -0.04, 34.98, 148.92
4.72, 0.0070, 10.89, 1.71, -0.04, 37.24, 168.92
4.72, 0.0060, 10.89, 1.95, -0.04, 39.78, 187.75
4.73, 0.0070, 10.89, 2.25, -0.04, 42.23, 207.75
4.74, 0.0060, 10.89, 2.51, -0.04, 44.15, 228.33
4.74, 0.0080, 10.89, 2.88, -0.04, 45.45, 245.17
4.75, 0.0060, 10.89, 3.15, -0.04, 46.03, 260.24
4.76, 0.0070, 10.89, 3.48, -0.04, 46.07, 269.24
4.76, 0.0060, 10.89, 3.75, -0.04, 45.85, 275.91
4.77, 0.0070, 10.89, 4.07, -0.04, 45.85, 280.11
4.78, 0.0060, 10.89, 4.35, -0.04, 45.94, 286.53
4.78, 0.0080, 10.89, 4.71, -0.04, 45.64, 292.59
4.79, 0.0060, 10.89, 4.98, -0.04, 44.66, 298.11
4.80, 0.0070, 10.89, 5.28, -0.04, 43.08, 297.59
4.80, 0.0060, 10.89, 5.53, -0.04, 40.69, 294.14
4.81, 0.0070, 10.89, 5.79, -0.04, 37.69, 284.67
4.82, 0.0060, 10.89, 6.00, -0.04, 34.58, 271.91
4.82, 0.0070, 10.89, 6.22, -0.04, 32.14, 257.46
4.83, 0.0070, 10.89, 6.43, -0.04, 30.24, 247.30
4.84, 0.0070, 10.89, 6.63, -0.04, 28.06, 240.15
4.84, 0.0060, 10.89, 6.78, -0.04, 25.11, 230.96
4.85, 0.0070, 10.89, 6.93, -0.04, 21.48, 216.29
4.85, 0.0060, 10.89, 7.03, -0.04, 17.20, 197.51
4.86, 0.0070, 10.89, 7.12, -0.04, 12.50, 173.92
4.87, 0.0070, 10.89, 7.18, -0.04, 7.52, 147.47
4.88, 0.0060, 10.89, 7.19, -0.04, 2.46, 118.63
4.88, 0.0070, 10.89, 7.17, -0.04, -2.40, 88.59
4.89, 0.0060, 10.89, 7.13, -0.04, -7.18, 59.03
4.89, 0.0070, 10.89, 7.05, -0.04, -11.86, 29.54
4.90, 0.0060, 10.89, 6.95, -0.04, -16.60, -0.20
4.91, 0.0060, 10.89, 6.82, -0.04, -21.27, -30.64
4.91, 0.0080, 10.89, 6.62, -0.04, -25.42, -61.23
4.92, 0.0060, 10.89, 6.44, -0.04, -29.03, -90.16
4.93, 0.0070, 10.89, 6.22, -0.04, -32.10, -115.31
4.93, 0.0060, 10.89, 6.01, -0.04, -34.83, -138.27
4.94, 0.0070, 10.89, 5.74, -0.04, -37.75, -158.82
4.95, 0.0060, 10.89, 5.50, -0.04, -41.22, -181.60
4.95, 0.0080, 10.89, 5.14, -0.04, -44.96, -207.35
4.96, 0.0060, 10.89, 4.85, -0.04, -48.49, -236.99
4.97, 0.0070, 10.89, 4.49, -0.04, -51.50, -264.03
4.97, 0.0060, 10.89, 4.16, -0.04, -53.87, -289.27
4.98, 0.0070, 10.89, 3.77, -0.04, -55.55, -309.97
4.99, 0.0060, 10.89, 3.43, -0.04, -56.57, -327.81
4.99, 0.0070, 10.89, 3.03, -0.04, -57.14, -340.71
5.00, 0.0070, 10.89, 2.63, -0.04, -57.35, -352.12
5.01, 0.0070, 10.89, 2.23, -0.04, -57.80, -361.44
5.01, 0.0060, 10.89, 1.88, -0.04, -58.53, -372.21
5.02, 0.0070, 10.89, 1.46, -0.04, -59.40, -383.65
5.03, 0.0060, 10.89, 1.10, -0.04, -59.85, -397.19
5.03, 0.0070, 10.89, 0.69, -0.04, -59.45, -407.08
5.04, 0.0070, 10.89, 0.28, -0.04, -57.88, -412.95
5.05, 0.0070, 10.89, -0.11, -0.04, -55.57, -411.66
5.05, 0.0060, 10.89, -0.43, -0.04, -53.05, -405.56
5.06, 0.0070, 10.89, -0.78, -0.04, -50.80, -396.82
5.07, 0.0060, 10.89, -1.07, -0.04, -48.60, -390.43
5.07, 0.0070, 10.89, -1.40, -0.04, -45.98, -383.08
5.08, 0.0060, 10.89, -1.65, -0.04, -42.70, -373.77
5.09, 0.0080, 10.89, -1.96, -0.04, -38.84, -359.25
5.09, 0.0060, 10.89, -2.17, -0.04, -34.80, -342.28
5.10, 0.0070, 10.89, -2.39, -0.04, -30.95, -322.20
5.11, 0.0060, 10.89, -2.55, -0.04, -27.43, -303.42
5.11, 0.0070, 10.89, -2.72, -0.04, -24.01, -285.61
5.12, 0.0060, 10.89, -2.84, -0.04, -20.39, -268.49
5.13, 0.0070, 10.89, -2.96, -0.04, -16.31, -249.19
5.13, 0.0070, 10.89, -3.04, -0.04, -12.15, -227.00
5.14, 0.0060, 10.89, -3.09, -0.04, -7.89, -203.72
5.15, 0.0070, 10.89, -3.11, -0.04, -3.52, -179.15
5.15, 0.0060, 10.89, -3.11, -0.04, 0.88, -153.40
5.16, 0.0070, 10.89, -3.07, -0.04, 5.17, -126.86
5.17, 0.0070, 10.89, -3.01, -0.04, 9.14, -100.40
5.17, 0.0070, 10.89, -2.92, -0.04, 13.01, -75.32
5.18, 0.0060, 10.89, -2.82, -0.04, 16.85, -50.30
5.19, 0.0060, 10.89, -2.69, -0.04, 20.62, -25.23
5.19, 0.0070, 10.89, -2.52, -0.04, 24.47, -0.11
5.20, 0.0060, 10.89, -2.35, -0.04, 28.08, 26.37
5.21, 0.0070, 10.89, -2.13, -0.04, 31.68, 51.45
5.21, 0.0070, 10.89, -1.89, -0.04, 35.02, 77.49
5.22, 0.0060, 10.89, -1.66, -0.04, 37.93, 102.43
5.23, 0.0070, 10.89, -1.38, -0.04, 40.38, 124.43
5.23, 0.0060, 10.89, -1.12, -0.04, 42.15, 144.74
5.24, 0.0070, 10.89, -0.82, -0.04, 42.99, 160.46
5.25, 0.0060, 10.89, -0.56, -0.04, 43.11, 171.49
5.25, 0.0080, 10.89, -0.22, -0.04, 42.87, 177.42
5.26, 0.0060, 10.89, 0.04, -0.04, 43.04, 182.81
5.26, 0.0070, 10.89, 0.34, -0.04, 43.58, 189.03
5.27, 0.0060, 10.89, 0.61, -0.04, 44.16, 198.34
5.28, 0.0070, 10.89, 0.92, -0.04, 43.92, 207.10
5.28, 0.0060, 10.89, 1.17, -0.04, 42.80, 211.82
5.29, 0.0070, 10.89, 1.46, -0.04, 40.59, 210.25
5.30, 0.0070, 10.89, 1.72, -0.04, 37.89, 202.69
5.30, 0.0070, 10.89, 1.97, -0.04, 34.83, 191.78
5.31, 0.0060, 10.89, 2.16, -0.04, 31.69, 178.30
5.32, 0.0070, 10.89, 2.35, -0.04, 28.39, 163.25
5.32, 0.0060, 10.89, 2.50, -0.04, 24.99, 147.42
5.33, 0.0070, 10.89, 2.66, -0.04, 21.85, 130.02
5.34, 0.0070, 10.89, 2.79, -0.04, 18.96, 114.24
5.34, 0.0070, 10.89, 2.90, -0.04, 16.02, 99.56
5.35, 0.0060, 10.89, 2.98, -0.04, 12.37, 84.16
5.36, 0.0060, 10.89, 3.02, -0.04, 7.86, 63.74
5.36, 0.0070, 10.89, 3.04, -0.04, 2.94, 37.63
5.37, 0.0060, 10.89, 3.03, -0.04, -2.19, 8.55
5.38, 0.0070, 10.89, 2.98, -0.04, -7.38, -22.54
5.38, 0.0070, 10.89, 2.89, -0.04, -12.30, -54.68
5.39, 0.0060, 10.89, 2.79, -0.04, -17.23, -85.92
5.40, 0.0070, 10.89, 2.64, -0.04, -21.87, -117.60
5.40, 0.0060, 10.89, 2.48, -0.04, -26.18, -148.48
5.41, 0.0070, 10.89, 2.27, -0.04, -30.13, -177.48
5.42, 0.0060, 10.89, 2.07, -0.04, -33.66, -205.42
5.42, 0.0080, 10.89, 1.77, -0.04, -37.13, -230.60
5.43, 0.0060, 10.89, 1.53, -0.04, -40.23, -257.41
5.44, 0.0070, 10.89, 1.23, -0.04, -42.84, -280.80
5.44, 0.0060, 10.89, 0.96, -0.04, -45.30, -302.49
5.45, 0.0070, 10.89, 0.62, -0.04, -47.84, -322.69
5.46, 0.0060, 10.89, 0.32, -0.04, -50.79, -344.61
5.46, 0.0070, 10.89, -0.06, -0.04, -53.91, -368.42
5.47, 0.0070, 10.89, -0.46, -0.04, -56.92, -394.68
5.48, 0.0070, 10.89, -0.87, -0.04, -59.05, -420.68
5.48, 0.0060, 10.89, -1.23, -0.04, -60.39, -441.75
5.49, 0.0070, 10.89, -1.66, -0.04, -60.71, -457.00
5.50, 0.0060, 10.89, -2.02, -0.04, -60.65, -467.43
5.50, 0.0070, 10.89, -2.45, -0.04, -60.44, -474.38
5.51, 0.0070, 10.89, -2.87, -0.04, -60.52, -481.57
5.52, 0.0070, 10.89, -3.30, -0.04, -60.86, -490.50
5.52, 0.0060, 10.89, -3.66, -0.04, -61.47, -501.08
5.53, 0.0070, 10.89, -4.10, -0.04, -62.16, -512.13
5.54, 0.0060, 10.89, -4.48, -0.04, -62.61, -524.98
5.54, 0.0070, 10.89, -4.91, -0.04, -62.26, -535.17
5.55, 0.0070, 10.89, -5.34, -0.04, -61.00, -541.78
5.56, 0.0070, 10.89, -5.75, -0.04, -59.35, -542.76
5.56, 0.0060, 10.89, -6.10, -0.04, -58.02, -541.15
5.57, 0.0070, 10.89, -6.50, -0.04, -56.99, -540.16
5.58, 0.0060, 10.89, -6.84, -0.04, -56.17, -541.95
5.58, 0.0070, 10.89, -7.23, -0.04, -55.45, -543.79
5.59, 0.0060, 10.89, -7.55, -0.04, -54.62, -547.22
5.60, 0.0080, 10.89, -7.98, -0.04, -53.59, -548.77
5.60, 0.0060, 10.89, -8.29, -0.04, -51.81, -551.22
5.61, 0.0070, 10.89, -8.64, -0.04, -49.08, -546.71
5.62, 0.0060, 10.89, -8.92, -0.04, -46.93, -537.25
5.62, 0.0070, 10.89, -9.24, -0.04, -46.15, -529.96
5.63, 0.0060, 10.89, -9.52, -0.04, -46.13, -531.74
5.64, 0.0080, 10.89, -9.89, -0.04, -46.47, -537.14
5.64, 0.0060, 10.89, -10.17, -0.04, -45.91, -546.61
5.65, 0.0070, 10.89, -10.48, -0.04, -44.22, -548.77
5.66, 0.0070, 10.89, -10.77, -0.04, -41.59, -544.81
5.66, 0.0060, 10.89, -11.00, -0.04, -38.60, -534.89
5.67, 0.0070, 10.89, -11.25, -0.04, -35.72, -521.57
5.68, 0.0060, 10.89, -11.45, -0.04, -33.52, -509.30
5.68, 0.0080, 10.89, -11.71, -0.04, -32.44, -500.10
5.69, 0.0060, 10.89, -11.90, -0.04, -32.41, -498.79
5.70, 0.0070, 10.89, -12.13, -0.04, -32.40, -502.50
5.70, 0.0060, 10.89, -12.32, -0.04, -31.97, -506.99
5.71, 0.0070, 10.89, -12.54, -0.04, -30.83, -508.24
5.72, 0.0070, 10.89, -12.74, -0.04, -29.26, -505.73
5.72, 0.0070, 10.89, -12.93, -0.04, -27.32, -500.40
5.73, 0.0070, 10.89, -13.11, -0.04, -25.39, -492.56
5.74, 0.0060, 10.89, -13.25, -0.04, -23.77, -484.56
5.74, 0.0070, 10.89, -13.41, -0.04, -22.92, -477.68
5.75, 0.0060, 10.89, -13.55, -0.04, -22.70, -475.79
5.76, 0.0070, 10.89, -13.71, -0.04, -22.42, -477.19
5.76, 0.0070, 10.89, -13.86, -0.04, -21.44, -478.69
5.77, 0.0070, 10.89, -14.00, -0.04, -20.06, -475.77
5.78, 0.0060, 10.89, -14.11, -0.04, -18.67, -470.33
5.78, 0.0070, 10.89, -14.23, -0.04, -17.39, -464.19
5.79, 0.0070, 10.89, -14.35, -0.04, -16.25, -458.97
5.80, 0.0060, 10.89, -14.44, -0.04, -15.13, -454.40
5.80, 0.0070, 10.89, -14.54, -0.04, -15.32, -449.48
5.81, 0.0070, 10.89, -14.66, -0.04, -17.19, -452.77
5.82, 0.0070, 10.89, -14.80, -0.04, -19.01, -466.41
5.82, 0.0060, 10.89, -14.91, -0.04, -19.27, -480.02
5.83, 0.0070, 10.89, -15.03, -0.04, -17.40, -483.88
5.84, 0.0060, 10.89, -15.12, -0.04, -14.90, -475.09
5.84, 0.0070, 10.89, -15.21, -0.04, -12.92, -461.86
5.85, 0.0070, 10.89, -15.29, -0.04, -11.42, -451.77
5.86, 0.0070, 10.89, -15.36, -0.04, -10.16, -444.39
5.86, 0.0070, 10.89, -15.43, -0.04, -9.62, -438.26
5.87, 0.0060, 10.89, -15.49, -0.04, -9.33, -436.36
5.88, 0.0070, 10.89, -15.55, -0.04, -9.36, -435.74
5.88, 0.0060, 10.89, -15.61, -0.04, -8.74, -437.25
5.89, 0.0080, 10.89, -15.66, -0.04, -6.81, -434.58
5.90, 0.0060, 10.89, -15.68, -0.04, -3.61, -424.08
5.91, 0.0070, 10.89, -15.68, -0.04, 0.08, -405.31
5.91, 0.0060, 10.89, -15.66, -0.04, 3.67, -383.14
5.92, 0.0060, 10.89, -15.62, -0.04, 7.02, -361.18
5.92, 0.0070, 10.89, -15.55, -0.04, 9.80, -340.26
5.93, 0.0060, 10.89, -15.48, -0.04, 11.83, -322.19
5.94, 0.0080, 10.89, -15.37, -0.04, 13.41, -308.56
5.95, 0.0070, 10.89, -15.26, -0.04, 15.15, -296.96
5.95, 0.0060, 10.89, -15.16, -0.04, 17.71, -284.39
5.96, 0.0070, 10.89, -15.01, -0.04, 20.98, -266.92
5.97, 0.0060, 10.89, -14.86, -0.04, 24.69, -244.35
5.97, 0.0070, 10.89, -14.66, -0.04, 28.72, -219.10
5.98, 0.0070, 10.89, -14.43, -0.04, 33.04, -190.92
5.99, 0.0070, 10.89, -14.17, -0.04, 37.06, -160.37
5.99, 0.0060, 10.89, -13.94, -0.04, 38.72, -131.06
6.00, 0.0070, 10.89, -13.66, -0.04, 39.33, -116.49
6.01, 0.0060, 10.89, -13.42, -0.04, 40.10, -107.32
6.01, 0.0070, 10.89, -13.12, -0.04, 43.34, -97.85
6.02, 0.0060, 10.89, -12.84, -0.04, 47.31, -72.36
6.03, 0.0080, 10.89, -12.43, -0.04, 51.38, -42.84
6.03, 0.0060, 10.89, -12.10, -0.04, 53.63, -10.19
6.04, 0.0070, 10.89, -11.72, -0.04, 55.40, 9.69
6.05, 0.0060, 10.89, -11.37, -0.04, 56.89, 28.11
6.05, 0.0070, 10.89, -10.97, -0.04, 58.09, 43.87
6.06, 0.0060, 10.89, -10.62, -0.04, 58.59, 59.21
6.07, 0.0080, 10.89, -10.14, -0.04, 58.97, 69.22
6.07, 0.0060, 10.89, -9.79, -0.04, 59.07, 80.94
6.08, 0.0070, 10.89, -9.37, -0.04, 59.53, 88.62
6.09, 0.0060, 10.89, -9.01, -0.04, 60.00, 99.74
6.09, 0.0070, 10.89, -8.59, -0.04, 60.03, 109.71
6.10, 0.0060, 10.89, -8.24, -0.04, 58.96, 118.31
6.11, 0.0080, 10.89, -7.78, -0.04, 57.33, 118.99
6.11, 0.0060, 10.89, -7.45, -0.04, 55.34, 118.34
6.12, 0.0070, 10.89, -7.08, -0.04, 53.10, 113.04
6.12, 0.0060, 10.89, -6.77, -0.04, 50.82, 107.05
6.13, 0.0070, 10.89, -6.43, -0.04, 48.86, 99.47
6.14, 0.0060, 10.89, -6.15, -0.04, 47.21, 94.57
6.15, 0.0060, 10.89, -5.87, -0.04, 45.64, 90.32
6.15, 0.0080, 10.89, -5.52, -0.04, 43.57, 86.41
6.16, 0.0060, 10.89, -5.28, -0.04, 40.90, 80.92
6.16, 0.0070, 10.89, -5.02, -0.04, 37.51, 69.81
6.17, 0.0060, 10.89, -4.81, -0.04, 33.57, 54.71
6.18, 0.0070, 10.89, -4.61, -0.04, 29.27, 35.11
6.18, 0.0060, 10.89, -4.46, -0.04, 24.93, 13.41
6.19, 0.0080, 10.89, -4.28, -0.04, 22.49, -9.65
6.20, 0.0060, 10.89, -4.16, -0.04, 20.42, -20.66
6.20, 0.0060, 10.89, -4.05, -0.04, 18.27, -30.64
6.21, 0.0070, 10.89, -3.95, -0.04, 14.39, -41.37
6.22, 0.0060, 10.89, -3.89, -0.04, 10.31, -62.59
6.22, 0.0070, 10.89, -3.84, -0.04, 6.27, -85.86
6.23, 0.0060, 10.89, -3.82, -0.04, 3.01, -109.24
6.24, 0.0080, 10.89, -3.82, -0.04, 0.18, -128.44
6.24, 0.0060, 10.89, -3.84, -0.04, -2.18, -145.34
6.25, 0.0060, 10.89, -3.86, -0.04, -4.20, -159.80
6.26, 0.0070, 10.89, -3.90, -0.04, -5.72, -172.44
6.26, 0.0060, 10.89, -3.94, -0.04, -7.11, -182.32
6.27, 0.0070, 10.89, -4.00, -0.04, -8.56, -191.53
6.28, 0.0070, 10.89, -4.07, -0.04, -10.05, -201.40
6.28, 0.0070, 10.89, -4.15, -0.04, -11.36, -211.75
6.29, 0.0060, 10.89, -4.23, -0.04, -12.27, -221.25
6.30, 0.0070, 10.89, -4.31, -0.04, -12.42, -228.14
6.30, 0.0060, 10.89, -4.38, -0.04, -11.82, -230.78
6.31, 0.0070, 10.89, -4.46, -0.04, -10.45, -228.63
6.32, 0.0060, 10.89, -4.51, -0.04, -8.66, -221.86
6.32, 0.0080, 10.89, -4.57, -0.04, -6.91, -212.17
6.33, 0.0060, 10.89, -4.60, -0.04, -5.55, -202.74
6.34, 0.0070, 10.89, -4.63, -0.04, -4.39, -195.28
6.34, 0.0060, 10.89, -4.65, -0.04, -3.00, -188.90
6.35, 0.0060, 10.89, -4.66, -0.04, -1.78, -180.95
6.36, 0.0070, 10.89, -4.66, -0.04, -0.14, -173.86
6.36, 0.0070, 10.89, -4.65, -0.04, 1.56, -164.05
6.37, 0.0070, 10.89, -4.62, -0.04, 3.70, -153.61
6.38, 0.0060, 10.89, -4.59, -0.04, 6.04, -140.22
6.38, 0.0070, 10.89, -4.53, -0.04, 8.58, -125.48
6.39, 0.0060, 10.89, -4.46, -0.04, 11.26, -109.06
6.40, 0.0060, 10.89, -4.37, -0.04, 14.11, -91.59
6.40, 0.0070, 10.89, -4.25, -0.04, 17.22, -72.82
6.41, 0.0070, 10.89, -4.11, -0.04, 20.39, -51.72
6.42, 0.0070, 10.89, -3.95, -0.04, 23.46, -29.87
6.42, 0.0060, 10.89, -3.79, -0.04, 26.15, -8.14
6.43, 0.0070, 10.89, -3.59, -0.04, 28.17, 11.10
6.43, 0.0060, 10.89, -3.41, -0.04, 29.68, 27.16
6.44, 0.0060, 10.89, -3.23, -0.04, 30.70, 39.79
6.45, 0.0080, 10.89, -2.98, -0.04, 31.32, 49.59
6.46, 0.0060, 10.89, -2.79, -0.04, 31.69, 58.33
6.46, 0.0070, 10.89, -2.56, -0.04, 32.47, 64.37
6.47, 0.0060, 10.89, -2.36, -0.04, 33.49, 73.56
6.47, 0.0070, 10.89, -2.12, -0.04, 34.61, 83.74
6.48, 0.0060, 10.89, -1.91, -0.04, 35.50, 95.28
6.49, 0.0070, 10.89, -1.66, -0.04, 35.67, 104.91
6.49, 0.0070, 10.89, -1.41, -0.04, 34.93, 110.92
6.50, 0.0060, 10.89, -1.21, -0.04, 33.31, 111.38
6.51, 0.0070, 10.89, -0.99, -0.04, 30.97, 105.61
6.51, 0.0060, 10.89, -0.82, -0.04, 28.49, 95.94
6.52, 0.0070, 10.89, -0.64, -0.04, 26.36, 84.48
6.53, 0.0060, 10.89, -0.49, -0.04, 24.83, 75.37
6.53, 0.0080, 10.89, -0.30, -0.04, 23.52, 69.15
6.54, 0.0060, 10.89, -0.17, -0.04, 21.94, 65.06
6.55, 0.0070, 10.89, -0.03, -0.04, 20.53, 58.24
6.55, 0.0060, 10.89, 0.09, -0.04, 18.78, 52.63
6.56, 0.0060, 10.89, 0.19, -0.04, 17.06, 44.37
6.57, 0.0070, 10.89, 0.29, -0.04, 15.11, 36.10
6.57, 0.0060, 10.89, 0.37, -0.04, 13.15, 26.53
6.58, 0.0080, 10.89, 0.46, -0.04, 11.32, 16.36
6.59, 0.0060, 10.89, 0.52, -0.04, 9.66, 7.17
6.59, 0.0070, 10.89, 0.58, -0.04, 8.27, -1.60
6.60, 0.0060, 10.89, 0.62, -0.04, 6.99, -8.78
6.61, 0.0060, 10.89, 0.66, -0.04, 5.72, -15.64
