3.60, 3.5930, 9.76, 9.77, -0.04, 0.01, 0.00
3.60, 0.0070, 9.76, 9.77, -0.04, 0.01, 125.52
3.61, 0.0060, 9.76, 9.77, -0.04, 0.02, 125.55
3.62, 0.0060, 9.76, 9.77, -0.04, 0.02, 125.59
3.62, 0.0070, 9.76, 9.78, -0.04, 0.02, 125.61
3.63, 0.0060, 9.76, 9.78, -0.04, 0.04, 125.64
3.64, 0.0070, 9.76, 9.78, -0.04, 0.06, 125.74
3.64, 0.0070, 9.76, 9.78, -0.04, 0.02, 125.85
3.65, 0.0060, 9.76, 9.77, -0.04, -0.20, 125.65
3.66, 0.0060, 9.76, 9.77, -0.04, -0.70, 124.30
3.66, 0.0070, 9.76, 9.76, -0.04, -1.53, 121.21
3.67, 0.0060, 9.76, 9.74, -0.04, -2.74, 116.03
3.68, 0.0070, 9.76, 9.71, -0.04, -4.15, 108.44
3.68, 0.0070, 9.76, 9.67, -0.04, -5.63, 99.41
3.69, 0.0060, 9.76, 9.63, -0.04, -6.98, 89.70
3.69, 0.0060, 9.76, 9.59, -0.04, -7.95, 80.81
3.70, 0.0070, 9.76, 9.53, -0.04, -8.45, 73.99
3.71, 0.0060, 9.76, 9.47, -0.04, -8.61, 69.79
3.71, 0.0060, 9.76, 9.42, -0.04, -8.61, 67.85
3.72, 0.0080, 9.76, 9.35, -0.04, -9.00, 66.80
3.73, 0.0060, 9.76, 9.29, -0.04, -10.06, 63.02
3.73, 0.0060, 9.76, 9.22, -0.04, -11.69, 55.45
3.74, 0.0070, 9.76, 9.13, -0.04, -13.41, 44.29
3.75, 0.0060, 9.76, 9.04, -0.04, -14.97, 32.04
3.75, 0.0060, 9.76, 8.94, -0.04, -16.27, 20.90
3.76, 0.0080, 9.76, 8.80, -0.04, -17.24, 11.18
3.77, 0.0060, 9.76, 8.69, -0.04, -17.92, 2.58
3.77, 0.0060, 9.76, 8.58, -0.04, -18.33, -3.65
3.78, 0.0070, 9.76, 8.45, -0.04, -18.58, -8.32
3.78, 0.0060, 9.76, 8.34, -0.04, -18.85, -12.40
3.79, 0.0060, 9.76, 8.22, -0.04, -19.30, -16.26
3.80, 0.0070, 9.76, 8.09, -0.04, -19.89, -21.32
3.81, 0.0070, 9.76, 7.94, -0.04, -20.43, -27.61
3.81, 0.0070, 9.76, 7.80, -0.04, -20.77, -33.71
3.82, 0.0060, 9.76, 7.67, -0.04, -20.95, -38.69
3.82, 0.0060, 9.76, 7.55, -0.04, -21.01, -42.27
3.83, 0.0070, 9.76, 7.40, -0.04, -21.03, -45.18
3.84, 0.0060, 9.76, 7.27, -0.04, -20.94, -48.20
3.84, 0.0080, 9.76, 7.11, -0.04, -20.60, -50.18
3.85, 0.0060, 9.76, 6.99, -0.04, -19.83, -51.43
3.86, 0.0060, 9.76, 6.88, -0.04, -18.57, -49.22
3.86, 0.0070, 9.76, 6.76, -0.04, -16.71, -43.87
3.87, 0.0060, 9.76, 6.67, -0.04, -14.54, -35.08
3.88, 0.0070, 9.76, 6.59, -0.04, -12.26, -23.76
3.88, 0.0060, 9.76, 6.53, -0.04, -10.20, -11.80
3.89, 0.0070, 9.76, 6.47, -0.04, -8.55, -0.66
3.90, 0.0070, 9.76, 6.41, -0.04, -7.38, 8.01
3.90, 0.0060, 9.76, 6.37, -0.04, -6.81, 14.00
3.91, 0.0060, 9.76, 6.33, -0.04, -6.50, 16.61
3.92, 0.0070, 9.76, 6.30, -0.04, -4.69, 17.68
3.92, 0.0060, 9.76, 6.29, -0.04, -2.46, 27.92
3.93, 0.0060, 9.76, 6.28, -0.04, -1.35, 41.00
3.94, 0.0080, 9.76, 6.27, -0.04, -1.10, 47.49
3.94, 0.0060, 9.76, 6.26, -0.04, -1.17, 48.82
3.95, 0.0060, 9.76, 6.26, -0.04, -0.97, 48.24
3.95, 0.0070, 9.76, 6.26, -0.04, -0.03, 49.34
3.96, 0.0060, 9.76, 6.26, -0.04, 0.96, 54.98
3.97, 0.0060, 9.76, 6.27, -0.04, 1.90, 61.02
3.97, 0.0070, 9.76, 6.29, -0.04, 2.75, 66.88
3.98, 0.0070, 9.76, 6.32, -0.04, 3.56, 72.36
3.99, 0.0060, 9.76, 6.34, -0.04, 4.34, 77.73
3.99, 0.0060, 9.76, 6.37, -0.04, 4.80, 82.94
4.00, 0.0070, 9.76, 6.41, -0.04, 4.68, 86.24
4.01, 0.0060, 9.76, 6.43, -0.04, 4.19, 86.19
4.01, 0.0060, 9.76, 6.45, -0.04, 3.68, 83.77
4.02, 0.0080, 9.76, 6.48, -0.04, 3.34, 81.16
4.03, 0.0060, 9.76, 6.50, -0.04, 3.12, 79.62
4.03, 0.0060, 9.76, 6.51, -0.04, 2.69, 78.70
4.04, 0.0070, 9.76, 6.53, -0.04, 1.81, 76.44
4.04, 0.0060, 9.76, 6.53, -0.04, 0.39, 71.41
4.05, 0.0060, 9.76, 6.52, -0.04, -1.38, 62.92
4.06, 0.0080, 9.76, 6.49, -0.04, -3.37, 52.16
4.06, 0.0060, 9.76, 6.46, -0.04, -5.40, 39.66
4.07, 0.0060, 9.76, 6.42, -0.04, -7.28, 26.86
4.08, 0.0070, 9.76, 6.36, -0.04, -8.87, 14.69
4.08, 0.0060, 9.76, 6.30, -0.04, -10.14, 3.92
4.09, 0.0060, 9.76, 6.23, -0.04, -11.23, -4.93
4.10, 0.0070, 9.76, 6.14, -0.04, -12.02, -12.79
4.10, 0.0070, 9.76, 6.05, -0.04, -12.98, -19.26
4.11, 0.0070, 9.76, 5.94, -0.04, -15.48, -26.82
4.12, 0.0060, 9.76, 5.84, -0.04, -17.93, -43.98
4.12, 0.0060, 9.76, 5.73, -0.04, -18.64, -60.85
4.13, 0.0070, 9.76, 5.60, -0.04, -18.13, -67.35
4.14, 0.0060, 9.76, 5.50, -0.04, -16.89, -66.80
4.14, 0.0080, 9.76, 5.37, -0.04, -15.67, -61.41
4.15, 0.0060, 9.76, 5.28, -0.04, -15.26, -56.60
4.16, 0.0060, 9.76, 5.19, -0.04, -15.69, -55.96
4.16, 0.0070, 9.76, 5.07, -0.04, -16.76, -60.41
4.17, 0.0060, 9.76, 4.96, -0.04, -17.97, -69.21
4.18, 0.0070, 9.76, 4.83, -0.04, -18.83, -78.58
4.18, 0.0060, 9.76, 4.72, -0.04, -18.96, -86.38
4.19, 0.0070, 9.76, 4.59, -0.04, -18.19, -89.45
4.20, 0.0070, 9.76, 4.47, -0.04, -16.60, -87.36
4.20, 0.0060, 9.76, 4.38, -0.04, -14.93, -80.19
4.21, 0.0070, 9.76, 4.29, -0.04, -13.84, -71.96
4.21, 0.0060, 9.76, 4.21, -0.04, -13.29, -67.31
4.22, 0.0060, 9.76, 4.13, -0.04, -12.91, -65.64
4.23, 0.0080, 9.76, 4.03, -0.04, -12.03, -64.89
4.23, 0.0060, 9.76, 3.97, -0.04, -10.21, -61.56
4.24, 0.0060, 9.76, 3.93, -0.04, -7.56, -51.83
4.25, 0.0070, 9.76, 3.89, -0.04, -4.71, -36.85
4.25, 0.0060, 9.76, 3.88, -0.04, -2.38, -20.43
4.26, 0.0060, 9.76, 3.87, -0.04, -0.74, -6.72
4.27, 0.0070, 9.76, 3.88, -0.04, 0.56, 3.03
4.27, 0.0070, 9.76, 3.89, -0.04, 1.78, 10.93
4.28, 0.0060, 9.76, 3.91, -0.04, 3.05, 18.48
4.29, 0.0070, 9.76, 3.94, -0.04, 4.53, 26.46
4.29, 0.0060, 9.76, 3.98, -0.04, 6.38, 36.00
4.30, 0.0060, 9.76, 4.03, -0.04, 8.66, 47.84
4.30, 0.0070, 9.76, 4.11, -0.04, 11.14, 62.56
4.31, 0.0060, 9.76, 4.19, -0.04, 13.17, 79.02
4.32, 0.0070, 9.76, 4.29, -0.04, 14.33, 92.74
4.32, 0.0070, 9.76, 4.39, -0.04, 14.81, 101.72
4.33, 0.0060, 9.76, 4.48, -0.04, 14.66, 106.68
4.34, 0.0070, 9.76, 4.58, -0.04, 14.27, 107.56
4.34, 0.0060, 9.76, 4.66, -0.04, 13.99, 107.17
4.35, 0.0070, 9.76, 4.77, -0.04, 14.57, 107.21
4.36, 0.0070, 9.76, 4.88, -0.04, 15.72, 112.75
4.36, 0.0060, 9.76, 4.98, -0.04, 16.76, 121.82
4.37, 0.0070, 9.76, 5.09, -0.04, 16.94, 130.08
4.38, 0.0060, 9.76, 5.19, -0.04, 15.99, 133.52
4.38, 0.0070, 9.76, 5.29, -0.04, 14.16, 129.72
4.39, 0.0060, 9.76, 5.36, -0.04, 12.00, 120.72
4.40, 0.0080, 9.76, 5.44, -0.04, 10.14, 109.22
4.40, 0.0060, 9.76, 5.50, -0.04, 8.99, 99.71
4.41, 0.0060, 9.76, 5.55, -0.04, 8.29, 93.84
4.42, 0.0070, 9.76, 5.60, -0.04, 7.46, 90.63
4.42, 0.0060, 9.76, 5.63, -0.04, 5.90, 86.74
4.43, 0.0060, 9.76, 5.65, -0.04, 3.41, 78.06
4.44, 0.0070, 9.76, 5.66, -0.04, 0.30, 63.52
4.44, 0.0070, 9.76, 5.64, -0.04, -2.83, 44.91
4.45, 0.0060, 9.76, 5.60, -0.04, -5.25, 25.76
4.46, 0.0070, 9.76, 5.56, -0.04, -6.89, 10.58
4.46, 0.0060, 9.76, 5.51, -0.04, -8.21, -0.23
4.47, 0.0060, 9.76, 5.45, -0.04, -9.72, -9.13
4.48, 0.0070, 9.76, 5.37, -0.04, -11.72, -19.34
4.48, 0.0060, 9.76, 5.28, -0.04, -14.35, -32.98
4.49, 0.0070, 9.76, 5.16, -0.04, -17.45, -50.47
4.50, 0.0070, 9.76, 5.02, -0.04, -20.44, -71.51
4.50, 0.0060, 9.76, 4.88, -0.04, -22.74, -92.32
4.51, 0.0070, 9.76, 4.71, -0.04, -23.83, -108.84
4.51, 0.0060, 9.76, 4.57, -0.04, -23.82, -118.75
4.52, 0.0060, 9.76, 4.43, -0.04, -23.59, -121.51
4.53, 0.0080, 9.76, 4.24, -0.04, -23.74, -123.00
4.53, 0.0060, 9.76, 4.09, -0.04, -24.33, -127.67
4.54, 0.0070, 9.76, 3.92, -0.04, -25.21, -134.14
4.55, 0.0060, 9.76, 3.76, -0.04, -26.10, -142.95
4.55, 0.0070, 9.76, 3.57, -0.04, -26.68, -151.40
4.56, 0.0060, 9.76, 3.41, -0.04, -26.46, -158.63
4.57, 0.0070, 9.76, 3.24, -0.04, -25.14, -160.51
4.57, 0.0070, 9.76, 3.08, -0.04, -22.96, -156.11
4.58, 0.0060, 9.76, 2.95, -0.04, -20.65, -146.25
4.59, 0.0070, 9.76, 2.82, -0.04, -18.80, -134.81
4.59, 0.0060, 9.76, 2.72, -0.04, -17.27, -126.40
4.60, 0.0070, 9.76, 2.61, -0.04, -15.72, -119.30
4.61, 0.0060, 9.76, 2.52, -0.04, -13.82, -112.14
4.61, 0.0080, 9.76, 2.43, -0.04, -11.46, -102.45
4.62, 0.0060, 9.76, 2.38, -0.04, -8.54, -90.12
4.63, 0.0060, 9.76, 2.35, -0.04, -5.38, -73.59
4.63, 0.0070, 9.76, 2.33, -0.04, -2.22, -55.30
4.64, 0.0060, 9.76, 2.34, -0.04, 0.90, -36.62
4.65, 0.0060, 9.76, 2.36, -0.04, 3.92, -17.82
4.65, 0.0070, 9.76, 2.41, -0.04, 6.80, 0.78
4.66, 0.0070, 9.76, 2.48, -0.04, 9.64, 19.02
4.67, 0.0060, 9.76, 2.55, -0.04, 12.58, 37.40
4.67, 0.0070, 9.76, 2.66, -0.04, 15.86, 56.55
4.68, 0.0060, 9.76, 2.78, -0.04, 19.38, 78.47
4.69, 0.0060, 9.76, 2.92, -0.04, 22.74, 101.92
4.69, 0.0070, 9.76, 3.09, -0.04, 25.37, 124.77
4.70, 0.0070, 9.76, 3.28, -0.04, 26.80, 144.08
4.71, 0.0070, 9.76, 3.47, -0.04, 27.22, 156.42
4.71, 0.0060, 9.76, 3.64, -0.04, 27.06, 162.80
4.72, 0.0070, 9.76, 3.83, -0.04, 27.12, 165.08
4.72, 0.0060, 9.76, 3.99, -0.04, 28.01, 169.23
4.73, 0.0060, 9.76, 4.17, -0.04, 29.42, 177.93
4.74, 0.0070, 9.76, 4.39, -0.04, 30.86, 189.93
4.75, 0.0070, 9.76, 4.61, -0.04, 31.89, 202.87
4.75, 0.0070, 9.76, 4.83, -0.04, 32.24, 213.50
4.76, 0.0060, 9.76, 5.02, -0.04, 31.43, 220.14
4.76, 0.0070, 9.76, 5.23, -0.04, 29.50, 219.07
4.77, 0.0060, 9.76, 5.39, -0.04, 26.98, 211.57
4.78, 0.0060, 9.76, 5.54, -0.04, 24.62, 199.73
4.78, 0.0080, 9.76, 5.72, -0.04, 22.83, 188.52
4.79, 0.0060, 9.76, 5.85, -0.04, 21.07, 181.43
4.80, 0.0070, 9.76, 5.98, -0.04, 18.81, 173.39
4.80, 0.0060, 9.76, 6.07, -0.04, 15.66, 162.44
4.81, 0.0070, 9.76, 6.16, -0.04, 11.83, 145.42
4.82, 0.0060, 9.76, 6.20, -0.04, 7.69, 124.09
4.82, 0.0060, 9.76, 6.23, -0.04, 3.78, 100.19
4.83, 0.0080, 9.76, 6.23, -0.04, 0.28, 77.16
4.84, 0.0060, 9.76, 6.21, -0.04, -2.80, 56.26
4.84, 0.0060, 9.76, 6.18, -0.04, -5.83, 37.41
4.85, 0.0070, 9.76, 6.11, -0.04, -9.09, 18.55
4.86, 0.0060, 9.76, 6.03, -0.04, -12.94, -2.30
4.86, 0.0070, 9.76, 5.91, -0.04, -17.16, -26.93
4.87, 0.0070, 9.76, 5.76, -0.04, -21.89, -54.67
4.88, 0.0060, 9.76, 5.60, -0.04, -26.57, -86.11
4.88, 0.0070, 9.76, 5.39, -0.04, -30.91, -117.40
4.89, 0.0060, 9.76, 5.18, -0.04, -34.26, -147.74
4.90, 0.0070, 9.76, 4.93, -0.04, -36.25, -171.97
4.90, 0.0060, 9.76, 4.70, -0.04, -36.91, -188.98
4.91, 0.0070, 9.76, 4.45, -0.04, -37.02, -197.34
4.92, 0.0070, 9.76, 4.18, -0.04, -37.76, -203.20
4.92, 0.0060, 9.76, 3.94, -0.04, -39.78, -212.91
4.93, 0.0070, 9.76, 3.65, -0.04, -42.28, -229.84
4.94, 0.0060, 9.76, 3.38, -0.04, -44.45, -250.76
4.94, 0.0070, 9.76, 3.06, -0.04, -45.82, -269.08
4.95, 0.0060, 9.76, 2.78, -0.04, -46.00, -283.76
4.96, 0.0080, 9.76, 2.43, -0.04, -44.74, -290.32
4.96, 0.0060, 9.76, 2.17, -0.04, -42.52, -289.91
4.97, 0.0070, 9.76, 1.89, -0.04, -40.41, -281.70
4.97, 0.0060, 9.76, 1.65, -0.04, -38.81, -274.71
4.98, 0.0070, 9.76, 1.39, -0.04, -37.52, -269.77
4.99, 0.0060, 9.76, 1.18, -0.04, -35.87, -267.30
5.00, 0.0060, 9.76, 0.98, -0.04, -33.51, -261.69
5.00, 0.0080, 9.76, 0.74, -0.04, -30.07, -251.55
5.01, 0.0060, 9.76, 0.58, -0.04, -25.87, -235.71
5.01, 0.0070, 9.76, 0.43, -0.04, -21.40, -213.63
5.02, 0.0060, 9.76, 0.33, -0.04, -17.32, -189.77
5.03, 0.0060, 9.76, 0.24, -0.04, -13.90, -167.42
5.03, 0.0070, 9.76, 0.17, -0.04, -10.93, -148.54
5.04, 0.0070, 9.76, 0.11, -0.04, -7.94, -132.26
5.05, 0.0070, 9.76, 0.08, -0.04, -4.40, -115.45
5.05, 0.0060, 9.76, 0.08, -0.04, 0.04, -94.81
5.06, 0.0060, 9.76, 0.11, -0.04, 5.14, -68.13
5.07, 0.0070, 9.76, 0.19, -0.04, 10.70, -36.92
5.07, 0.0060, 9.76, 0.28, -0.04, 15.96, -2.10
5.08, 0.0060, 9.76, 0.41, -0.04, 20.79, 31.40
5.09, 0.0080, 9.76, 0.61, -0.04, 24.99, 62.89
5.09, 0.0060, 9.76, 0.78, -0.04, 28.66, 92.04
5.10, 0.0060, 9.76, 0.97, -0.04, 31.55, 117.51
5.11, 0.0070, 9.76, 1.21, -0.04, 34.35, 138.66
5.11, 0.0060, 9.76, 1.43, -0.04, 37.65, 160.28
5.12, 0.0070, 9.76, 1.72, -0.04, 41.49, 184.56
5.13, 0.0070, 9.76, 2.04, -0.04, 44.79, 213.44
5.13, 0.0070, 9.76, 2.37, -0.04, 46.99, 239.50
5.14, 0.0060, 9.76, 2.65, -0.04, 48.01, 259.27
5.15, 0.0060, 9.76, 2.94, -0.04, 47.93, 271.18
5.15, 0.0070, 9.76, 3.27, -0.04, 47.03, 276.41
5.16, 0.0060, 9.76, 3.55, -0.04, 46.13, 277.62
5.17, 0.0070, 9.76, 3.87, -0.04, 45.83, 277.73
5.17, 0.0070, 9.76, 4.19, -0.04, 46.18, 282.37
5.18, 0.0070, 9.76, 4.52, -0.04, 46.73, 290.96
5.18, 0.0060, 9.76, 4.80, -0.04, 46.67, 300.75
5.19, 0.0060, 9.76, 5.07, -0.04, 45.69, 306.00
5.20, 0.0070, 9.76, 5.38, -0.04, 43.31, 305.64
5.20, 0.0060, 9.76, 5.62, -0.04, 39.95, 297.42
5.21, 0.0080, 9.76, 5.91, -0.04, 36.14, 282.01
5.22, 0.0060, 9.76, 6.10, -0.04, 32.57, 264.98
5.22, 0.0060, 9.76, 6.28, -0.04, 29.50, 247.46
5.23, 0.0070, 9.76, 6.46, -0.04, 26.68, 232.54
5.24, 0.0060, 9.76, 6.61, -0.04, 23.70, 219.40
5.24, 0.0070, 9.76, 6.75, -0.04, 20.18, 204.37
5.25, 0.0060, 9.76, 6.84, -0.04, 16.01, 186.06
5.26, 0.0080, 9.76, 6.93, -0.04, 11.23, 162.92
5.26, 0.0060, 9.76, 6.97, -0.04, 6.18, 136.08
5.27, 0.0060, 9.76, 6.98, -0.04, 1.21, 106.51
5.28, 0.0070, 9.76, 6.95, -0.04, -3.45, 76.85
5.28, 0.0060, 9.76, 6.91, -0.04, -7.98, 48.42
5.29, 0.0070, 9.76, 6.82, -0.04, -12.64, 20.26
5.30, 0.0070, 9.76, 6.70, -0.04, -17.42, -9.47
5.30, 0.0060, 9.76, 6.56, -0.04, -22.46, -40.61
5.31, 0.0070, 9.76, 6.37, -0.04, -27.39, -73.52
5.32, 0.0060, 9.76, 6.18, -0.04, -31.97, -106.95
5.32, 0.0060, 9.76, 5.96, -0.04, -35.84, -138.25
5.33, 0.0070, 9.76, 5.69, -0.04, -39.11, -165.81
5.34, 0.0060, 9.76, 5.44, -0.04, -41.95, -190.87
5.34, 0.0080, 9.76, 5.08, -0.04, -44.42, -212.97
5.35, 0.0060, 9.76, 4.80, -0.04, -46.58, -234.85
5.36, 0.0070, 9.76, 4.46, -0.04, -48.33, -253.43
5.36, 0.0060, 9.76, 4.16, -0.04, -50.03, -270.72
5.37, 0.0070, 9.76, 3.80, -0.04, -52.19, -286.91
5.37, 0.0060, 9.76, 3.47, -0.04, -54.85, -307.16
5.38, 0.0070, 9.76, 3.07, -0.04, -57.27, -329.68
5.39, 0.0070, 9.76, 2.66, -0.04, -58.98, -352.23
5.40, 0.0060, 9.76, 2.30, -0.04, -59.48, -370.77
5.40, 0.0070, 9.76, 1.89, -0.04, -58.54, -380.88
5.41, 0.0060, 9.76, 1.55, -0.04, -56.30, -383.48
5.41, 0.0070, 9.76, 1.18, -0.04, -53.27, -376.76
5.42, 0.0060, 9.76, 0.88, -0.04, -50.26, -366.05
5.43, 0.0070, 9.76, 0.54, -0.04, -47.92, -354.03
5.43, 0.0070, 9.76, 0.22, -0.04, -46.10, -346.70
5.44, 0.0060, 9.76, -0.05, -0.04, -44.18, -342.20
5.45, 0.0070, 9.76, -0.34, -0.04, -41.89, -336.01
5.45, 0.0060, 9.76, -0.57, -0.04, -39.11, -328.14
5.46, 0.0070, 9.76, -0.83, -0.04, -35.97, -316.12
5.47, 0.0070, 9.76, -1.05, -0.04, -32.49, -302.35
5.47, 0.0060, 9.76, -1.23, -0.04, -28.75, -285.98
5.48, 0.0070, 9.76, -1.40, -0.04, -24.72, -267.04
5.49, 0.0060, 9.76, -1.52, -0.04, -20.37, -246.27
5.49, 0.0070, 9.76, -1.63, -0.04, -15.79, -222.65
5.50, 0.0060, 9.76, -1.70, -0.04, -11.19, -197.35
5.51, 0.0080, 9.76, -1.75, -0.04, -6.70, -171.11
5.51, 0.0060, 9.76, -1.77, -0.04, -2.18, -145.26
5.52, 0.0060, 9.76, -1.75, -0.04, 2.44, -118.37
5.53, 0.0070, 9.76, -1.70, -0.04, 7.06, -90.40
5.53, 0.0060, 9.76, -1.63, -0.04, 11.61, -61.64
5.54, 0.0060, 9.76, -1.54, -0.04, 15.86, -33.00
5.55, 0.0070, 9.76, -1.40, -0.04, 19.66, -5.59
5.55, 0.0070, 9.76, -1.24, -0.04, 22.80, 19.96
5.56, 0.0070, 9.76, -1.06, -0.04, 25.79, 41.98
5.57, 0.0060, 9.76, -0.88, -0.04, 29.34, 63.57
5.57, 0.0060, 9.76, -0.68, -0.04, 33.62, 88.38
5.58, 0.0070, 9.76, -0.41, -0.04, 38.07, 118.12
5.58, 0.0060, 9.76, -0.16, -0.04, 42.10, 150.14
5.59, 0.0070, 9.76, 0.15, -0.04, 45.04, 179.35
5.60, 0.0070, 9.76, 0.48, -0.04, 46.47, 203.32
5.61, 0.0060, 9.76, 0.75, -0.04, 45.94, 218.40
5.61, 0.0070, 9.76, 1.06, -0.04, 44.32, 220.71
5.62, 0.0060, 9.76, 1.32, -0.04, 42.54, 217.23
5.62, 0.0070, 9.76, 1.61, -0.04, 41.84, 211.65
5.63, 0.0060, 9.76, 1.87, -0.04, 42.29, 213.27
5.64, 0.0080, 9.76, 2.21, -0.04, 42.58, 221.04
5.64, 0.0060, 9.76, 2.46, -0.04, 42.52, 229.64
5.65, 0.0070, 9.76, 2.75, -0.04, 41.27, 234.35
5.66, 0.0060, 9.76, 2.98, -0.04, 38.85, 232.62
5.66, 0.0060, 9.76, 3.20, -0.04, 35.64, 222.75
5.67, 0.0070, 9.76, 3.42, -0.04, 32.21, 207.78
5.68, 0.0060, 9.76, 3.60, -0.04, 28.67, 191.70
5.68, 0.0080, 9.76, 3.80, -0.04, 25.44, 173.91
5.69, 0.0060, 9.76, 3.93, -0.04, 22.30, 158.60
5.70, 0.0070, 9.76, 4.07, -0.04, 19.22, 142.45
5.70, 0.0060, 9.76, 4.16, -0.04, 15.40, 126.67
5.71, 0.0060, 9.76, 4.22, -0.04, 10.50, 105.58
5.72, 0.0070, 9.76, 4.26, -0.04, 4.73, 77.46
5.72, 0.0070, 9.76, 4.25, -0.04, -1.13, 43.52
5.73, 0.0070, 9.76, 4.20, -0.04, -6.66, 8.17
5.74, 0.0060, 9.76, 4.13, -0.04, -11.70, -25.96
5.74, 0.0060, 9.76, 4.03, -0.04, -16.16, -57.57
5.75, 0.0070, 9.76, 3.89, -0.04, -20.41, -86.26
5.76, 0.0060, 9.76, 3.74, -0.04, -24.44, -114.63
5.76, 0.0060, 9.76, 3.57, -0.04, -28.49, -141.72
5.77, 0.0080, 9.76, 3.31, -0.04, -32.98, -169.49
5.78, 0.0060, 9.76, 3.08, -0.04, -38.09, -201.67
5.78, 0.0070, 9.76, 2.78, -0.04, -43.37, -236.93
5.79, 0.0060, 9.76, 2.49, -0.04, -47.66, -274.69
5.80, 0.0070, 9.76, 2.14, -0.04, -50.46, -306.11
5.80, 0.0060, 9.76, 1.83, -0.04, -51.74, -330.01
5.81, 0.0080, 9.76, 1.40, -0.04, -53.11, -343.90
5.82, 0.0060, 9.76, 1.07, -0.04, -55.36, -360.59
5.82, 0.0060, 9.76, 0.72, -0.04, -58.45, -380.76
5.83, 0.0070, 9.76, 0.29, -0.04, -61.87, -406.32
5.84, 0.0060, 9.76, -0.10, -0.04, -64.01, -435.45
5.84, 0.0070, 9.76, -0.55, -0.04, -64.84, -455.97
5.85, 0.0060, 9.76, -0.93, -0.04, -63.64, -470.04
5.86, 0.0080, 9.76, -1.42, -0.04, -60.90, -470.52
5.86, 0.0060, 9.76, -1.77, -0.04, -58.19, -463.81
5.87, 0.0070, 9.76, -2.17, -0.04, -57.01, -454.54
5.87, 0.0060, 9.76, -2.51, -0.04, -56.64, -455.44
5.88, 0.0070, 9.76, -2.90, -0.04, -56.64, -460.00
5.89, 0.0060, 9.76, -3.24, -0.04, -56.18, -467.95
5.90, 0.0070, 9.76, -3.63, -0.04, -54.78, -471.90
5.90, 0.0070, 9.76, -3.99, -0.04, -51.93, -471.20
5.91, 0.0060, 9.76, -4.28, -0.04, -47.75, -461.36
5.91, 0.0070, 9.76, -4.57, -0.04, -42.77, -442.01
5.92, 0.0060, 9.76, -4.80, -0.04, -37.92, -418.08
5.93, 0.0070, 9.76, -5.04, -0.04, -33.76, -393.56
5.93, 0.0070, 9.76, -5.25, -0.04, -30.29, -373.31
5.94, 0.0060, 9.76, -5.41, -0.04, -27.40, -356.73
5.95, 0.0070, 9.76, -5.59, -0.04, -24.62, -342.69
5.95, 0.0060, 9.76, -5.72, -0.04, -21.93, -329.49
5.96, 0.0070, 9.76, -5.85, -0.04, -19.12, -315.97
5.97, 0.0060, 9.76, -5.95, -0.04, -15.88, -301.79
5.97, 0.0070, 9.76, -6.03, -0.04, -11.97, -284.26
5.98, 0.0070, 9.76, -6.09, -0.04, -7.99, -262.46
5.99, 0.0070, 9.76, -6.12, -0.04, -4.66, -239.67
5.99, 0.0060, 9.76, -6.14, -0.04, -2.56, -220.34
6.00, 0.0060, 9.76, -6.14, -0.04, -1.00, -208.08
6.01, 0.0070, 9.76, -6.13, -0.04, 1.31, -198.80
6.01, 0.0060, 9.76, -6.10, -0.04, 5.26, -184.80
6.02, 0.0070, 9.76, -6.04, -0.04, 9.25, -160.46
6.03, 0.0070, 9.76, -5.95, -0.04, 12.40, -135.25
6.03, 0.0060, 9.76, -5.87, -0.04, 13.98, -114.60
6.04, 0.0070, 9.76, -5.76, -0.04, 14.39, -103.45
6.05, 0.0060, 9.76, -5.68, -0.04, 14.34, -98.95
6.05, 0.0060, 9.76, -5.59, -0.04, 14.45, -97.54
6.06, 0.0070, 9.76, -5.48, -0.04, 15.62, -95.11
6.07, 0.0070, 9.76, -5.36, -0.04, 18.08, -85.93
6.07, 0.0070, 9.76, -5.21, -0.04, 20.47, -68.64
6.08, 0.0060, 9.76, -5.08, -0.04, 22.19, -51.41
6.09, 0.0060, 9.76, -4.94, -0.04, 22.91, -38.46
6.09, 0.0070, 9.76, -4.78, -0.04, 22.66, -31.37
6.10, 0.0060, 9.76, -4.65, -0.04, 21.88, -29.68
6.11, 0.0080, 9.76, -4.49, -0.04, 20.74, -31.75
6.11, 0.0060, 9.76, -4.37, -0.04, 19.54, -35.25
6.12, 0.0060, 9.76, -4.26, -0.04, 18.70, -40.15
6.12, 0.0070, 9.76, -4.13, -0.04, 18.45, -42.92
6.13, 0.0060, 9.76, -4.02, -0.04, 18.54, -41.87
6.14, 0.0070, 9.76, -3.89, -0.04, 18.49, -39.07
6.14, 0.0060, 9.76, -3.78, -0.04, 17.68, -36.80
6.15, 0.0070, 9.76, -3.67, -0.04, 16.03, -39.56
6.16, 0.0070, 9.76, -3.57, -0.04, 13.65, -47.21
6.16, 0.0060, 9.76, -3.51, -0.04, 10.91, -59.59
6.17, 0.0070, 9.76, -3.45, -0.04, 8.16, -74.67
6.18, 0.0060, 9.76, -3.41, -0.04, 6.01, -90.04
6.18, 0.0060, 9.76, -3.39, -0.04, 4.49, -102.24
6.19, 0.0080, 9.76, -3.36, -0.04, 3.62, -110.79
6.20, 0.0060, 9.76, -3.34, -0.04, 2.69, -115.43
6.20, 0.0060, 9.76, -3.34, -0.04, 0.92, -120.71
6.21, 0.0070, 9.76, -3.35, -0.04, -2.17, -131.22
6.22, 0.0060, 9.76, -3.38, -0.04, -5.44, -150.06
6.22, 0.0070, 9.76, -3.44, -0.04, -8.13, -170.32
6.23, 0.0060, 9.76, -3.50, -0.04, -9.93, -187.59
6.24, 0.0070, 9.76, -3.58, -0.04, -11.17, -199.59
6.24, 0.0070, 9.76, -3.67, -0.04, -12.44, -208.61
6.25, 0.0060, 9.76, -3.75, -0.04, -14.18, -217.99
6.26, 0.0070, 9.76, -3.87, -0.04, -16.60, -230.09
6.26, 0.0060, 9.76, -3.98, -0.04, -19.55, -246.93
6.27, 0.0070, 9.76, -4.14, -0.04, -22.26, -266.98
6.28, 0.0070, 9.76, -4.31, -0.04, -24.56, -286.40
6.28, 0.0070, 9.76, -4.50, -0.04, -26.33, -303.63
6.29, 0.0060, 9.76, -4.66, -0.04, -27.51, -317.95
6.30, 0.0070, 9.76, -4.86, -0.04, -28.12, -328.31
6.30, 0.0060, 9.76, -5.03, -0.04, -28.31, -335.92
6.31, 0.0060, 9.76, -5.20, -0.04, -28.46, -340.45
6.32, 0.0070, 9.76, -5.40, -0.04, -29.05, -344.74
6.32, 0.0070, 9.76, -5.61, -0.04, -30.24, -352.34
6.33, 0.0070, 9.76, -5.84, -0.04, -31.72, -363.75
6.34, 0.0060, 9.76, -6.03, -0.04, -32.94, -377.03
6.34, 0.0070, 9.76, -6.27, -0.04, -33.40, -388.30
6.35, 0.0060, 9.76, -6.47, -0.04, -33.04, -395.77
6.35, 0.0070, 9.76, -6.69, -0.04, -31.96, -397.60
6.36, 0.0070, 9.76, -6.90, -0.04, -30.62, -395.53
6.37, 0.0060, 9.76, -7.08, -0.04, -29.45, -391.82
6.37, 0.0070, 9.76, -7.28, -0.04, -28.78, -388.35
6.38, 0.0060, 9.76, -7.45, -0.04, -28.59, -388.33
6.39, 0.0070, 9.76, -7.65, -0.04, -28.66, -390.65
6.39, 0.0060, 9.76, -7.83, -0.04, -28.71, -395.04
6.40, 0.0070, 9.76, -8.03, -0.04, -28.34, -398.79
6.41, 0.0070, 9.76, -8.22, -0.04, -27.43, -400.53
6.41, 0.0070, 9.76, -8.40, -0.04, -26.13, -398.94
6.42, 0.0060, 9.76, -8.55, -0.04, -24.70, -394.78
6.43, 0.0060, 9.76, -8.69, -0.04, -23.37, -389.16
6.43, 0.0070, 9.76, -8.85, -0.04, -22.35, -383.97
6.44, 0.0060, 9.76, -8.98, -0.04, -22.00, -380.98
6.45, 0.0080, 9.76, -9.16, -0.04, -22.28, -381.57
6.45, 0.0060, 9.76, -9.29, -0.04, -22.61, -386.79
6.46, 0.0070, 9.76, -9.45, -0.04, -22.32, -391.46
6.47, 0.0060, 9.76, -9.58, -0.04, -21.59, -392.84
6.47, 0.0060, 9.76, -9.70, -0.04, -20.69, -391.07
6.48, 0.0070, 9.76, -9.84, -0.04, -19.96, -388.18
6.49, 0.0060, 9.76, -9.96, -0.04, -19.57, -386.56
6.49, 0.0080, 9.76, -10.12, -0.04, -19.64, -386.61
6.50, 0.0060, 9.76, -10.24, -0.04, -20.18, -390.16
6.51, 0.0070, 9.76, -10.38, -0.04, -21.02, -395.78
6.51, 0.0060, 9.76, -10.51, -0.04, -21.86, -403.77
6.52, 0.0070, 9.76, -10.67, -0.04, -22.39, -411.46
6.53, 0.0060, 9.76, -10.81, -0.04, -22.72, -417.75
6.53, 0.0080, 9.76, -10.99, -0.04, -22.91, -422.45
6.54, 0.0060, 9.76, -11.13, -0.04, -23.03, -427.28
6.55, 0.0070, 9.76, -11.29, -0.04, -23.17, -430.77
6.55, 0.0060, 9.76, -11.43, -0.04, -23.50, -434.85
6.56, 0.0070, 9.76, -11.60, -0.04, -24.09, -439.63
6.57, 0.0060, 9.76, -11.75, -0.04, -24.90, -446.56
6.57, 0.0070, 9.76, -11.93, -0.04, -25.77, -454.43
6.58, 0.0070, 9.76, -12.12, -0.04, -26.53, -463.24
6.59, 0.0070, 9.76, -12.31, -0.04, -27.17, -471.51
6.59, 0.0060, 9.76, -12.47, -0.04, -27.66, -479.15
6.60, 0.0070, 9.76, -12.67, -0.04, -27.91, -485.42
6.61, 0.0060, 9.76, -12.84, -0.04, -27.87, -490.80
6.61, 0.0070, 9.76, -13.03, -0.04, -27.65, -493.95
6.62, 0.0070, 9.76, -13.22, -0.04, -27.41, -496.50
6.63, 0.0070, 9.76, -13.41, -0.04, -27.31, -498.89
6.63, 0.0060, 9.76, -13.58, -0.04, -27.35, -502.09
6.64, 0.0070, 9.76, -13.77, -0.04, -27.37, -505.65
6.65, 0.0060, 9.76, -13.93, -0.04, -27.15, -509.55
6.65, 0.0070, 9.76, -14.12, -0.04, -26.65, -511.51
6.66, 0.0070, 9.76, -14.30, -0.04, -25.86, -512.21
6.67, 0.0070, 9.76, -14.47, -0.04, -24.90, -511.14
6.67, 0.0060, 9.76, -14.62, -0.04, -23.84, -508.84
6.68, 0.0070, 9.76, -14.78, -0.04, -22.84, -505.36
6.69, 0.0060, 9.76, -14.91, -0.04, -22.05, -502.53
6.69, 0.0070, 9.76, -15.06, -0.04, -21.59, -500.47
6.70, 0.0060, 9.76, -15.19, -0.04, -21.24, -500.73
6.71, 0.0080, 9.76, -15.35, -0.04, -20.76, -501.16
6.71, 0.0060, 9.76, -15.47, -0.04, -19.93, -501.59
6.72, 0.0070, 9.76, -15.60, -0.04, -18.77, -499.04
6.73, 0.0060, 9.76, -15.71, -0.04, -17.42, -494.67
6.73, 0.0070, 9.76, -15.82, -0.04, -16.11, -488.65
6.74, 0.0060, 9.76, -15.91, -0.04, -15.08, -483.04
6.75, 0.0080, 9.76, -16.03, -0.04, -14.39, -478.73
6.75, 0.0060, 9.76, -16.11, -0.04, -13.90, -476.84
6.76, 0.0070, 9.76, -16.20, -0.04, -13.31, -475.61
6.77, 0.0060, 9.76, -16.28, -0.04, -12.40, -473.91
6.77, 0.0070, 9.76, -16.36, -0.04, -11.19, -469.97
6.78, 0.0060, 9.76, -16.41, -0.04, -9.92, -464.23
6.79, 0.0070, 9.76, -16.48, -0.04, -8.80, -457.81
6.79, 0.0070, 9.76, -16.53, -0.04, -8.01, -452.31
6.80, 0.0070, 9.76, -16.58, -0.04, -7.50, -448.71
6.81, 0.0060, 9.76, -16.63, -0.04, -7.17, -446.67
6.81, 0.0070, 9.76, -16.68, -0.04, -6.79, -445.57
6.82, 0.0060, 9.76, -16.71, -0.04, -6.21, -444.27
6.82, 0.0070, 9.76, -16.75, -0.04, -5.50, -441.51
6.83, 0.0070, 9.76, -16.78, -0.04, -4.77, -438.01
6.84, 0.0060, 9.76, -16.81, -0.04, -4.03, -434.29
6.84, 0.0070, 9.76, -16.83, -0.04, -3.22, -430.34
6.85, 0.0060, 9.76, -16.85, -0.04, -2.38, -425.98
6.86, 0.0070, 9.76, -16.86, -0.04, -1.52, -421.19
6.86, 0.0060, 9.76, -16.86, -0.04, -0.70, -416.27
6.87, 0.0070, 9.76, -16.86, -0.04, 0.09, -411.39
6.88, 0.0070, 9.76, -16.85, -0.04, 0.88, -406.68
6.89, 0.0070, 9.76, -16.84, -0.04, 1.72, -401.79
6.89, 0.0060, 9.76, -16.83, -0.04, 2.71, -396.53
6.90, 0.0060, 9.76, -16.80, -0.04, 3.89, -390.27
6.90, 0.0070, 9.76, -16.76, -0.04, 5.31, -382.72
6.91, 0.0060, 9.76, -16.72, -0.04, 6.78, -373.45
6.92, 0.0080, 9.76, -16.66, -0.04, 8.17, -363.78
6.93, 0.0060, 9.76, -16.60, -0.04, 9.39, -354.14
6.93, 0.0070, 9.76, -16.53, -0.04, 10.51, -345.70
6.94, 0.0060, 9.76, -16.46, -0.04, 11.70, -337.52
6.94, 0.0070, 9.76, -16.37, -0.04, 13.06, -328.96
6.95, 0.0060, 9.76, -16.28, -0.04, 14.66, -319.01
6.96, 0.0080, 9.76, -16.15, -0.04, 16.37, -307.65
6.96, 0.0060, 9.76, -16.04, -0.04, 18.10, -294.74
6.97, 0.0070, 9.76, -15.90, -0.04, 19.77, -282.22
6.98, 0.0060, 9.76, -15.77, -0.04, 21.47, -269.41
6.98, 0.0070, 9.76, -15.61, -0.04, 23.33, -256.60
6.99, 0.0060, 9.76, -15.46, -0.04, 25.44, -242.21
7.00, 0.0070, 9.76, -15.26, -0.04, 27.69, -226.51
7.01, 0.0070, 9.76, -15.05, -0.04, 29.93, -209.09
7.01, 0.0070, 9.76, -14.83, -0.04, 31.99, -191.46
7.02, 0.0060, 9.76, -14.63, -0.04, 33.74, -174.67
7.02, 0.0070, 9.76, -14.38, -0.04, 35.45, -160.12
7.03, 0.0060, 9.76, -14.16, -0.04, 37.27, -144.88
7.04, 0.0070, 9.76, -13.88, -0.04, 39.21, -129.49
7.05, 0.0070, 9.76, -13.59, -0.04, 41.25, -112.34
7.05, 0.0070, 9.76, -13.29, -0.04, 43.30, -94.34
7.06, 0.0060, 9.76, -13.02, -0.04, 45.36, -75.97
7.06, 0.0070, 9.76, -12.69, -0.04, 47.07, -58.18
7.07, 0.0060, 9.76, -12.39, -0.04, 49.14, -41.30
7.08, 0.0070, 9.76, -12.04, -0.04, 50.65, -22.98
7.08, 0.0060, 9.76, -11.72, -0.04, 52.19, -6.83
7.09, 0.0070, 9.76, -11.35, -0.04, 53.03, 8.63
7.10, 0.0070, 9.76, -10.97, -0.04, 54.10, 21.10
7.10, 0.0060, 9.76, -10.64, -0.04, 55.18, 35.08
7.11, 0.0070, 9.76, -10.25, -0.04, 56.52, 48.21
7.12, 0.0060, 9.76, -9.90, -0.04, 57.54, 64.19
7.12, 0.0070, 9.76, -9.50, -0.04, 58.08, 77.18
7.13, 0.0070, 9.76, -9.09, -0.04, 58.14, 88.58
7.14, 0.0060, 9.76, -8.74, -0.04, 57.55, 97.05
7.14, 0.0070, 9.76, -8.35, -0.04, 56.84, 100.44
7.15, 0.0060, 9.76, -8.01, -0.04, 56.21, 104.12
7.16, 0.0070, 9.76, -7.62, -0.04, 55.72, 107.07
7.16, 0.0060, 9.76, -7.29, -0.04, 55.11, 111.93
7.17, 0.0060, 9.76, -6.96, -0.04, 54.26, 114.91
7.18, 0.0080, 9.76, -6.54, -0.04, 52.93, 116.29
7.18, 0.0060, 9.76, -6.23, -0.04, 50.96, 116.83
7.19, 0.0070, 9.76, -5.89, -0.04, 48.52, 111.10
7.20, 0.0060, 9.76, -5.62, -0.04, 45.82, 103.26
7.20, 0.0070, 9.76, -5.32, -0.04, 43.20, 92.57
7.21, 0.0060, 9.76, -5.07, -0.04, 40.77, 82.88
7.22, 0.0070, 9.76, -4.80, -0.04, 38.44, 73.21
7.22, 0.0070, 9.76, -4.55, -0.04, 35.96, 64.58
7.23, 0.0060, 9.76, -4.35, -0.04, 33.26, 54.72
7.24, 0.0060, 9.76, -4.17, -0.04, 30.39, 42.53
7.24, 0.0070, 9.76, -3.98, -0.04, 27.26, 28.96
7.25, 0.0060, 9.76, -3.83, -0.04, 23.90, 14.02
7.26, 0.0070, 9.76, -3.69, -0.04, 20.19, -3.27
7.26, 0.0070, 9.76, -3.58, -0.04, 16.52, -22.73
7.27, 0.0060, 9.76, -3.50, -0.04, 12.26, -42.41
7.27, 0.0070, 9.76, -3.44, -0.04, 8.53, -66.51
7.28, 0.0060, 9.76, -3.41, -0.04, 4.99, -87.72
7.29, 0.0060, 9.76, -3.40, -0.04, 2.63, -108.34
7.29, 0.0070, 9.76, -3.39, -0.04, 0.61, -122.21
7.30, 0.0070, 9.76, -3.40, -0.04, -1.05, -134.21
7.31, 0.0060, 9.76, -3.42, -0.04, -2.88, -144.35
7.31, 0.0070, 9.76, -3.45, -0.04, -4.82, -155.64
7.32, 0.0060, 9.76, -3.49, -0.04, -6.83, -167.96
7.33, 0.0060, 9.76, -3.54, -0.04, -8.53, -180.85
7.33, 0.0070, 9.76, -3.61, -0.04, -9.35, -192.09
7.34, 0.0060, 9.76, -3.67, -0.04, -9.57, -198.31
7.35, 0.0080, 9.76, -3.74, -0.04, -9.25, -200.81
7.35, 0.0060, 9.76, -3.79, -0.04, -8.71, -200.33
7.36, 0.0060, 9.76, -3.84, -0.04, -8.11, -198.12
7.36, 0.0070, 9.76, -3.90, -0.04, -7.66, -195.49
7.37, 0.0060, 9.76, -3.94, -0.04, -7.13, -193.90
7.38, 0.0070, 9.76, -3.98, -0.04, -6.10, -191.57
7.39, 0.0070, 9.76, -4.01, -0.04, -4.32, -186.21
7.39, 0.0060, 9.76, -4.02, -0.04, -1.84, -176.13
7.40, 0.0070, 9.76, -4.02, -0.04, 1.12, -161.50
