3.60, 3.5950, 14.82, 14.82, -0.04, -0.00, 0.00
3.60, 0.0060, 14.82, 14.82, -0.04, 0.00, 226.47
3.61, 0.0070, 14.82, 14.82, -0.04, 0.00, 226.48
3.62, 0.0060, 14.82, 14.82, -0.04, 0.01, 226.49
3.62, 0.0060, 14.82, 14.82, -0.04, 0.01, 226.51
3.63, 0.0080, 14.82, 14.82, -0.04, 0.04, 226.56
3.64, 0.0060, 14.82, 14.82, -0.04, 0.04, 226.70
3.64, 0.0070, 14.82, 14.82, -0.04, -0.06, 226.70
3.65, 0.0060, 14.82, 14.82, -0.04, -0.31, 226.09
3.66, 0.0060, 14.82, 14.82, -0.04, -0.71, 224.58
3.66, 0.0070, 14.82, 14.81, -0.04, -1.36, 222.11
3.67, 0.0060, 14.82, 14.79, -0.04, -2.35, 217.98
3.68, 0.0080, 14.82, 14.76, -0.04, -3.73, 211.80
3.68, 0.0060, 14.82, 14.73, -0.04, -5.41, 202.89
3.69, 0.0070, 14.82, 14.68, -0.04, -7.26, 192.18
3.70, 0.0060, 14.82, 14.63, -0.04, -9.07, 180.03
3.70, 0.0070, 14.82, 14.55, -0.04, -10.62, 168.08
3.71, 0.0060, 14.82, 14.48, -0.04, -11.80, 157.34
3.72, 0.0080, 14.82, 14.38, -0.04, -12.62, 148.84
3.72, 0.0060, 14.82, 14.30, -0.04, -13.26, 141.87
3.73, 0.0070, 14.82, 14.20, -0.04, -13.75, 136.47
3.74, 0.0060, 14.82, 14.12, -0.04, -14.45, 131.58
3.74, 0.0070, 14.82, 14.01, -0.04, -15.84, 125.66
3.75, 0.0060, 14.82, 13.90, -0.04, -17.94, 115.11
3.76, 0.0070, 14.82, 13.76, -0.04, -20.22, 100.34
3.76, 0.0070, 14.82, 13.60, -0.04, -22.43, 83.81
3.77, 0.0070, 14.82, 13.43, -0.04, -24.33, 67.40
3.78, 0.0060, 14.82, 13.28, -0.04, -25.81, 52.63
3.78, 0.0070, 14.82, 13.09, -0.04, -27.03, 40.65
3.79, 0.0060, 14.82, 12.92, -0.04, -27.94, 29.55
3.80, 0.0070, 14.82, 12.72, -0.04, -28.71, 20.71
3.80, 0.0070, 14.82, 12.51, -0.04, -29.37, 12.10
3.81, 0.0070, 14.82, 12.30, -0.04, -30.19, 4.02
3.82, 0.0060, 14.82, 12.11, -0.04, -31.35, -5.11
3.82, 0.0060, 14.82, 11.91, -0.04, -33.00, -15.85
3.83, 0.0070, 14.82, 11.67, -0.04, -34.76, -29.68
3.84, 0.0060, 14.82, 11.45, -0.04, -36.42, -45.12
3.84, 0.0080, 14.82, 11.15, -0.04, -37.58, -59.44
3.85, 0.0060, 14.82, 10.92, -0.04, -38.11, -72.46
3.86, 0.0070, 14.82, 10.66, -0.04, -37.94, -80.17
3.86, 0.0060, 14.82, 10.43, -0.04, -37.28, -84.46
3.87, 0.0070, 14.82, 10.18, -0.04, -36.56, -85.02
3.88, 0.0060, 14.82, 9.96, -0.04, -35.97, -85.78
3.88, 0.0070, 14.82, 9.71, -0.04, -35.38, -86.59
3.89, 0.0070, 14.82, 9.47, -0.04, -34.61, -88.01
3.90, 0.0070, 14.82, 9.24, -0.04, -33.52, -88.20
3.90, 0.0060, 14.82, 9.05, -0.04, -31.96, -86.37
3.91, 0.0070, 14.82, 8.84, -0.04, -30.07, -80.84
3.92, 0.0060, 14.82, 8.67, -0.04, -27.56, -73.70
3.92, 0.0070, 14.82, 8.50, -0.04, -24.84, -61.93
3.93, 0.0070, 14.82, 8.33, -0.04, -23.87, -49.11
3.94, 0.0060, 14.82, 8.18, -0.04, -24.36, -46.60
3.94, 0.0070, 14.82, 8.01, -0.04, -24.52, -52.47
3.95, 0.0060, 14.82, 7.87, -0.04, -23.88, -56.87
3.96, 0.0070, 14.82, 7.71, -0.04, -22.77, -55.93
3.96, 0.0060, 14.82, 7.58, -0.04, -21.32, -52.42
3.97, 0.0070, 14.82, 7.44, -0.04, -19.53, -46.31
3.98, 0.0070, 14.82, 7.32, -0.04, -17.48, -38.27
3.98, 0.0070, 14.82, 7.22, -0.04, -15.19, -28.42
3.99, 0.0060, 14.82, 7.14, -0.04, -12.71, -16.80
4.00, 0.0060, 14.82, 7.08, -0.04, -10.04, -3.47
4.00, 0.0070, 14.82, 7.02, -0.04, -8.15, 11.35
4.01, 0.0060, 14.82, 6.98, -0.04, -7.32, 21.55
4.01, 0.0080, 14.82, 6.92, -0.04, -6.98, 25.68
4.02, 0.0060, 14.82, 6.89, -0.04, -6.13, 26.55
4.03, 0.0060, 14.82, 6.86, -0.04, -4.87, 30.96
4.03, 0.0070, 14.82, 6.83, -0.04, -3.25, 37.92
4.04, 0.0060, 14.82, 6.82, -0.04, -1.62, 47.15
4.05, 0.0060, 14.82, 6.82, -0.04, -0.24, 56.76
4.05, 0.0070, 14.82, 6.83, -0.04, 0.67, 65.00
4.06, 0.0070, 14.82, 6.84, -0.04, 1.23, 70.57
4.07, 0.0060, 14.82, 6.85, -0.04, 1.71, 74.08
4.07, 0.0070, 14.82, 6.86, -0.04, 2.46, 77.18
4.08, 0.0060, 14.82, 6.88, -0.04, 3.31, 82.05
4.09, 0.0070, 14.82, 6.91, -0.04, 4.13, 87.54
4.09, 0.0060, 14.82, 6.94, -0.04, 4.63, 93.03
4.10, 0.0070, 14.82, 6.97, -0.04, 4.45, 96.59
4.11, 0.0070, 14.82, 7.00, -0.04, 3.59, 96.12
4.11, 0.0060, 14.82, 7.01, -0.04, 1.71, 91.49
4.12, 0.0060, 14.82, 7.00, -0.04, -0.68, 80.41
4.13, 0.0070, 14.82, 6.99, -0.04, -1.57, 65.98
4.13, 0.0060, 14.82, 6.99, -0.04, -0.77, 60.41
4.14, 0.0060, 14.82, 6.99, -0.04, 0.24, 65.14
4.15, 0.0080, 14.82, 7.00, -0.04, 1.02, 71.22
4.15, 0.0060, 14.82, 7.00, -0.04, 1.24, 76.04
4.16, 0.0060, 14.82, 7.01, -0.04, 0.78, 77.53
4.16, 0.0070, 14.82, 7.01, -0.04, -0.43, 74.85
4.17, 0.0060, 14.82, 6.99, -0.04, -2.21, 67.52
4.18, 0.0070, 14.82, 6.96, -0.04, -4.23, 56.60
4.18, 0.0060, 14.82, 6.92, -0.04, -6.31, 43.89
4.19, 0.0070, 14.82, 6.87, -0.04, -8.38, 30.62
4.20, 0.0070, 14.82, 6.80, -0.04, -9.65, 17.07
4.20, 0.0060, 14.82, 6.74, -0.04, -10.09, 8.08
4.21, 0.0070, 14.82, 6.67, -0.04, -10.35, 4.21
4.22, 0.0060, 14.82, 6.60, -0.04, -10.97, 1.24
4.22, 0.0060, 14.82, 6.53, -0.04, -11.97, -3.84
4.23, 0.0080, 14.82, 6.42, -0.04, -13.21, -11.24
4.24, 0.0060, 14.82, 6.34, -0.04, -14.49, -20.81
4.24, 0.0070, 14.82, 6.23, -0.04, -15.52, -30.25
4.25, 0.0060, 14.82, 6.13, -0.04, -16.08, -38.56
4.26, 0.0060, 14.82, 6.03, -0.04, -15.97, -43.90
4.26, 0.0070, 14.82, 5.93, -0.04, -15.53, -45.14
4.27, 0.0060, 14.82, 5.83, -0.04, -15.61, -44.65
4.28, 0.0080, 14.82, 5.70, -0.04, -16.14, -47.02
4.28, 0.0060, 14.82, 5.60, -0.04, -16.78, -52.77
4.29, 0.0070, 14.82, 5.48, -0.04, -17.17, -58.65
4.30, 0.0060, 14.82, 5.38, -0.04, -17.13, -63.36
4.30, 0.0070, 14.82, 5.26, -0.04, -16.47, -65.18
4.31, 0.0060, 14.82, 5.17, -0.04, -15.23, -63.51
4.32, 0.0070, 14.82, 5.08, -0.04, -13.57, -57.90
4.32, 0.0070, 14.82, 4.99, -0.04, -12.09, -49.85
4.33, 0.0060, 14.82, 4.93, -0.04, -11.16, -42.66
4.34, 0.0070, 14.82, 4.85, -0.04, -10.45, -38.45
4.34, 0.0060, 14.82, 4.80, -0.04, -9.56, -35.66
4.35, 0.0070, 14.82, 4.74, -0.04, -8.06, -31.42
4.36, 0.0070, 14.82, 4.70, -0.04, -5.89, -23.57
4.36, 0.0060, 14.82, 4.68, -0.04, -3.29, -11.35
4.37, 0.0070, 14.82, 4.67, -0.04, -0.82, 3.86
4.37, 0.0060, 14.82, 4.68, -0.04, 1.06, 18.54
4.38, 0.0060, 14.82, 4.69, -0.04, 2.55, 29.96
4.39, 0.0070, 14.82, 4.72, -0.04, 3.46, 39.19
4.40, 0.0060, 14.82, 4.74, -0.04, 3.97, 45.12
4.40, 0.0080, 14.82, 4.78, -0.04, 4.35, 48.69
4.41, 0.0060, 14.82, 4.81, -0.04, 4.88, 51.62
4.41, 0.0060, 14.82, 4.84, -0.04, 5.42, 55.40
4.42, 0.0070, 14.82, 4.88, -0.04, 5.95, 59.29
4.43, 0.0060, 14.82, 4.92, -0.04, 6.34, 63.31
4.43, 0.0060, 14.82, 4.96, -0.04, 6.57, 66.38
4.44, 0.0070, 14.82, 5.00, -0.04, 6.65, 68.59
4.45, 0.0070, 14.82, 5.05, -0.04, 6.49, 70.02
4.45, 0.0060, 14.82, 5.09, -0.04, 5.99, 69.95
4.46, 0.0070, 14.82, 5.12, -0.04, 5.54, 67.63
4.47, 0.0060, 14.82, 5.16, -0.04, 5.78, 65.75
4.47, 0.0070, 14.82, 5.20, -0.04, 6.38, 67.86
4.48, 0.0060, 14.82, 5.24, -0.04, 6.70, 72.36
4.49, 0.0070, 14.82, 5.29, -0.04, 6.46, 75.11
4.49, 0.0070, 14.82, 5.33, -0.04, 5.60, 74.53
4.50, 0.0060, 14.82, 5.35, -0.04, 4.11, 70.20
4.51, 0.0060, 14.82, 5.37, -0.04, 2.07, 61.73
4.51, 0.0070, 14.82, 5.36, -0.04, -0.33, 49.76
4.52, 0.0060, 14.82, 5.35, -0.04, -2.52, 35.31
4.53, 0.0070, 14.82, 5.32, -0.04, -4.22, 21.83
4.53, 0.0070, 14.82, 5.28, -0.04, -5.51, 11.08
4.54, 0.0060, 14.82, 5.24, -0.04, -6.80, 2.54
4.54, 0.0070, 14.82, 5.18, -0.04, -8.35, -6.00
4.55, 0.0060, 14.82, 5.12, -0.04, -10.21, -16.48
4.56, 0.0060, 14.82, 5.05, -0.04, -12.30, -28.86
4.56, 0.0070, 14.82, 4.95, -0.04, -14.42, -42.90
4.57, 0.0070, 14.82, 4.83, -0.04, -16.30, -57.60
4.58, 0.0070, 14.82, 4.70, -0.04, -18.25, -71.19
4.58, 0.0060, 14.82, 4.58, -0.04, -19.81, -85.42
4.59, 0.0070, 14.82, 4.44, -0.04, -20.74, -97.15
4.60, 0.0060, 14.82, 4.31, -0.04, -20.94, -105.63
4.60, 0.0070, 14.82, 4.17, -0.04, -20.74, -109.37
4.61, 0.0060, 14.82, 4.05, -0.04, -20.40, -111.05
4.62, 0.0080, 14.82, 3.89, -0.04, -20.01, -111.51
4.62, 0.0060, 14.82, 3.77, -0.04, -19.44, -112.33
4.63, 0.0070, 14.82, 3.64, -0.04, -18.76, -111.25
4.64, 0.0060, 14.82, 3.53, -0.04, -18.12, -109.78
4.64, 0.0060, 14.82, 3.42, -0.04, -17.48, -108.15
4.65, 0.0070, 14.82, 3.31, -0.04, -16.86, -106.41
4.66, 0.0070, 14.82, 3.19, -0.04, -16.28, -105.03
4.66, 0.0070, 14.82, 3.08, -0.04, -15.66, -103.84
4.67, 0.0060, 14.82, 2.99, -0.04, -14.85, -102.29
4.68, 0.0070, 14.82, 2.90, -0.04, -13.65, -99.21
4.68, 0.0060, 14.82, 2.83, -0.04, -12.08, -93.97
4.69, 0.0070, 14.82, 2.75, -0.04, -10.21, -85.94
4.70, 0.0060, 14.82, 2.71, -0.04, -8.17, -76.19
4.70, 0.0080, 14.82, 2.66, -0.04, -6.00, -64.92
4.71, 0.0060, 14.82, 2.63, -0.04, -3.76, -52.86
4.72, 0.0060, 14.82, 2.63, -0.04, -1.43, -39.84
4.72, 0.0070, 14.82, 2.63, -0.04, 0.94, -26.07
4.73, 0.0060, 14.82, 2.65, -0.04, 3.01, -11.71
4.74, 0.0070, 14.82, 2.68, -0.04, 4.54, 1.09
4.74, 0.0070, 14.82, 2.72, -0.04, 5.84, 10.86
4.75, 0.0060, 14.82, 2.77, -0.04, 7.01, 19.53
4.76, 0.0070, 14.82, 2.82, -0.04, 8.50, 27.35
4.76, 0.0060, 14.82, 2.89, -0.04, 10.51, 37.49
4.77, 0.0060, 14.82, 2.97, -0.04, 12.91, 50.85
4.77, 0.0070, 14.82, 3.07, -0.04, 15.09, 66.75
4.78, 0.0060, 14.82, 3.17, -0.04, 16.40, 81.94
4.79, 0.0080, 14.82, 3.30, -0.04, 16.80, 91.79
4.79, 0.0060, 14.82, 3.40, -0.04, 16.73, 96.87
4.80, 0.0060, 14.82, 3.51, -0.04, 16.83, 98.48
4.81, 0.0070, 14.82, 3.63, -0.04, 17.30, 101.08
4.81, 0.0060, 14.82, 3.73, -0.04, 17.98, 106.34
4.82, 0.0070, 14.82, 3.86, -0.04, 18.51, 112.54
4.83, 0.0070, 14.82, 3.99, -0.04, 18.57, 118.34
4.83, 0.0070, 14.82, 4.12, -0.04, 18.13, 121.32
4.84, 0.0060, 14.82, 4.22, -0.04, 17.14, 121.17
4.85, 0.0070, 14.82, 4.33, -0.04, 15.85, 117.29
4.85, 0.0060, 14.82, 4.42, -0.04, 14.56, 111.80
4.86, 0.0070, 14.82, 4.52, -0.04, 13.55, 105.80
4.87, 0.0070, 14.82, 4.61, -0.04, 12.78, 101.64
4.87, 0.0070, 14.82, 4.69, -0.04, 12.07, 98.77
4.88, 0.0060, 14.82, 4.76, -0.04, 10.91, 96.25
4.89, 0.0060, 14.82, 4.81, -0.04, 9.00, 90.58
4.89, 0.0070, 14.82, 4.86, -0.04, 6.61, 80.18
4.90, 0.0060, 14.82, 4.88, -0.04, 4.05, 66.79
4.91, 0.0070, 14.82, 4.89, -0.04, 1.60, 51.94
4.91, 0.0070, 14.82, 4.89, -0.04, -0.65, 37.47
4.92, 0.0060, 14.82, 4.87, -0.04, -2.75, 23.84
4.93, 0.0070, 14.82, 4.84, -0.04, -4.43, 10.89
4.93, 0.0060, 14.82, 4.81, -0.04, -5.47, 0.24
4.94, 0.0060, 14.82, 4.77, -0.04, -6.30, -6.69
4.95, 0.0070, 14.82, 4.72, -0.04, -7.29, -12.40
4.95, 0.0060, 14.82, 4.66, -0.04, -9.10, -19.36
4.96, 0.0080, 14.82, 4.57, -0.04, -11.78, -31.33
4.97, 0.0060, 14.82, 4.48, -0.04, -14.94, -49.31
4.97, 0.0060, 14.82, 4.37, -0.04, -17.62, -70.02
4.98, 0.0070, 14.82, 4.24, -0.04, -19.25, -88.24
4.99, 0.0060, 14.82, 4.12, -0.04, -20.04, -100.72
4.99, 0.0070, 14.82, 3.98, -0.04, -20.37, -107.85
5.00, 0.0070, 14.82, 3.83, -0.04, -20.85, -112.66
5.01, 0.0070, 14.82, 3.68, -0.04, -21.52, -118.49
5.01, 0.0060, 14.82, 3.55, -0.04, -22.33, -125.54
5.02, 0.0070, 14.82, 3.38, -0.04, -23.12, -133.05
5.03, 0.0060, 14.82, 3.24, -0.04, -23.66, -141.01
5.03, 0.0070, 14.82, 3.07, -0.04, -23.88, -147.15
5.04, 0.0070, 14.82, 2.91, -0.04, -23.74, -151.80
5.05, 0.0070, 14.82, 2.74, -0.04, -23.47, -154.29
5.05, 0.0060, 14.82, 2.60, -0.04, -23.30, -155.91
5.06, 0.0070, 14.82, 2.44, -0.04, -23.37, -157.73
5.07, 0.0060, 14.82, 2.30, -0.04, -23.48, -161.42
5.07, 0.0070, 14.82, 2.13, -0.04, -23.71, -164.87
5.08, 0.0060, 14.82, 1.99, -0.04, -23.60, -169.60
5.09, 0.0080, 14.82, 1.81, -0.04, -22.86, -171.76
5.09, 0.0060, 14.82, 1.68, -0.04, -21.60, -170.96
5.10, 0.0070, 14.82, 1.54, -0.04, -19.82, -166.00
5.11, 0.0060, 14.82, 1.43, -0.04, -17.86, -158.10
5.11, 0.0070, 14.82, 1.32, -0.04, -16.25, -148.47
5.12, 0.0060, 14.82, 1.23, -0.04, -15.14, -141.11
5.13, 0.0080, 14.82, 1.12, -0.04, -14.29, -136.26
5.13, 0.0060, 14.82, 1.04, -0.04, -13.06, -133.45
5.14, 0.0070, 14.82, 0.96, -0.04, -11.14, -127.62
5.15, 0.0060, 14.82, 0.91, -0.04, -8.82, -117.65
5.15, 0.0070, 14.82, 0.86, -0.04, -7.09, -104.78
5.16, 0.0060, 14.82, 0.82, -0.04, -5.75, -95.44
5.17, 0.0060, 14.82, 0.79, -0.04, -4.52, -88.05
5.17, 0.0080, 14.82, 0.77, -0.04, -3.35, -81.20
5.18, 0.0060, 14.82, 0.76, -0.04, -1.36, -74.72
5.18, 0.0070, 14.82, 0.77, -0.04, 1.15, -62.95
5.19, 0.0060, 14.82, 0.79, -0.04, 4.09, -47.75
5.20, 0.0060, 14.82, 0.84, -0.04, 7.45, -29.59
5.20, 0.0070, 14.82, 0.92, -0.04, 11.22, -8.59
5.21, 0.0070, 14.82, 1.01, -0.04, 14.11, 15.63
5.22, 0.0070, 14.82, 1.12, -0.04, 15.53, 34.94
5.22, 0.0060, 14.82, 1.22, -0.04, 16.22, 45.66
5.23, 0.0060, 14.82, 1.32, -0.04, 16.85, 51.75
5.24, 0.0070, 14.82, 1.44, -0.04, 17.58, 57.53
5.24, 0.0060, 14.82, 1.56, -0.04, 18.65, 64.36
5.25, 0.0070, 14.82, 1.70, -0.04, 20.12, 73.02
5.26, 0.0070, 14.82, 1.85, -0.04, 21.78, 84.68
5.26, 0.0070, 14.82, 2.01, -0.04, 23.42, 97.65
5.27, 0.0060, 14.82, 2.16, -0.04, 24.97, 110.76
5.28, 0.0070, 14.82, 2.35, -0.04, 26.27, 123.11
5.28, 0.0060, 14.82, 2.51, -0.04, 27.23, 134.57
5.29, 0.0070, 14.82, 2.70, -0.04, 27.42, 143.60
5.30, 0.0070, 14.82, 2.89, -0.04, 27.00, 148.60
5.30, 0.0070, 14.82, 3.07, -0.04, 26.04, 149.82
5.31, 0.0060, 14.82, 3.22, -0.04, 25.06, 147.71
5.32, 0.0070, 14.82, 3.39, -0.04, 24.20, 144.82
5.32, 0.0060, 14.82, 3.53, -0.04, 23.09, 143.07
5.33, 0.0070, 14.82, 3.68, -0.04, 21.32, 139.18
5.34, 0.0060, 14.82, 3.79, -0.04, 18.76, 131.57
5.34, 0.0070, 14.82, 3.91, -0.04, 16.26, 118.41
5.35, 0.0070, 14.82, 4.01, -0.04, 15.05, 105.72
5.36, 0.0060, 14.82, 4.10, -0.04, 14.79, 100.57
5.36, 0.0070, 14.82, 4.20, -0.04, 14.67, 100.76
5.37, 0.0060, 14.82, 4.29, -0.04, 13.48, 102.11
5.38, 0.0070, 14.82, 4.36, -0.04, 10.35, 96.61
5.38, 0.0070, 14.82, 4.40, -0.04, 6.03, 79.24
5.39, 0.0070, 14.82, 4.41, -0.04, 1.40, 54.17
5.40, 0.0060, 14.82, 4.39, -0.04, -2.84, 26.58
5.40, 0.0060, 14.82, 4.35, -0.04, -7.12, 0.80
5.41, 0.0070, 14.82, 4.28, -0.04, -10.26, -25.69
5.42, 0.0060, 14.82, 4.21, -0.04, -11.98, -45.98
5.42, 0.0080, 14.82, 4.10, -0.04, -13.12, -57.75
5.43, 0.0060, 14.82, 4.01, -0.04, -14.47, -66.68
5.44, 0.0070, 14.82, 3.90, -0.04, -16.41, -76.50
5.44, 0.0060, 14.82, 3.79, -0.04, -18.98, -90.48
5.45, 0.0060, 14.82, 3.65, -0.04, -21.88, -108.13
5.45, 0.0070, 14.82, 3.48, -0.04, -24.75, -128.17
5.46, 0.0060, 14.82, 3.32, -0.04, -27.38, -148.88
5.47, 0.0080, 14.82, 3.08, -0.04, -29.45, -167.94
5.48, 0.0070, 14.82, 2.86, -0.04, -31.00, -185.05
5.48, 0.0060, 14.82, 2.67, -0.04, -32.37, -198.71
5.49, 0.0070, 14.82, 2.44, -0.04, -33.58, -210.84
5.49, 0.0060, 14.82, 2.23, -0.04, -34.82, -222.77
5.50, 0.0070, 14.82, 1.98, -0.04, -35.79, -234.42
5.51, 0.0070, 14.82, 1.72, -0.04, -36.36, -245.24
5.51, 0.0070, 14.82, 1.47, -0.04, -36.45, -253.72
5.52, 0.0060, 14.82, 1.25, -0.04, -35.85, -259.35
5.53, 0.0070, 14.82, 1.01, -0.04, -34.76, -260.05
5.53, 0.0060, 14.82, 0.81, -0.04, -33.53, -258.41
5.54, 0.0070, 14.82, 0.58, -0.04, -32.71, -255.05
5.55, 0.0060, 14.82, 0.38, -0.04, -32.42, -254.73
5.55, 0.0080, 14.82, 0.12, -0.04, -32.39, -256.88
5.56, 0.0060, 14.82, -0.07, -0.04, -31.93, -261.86
5.57, 0.0070, 14.82, -0.28, -0.04, -30.02, -262.91
5.57, 0.0060, 14.82, -0.44, -0.04, -26.64, -255.70
5.58, 0.0070, 14.82, -0.59, -0.04, -22.28, -238.61
5.59, 0.0060, 14.82, -0.70, -0.04, -18.38, -215.55
5.59, 0.0080, 14.82, -0.83, -0.04, -15.87, -194.36
5.60, 0.0060, 14.82, -0.92, -0.04, -14.29, -181.86
5.61, 0.0070, 14.82, -1.01, -0.04, -13.02, -174.06
5.61, 0.0060, 14.82, -1.08, -0.04, -11.40, -168.25
5.62, 0.0070, 14.82, -1.14, -0.04, -9.28, -159.90
5.63, 0.0060, 14.82, -1.18, -0.04, -6.45, -148.49
5.64, 0.0060, 14.82, -1.20, -0.04, -2.81, -132.31
5.64, 0.0080, 14.82, -1.19, -0.04, 1.40, -110.82
5.65, 0.0060, 14.82, -1.15, -0.04, 5.65, -85.30
5.65, 0.0070, 14.82, -1.09, -0.04, 9.38, -59.15
5.66, 0.0060, 14.82, -1.01, -0.04, 12.49, -35.46
5.67, 0.0060, 14.82, -0.92, -0.04, 14.92, -15.30
5.67, 0.0070, 14.82, -0.80, -0.04, 16.84, 1.07
5.68, 0.0070, 14.82, -0.67, -0.04, 18.77, 14.96
5.69, 0.0070, 14.82, -0.52, -0.04, 21.14, 29.15
5.69, 0.0060, 14.82, -0.38, -0.04, 24.01, 46.38
5.70, 0.0070, 14.82, -0.19, -0.04, 26.80, 66.47
5.71, 0.0060, 14.82, -0.02, -0.04, 29.19, 86.92
5.71, 0.0060, 14.82, 0.17, -0.04, 31.06, 104.80
5.72, 0.0070, 14.82, 0.39, -0.04, 32.25, 119.77
5.73, 0.0070, 14.82, 0.63, -0.04, 32.96, 131.40
5.73, 0.0070, 14.82, 0.86, -0.04, 33.27, 140.30
5.74, 0.0060, 14.82, 1.06, -0.04, 33.52, 146.81
5.75, 0.0070, 14.82, 1.29, -0.04, 33.61, 152.34
5.75, 0.0060, 14.82, 1.49, -0.04, 33.36, 157.55
5.76, 0.0070, 14.82, 1.72, -0.04, 32.48, 160.06
5.77, 0.0070, 14.82, 1.94, -0.04, 30.74, 159.31
5.77, 0.0070, 14.82, 2.14, -0.04, 28.35, 153.18
5.78, 0.0060, 14.82, 2.29, -0.04, 25.42, 142.81
5.79, 0.0070, 14.82, 2.45, -0.04, 22.70, 128.28
5.79, 0.0060, 14.82, 2.57, -0.04, 20.60, 115.15
5.80, 0.0070, 14.82, 2.70, -0.04, 18.79, 105.05
5.81, 0.0070, 14.82, 2.82, -0.04, 16.47, 96.78
5.81, 0.0070, 14.82, 2.91, -0.04, 13.16, 85.16
5.82, 0.0060, 14.82, 2.96, -0.04, 8.96, 67.14
5.83, 0.0060, 14.82, 2.99, -0.04, 4.12, 43.06
5.83, 0.0070, 14.82, 2.98, -0.04, -1.00, 14.49
5.84, 0.0060, 14.82, 2.94, -0.04, -6.15, -16.39
5.85, 0.0060, 14.82, 2.88, -0.04, -10.99, -48.00
5.85, 0.0080, 14.82, 2.76, -0.04, -15.22, -78.36
5.86, 0.0060, 14.82, 2.64, -0.04, -19.27, -106.21
5.86, 0.0070, 14.82, 2.48, -0.04, -23.55, -132.80
5.87, 0.0060, 14.82, 2.31, -0.04, -27.96, -161.80
5.88, 0.0070, 14.82, 2.08, -0.04, -32.29, -191.61
5.89, 0.0060, 14.82, 1.87, -0.04, -36.13, -222.12
5.89, 0.0080, 14.82, 1.55, -0.04, -39.75, -249.50
5.90, 0.0060, 14.82, 1.29, -0.04, -43.13, -277.53
5.91, 0.0070, 14.82, 0.96, -0.04, -46.45, -303.01
5.91, 0.0060, 14.82, 0.67, -0.04, -49.44, -329.40
5.92, 0.0070, 14.82, 0.31, -0.04, -51.71, -353.31
5.93, 0.0060, 14.82, -0.02, -0.04, -53.69, -374.16
5.93, 0.0070, 14.82, -0.41, -0.04, -55.63, -392.49
5.94, 0.0070, 14.82, -0.81, -0.04, -57.65, -411.90
5.95, 0.0070, 14.82, -1.22, -0.04, -59.28, -432.07
5.95, 0.0060, 14.82, -1.59, -0.04, -60.43, -450.19
5.96, 0.0070, 14.82, -2.01, -0.04, -60.81, -464.34
5.97, 0.0060, 14.82, -2.38, -0.04, -60.44, -475.14
5.97, 0.0070, 14.82, -2.79, -0.04, -59.59, -480.18
5.98, 0.0070, 14.82, -3.20, -0.04, -58.56, -483.41
5.99, 0.0070, 14.82, -3.61, -0.04, -57.88, -485.42
5.99, 0.0060, 14.82, -3.96, -0.04, -57.83, -489.45
6.00, 0.0070, 14.82, -4.36, -0.04, -57.81, -496.05
6.01, 0.0060, 14.82, -4.70, -0.04, -57.03, -504.04
6.01, 0.0070, 14.82, -5.09, -0.04, -54.79, -506.19
6.02, 0.0060, 14.82, -5.39, -0.04, -51.31, -500.47
6.03, 0.0080, 14.82, -5.77, -0.04, -47.47, -485.72
6.03, 0.0060, 14.82, -6.04, -0.04, -44.48, -470.28
6.04, 0.0070, 14.82, -6.34, -0.04, -42.79, -457.67
6.05, 0.0060, 14.82, -6.59, -0.04, -42.10, -453.52
6.05, 0.0070, 14.82, -6.88, -0.04, -41.36, -454.43
6.06, 0.0060, 14.82, -7.12, -0.04, -39.62, -455.80
6.07, 0.0080, 14.82, -7.41, -0.04, -36.24, -450.09
6.07, 0.0060, 14.82, -7.60, -0.04, -31.95, -435.60
6.08, 0.0070, 14.82, -7.80, -0.04, -27.85, -413.69
6.09, 0.0060, 14.82, -7.95, -0.04, -25.62, -393.04
6.09, 0.0070, 14.82, -8.12, -0.04, -24.93, -382.74
6.10, 0.0060, 14.82, -8.27, -0.04, -24.86, -382.06
6.11, 0.0080, 14.82, -8.47, -0.04, -23.97, -384.64
6.11, 0.0060, 14.82, -8.60, -0.04, -22.15, -383.15
6.12, 0.0070, 14.82, -8.74, -0.04, -19.99, -374.83
6.13, 0.0060, 14.82, -8.84, -0.04, -17.72, -364.71
6.13, 0.0070, 14.82, -8.95, -0.04, -15.53, -353.21
6.14, 0.0060, 14.82, -9.04, -0.04, -13.85, -342.26
6.15, 0.0070, 14.82, -9.12, -0.04, -12.70, -333.83
6.15, 0.0070, 14.82, -9.21, -0.04, -11.65, -328.71
6.16, 0.0070, 14.82, -9.28, -0.04, -10.72, -324.04
6.17, 0.0060, 14.82, -9.34, -0.04, -9.84, -319.98
6.17, 0.0070, 14.82, -9.40, -0.04, -9.13, -315.84
6.18, 0.0060, 14.82, -9.46, -0.04, -8.64, -312.86
6.18, 0.0070, 14.82, -9.51, -0.04, -8.10, -310.98
6.19, 0.0070, 14.82, -9.56, -0.04, -7.19, -308.89
6.20, 0.0060, 14.82, -9.60, -0.04, -6.09, -304.38
6.20, 0.0070, 14.82, -9.64, -0.04, -5.09, -298.55
6.21, 0.0060, 14.82, -9.66, -0.04, -4.52, -293.25
6.22, 0.0070, 14.82, -9.69, -0.04, -4.49, -290.38
6.22, 0.0060, 14.82, -9.72, -0.04, -4.86, -290.85
6.23, 0.0070, 14.82, -9.76, -0.04, -4.92, -293.62
6.24, 0.0070, 14.82, -9.79, -0.04, -4.33, -294.70
6.24, 0.0070, 14.82, -9.81, -0.04, -3.04, -291.77
6.25, 0.0060, 14.82, -9.82, -0.04, -1.82, -284.41
6.26, 0.0060, 14.82, -9.83, -0.04, -1.31, -277.30
6.26, 0.0070, 14.82, -9.84, -0.04, -1.92, -274.45
6.27, 0.0060, 14.82, -9.86, -0.04, -3.33, -278.36
6.28, 0.0080, 14.82, -9.90, -0.04, -4.78, -287.24
6.28, 0.0060, 14.82, -9.93, -0.04, -5.10, -296.71
6.29, 0.0070, 14.82, -9.96, -0.04, -4.32, -299.21
6.30, 0.0060, 14.82, -9.98, -0.04, -2.84, -295.13
6.30, 0.0070, 14.82, -9.99, -0.04, -1.76, -286.59
6.31, 0.0060, 14.82, -10.00, -0.04, -1.51, -280.34
6.32, 0.0060, 14.82, -10.01, -0.04, -2.04, -279.05
6.32, 0.0080, 14.82, -10.04, -0.04, -3.26, -282.45
6.33, 0.0060, 14.82, -10.07, -0.04, -4.75, -290.28
6.34, 0.0070, 14.82, -10.11, -0.04, -5.61, -299.80
6.34, 0.0060, 14.82, -10.14, -0.04, -5.86, -305.79
6.35, 0.0070, 14.82, -10.18, -0.04, -5.78, -307.95
6.36, 0.0060, 14.82, -10.21, -0.04, -5.41, -308.29
6.36, 0.0080, 14.82, -10.25, -0.04, -4.97, -306.75
6.37, 0.0060, 14.82, -10.28, -0.04, -4.60, -304.89
6.38, 0.0070, 14.82, -10.31, -0.04, -4.34, -303.20
6.38, 0.0060, 14.82, -10.34, -0.04, -4.04, -302.26
6.39, 0.0070, 14.82, -10.36, -0.04, -3.50, -300.97
6.40, 0.0060, 14.82, -10.38, -0.04, -2.78, -298.22
6.40, 0.0080, 14.82, -10.39, -0.04, -1.96, -294.20
6.41, 0.0060, 14.82, -10.40, -0.04, -1.28, -289.58
6.42, 0.0070, 14.82, -10.40, -0.04, -0.68, -285.65
6.42, 0.0060, 14.82, -10.40, -0.04, 0.27, -282.18
6.43, 0.0070, 14.82, -10.39, -0.04, 1.75, -276.44
6.44, 0.0060, 14.82, -10.37, -0.04, 3.31, -267.30
6.44, 0.0070, 14.82, -10.34, -0.04, 4.12, -257.58
6.45, 0.0070, 14.82, -10.31, -0.04, 4.21, -252.13
6.46, 0.0070, 14.82, -10.29, -0.04, 3.93, -251.01
6.46, 0.0060, 14.82, -10.26, -0.04, 3.92, -252.13
6.47, 0.0070, 14.82, -10.23, -0.04, 4.63, -251.72
6.48, 0.0060, 14.82, -10.19, -0.04, 6.11, -246.82
6.48, 0.0070, 14.82, -10.14, -0.04, 8.05, -237.17
6.49, 0.0070, 14.82, -10.07, -0.04, 9.97, -224.43
6.50, 0.0070, 14.82, -9.99, -0.04, 11.51, -211.50
6.50, 0.0060, 14.82, -9.91, -0.04, 12.32, -200.67
6.51, 0.0070, 14.82, -9.82, -0.04, 12.57, -194.35
6.52, 0.0060, 14.82, -9.75, -0.04, 12.80, -191.05
6.52, 0.0070, 14.82, -9.65, -0.04, 13.57, -188.16
6.53, 0.0060, 14.82, -9.56, -0.04, 15.32, -181.65
6.54, 0.0080, 14.82, -9.42, -0.04, 17.58, -169.31
6.54, 0.0060, 14.82, -9.30, -0.04, 19.87, -152.89
6.55, 0.0070, 14.82, -9.15, -0.04, 21.64, -136.79
6.56, 0.0060, 14.82, -9.01, -0.04, 22.41, -123.12
6.56, 0.0070, 14.82, -8.86, -0.04, 22.46, -115.85
6.57, 0.0060, 14.82, -8.72, -0.04, 22.24, -112.41
6.58, 0.0080, 14.82, -8.54, -0.04, 22.75, -111.06
6.58, 0.0060, 14.82, -8.40, -0.04, 23.65, -104.31
6.59, 0.0070, 14.82, -8.23, -0.04, 24.49, -96.09
6.60, 0.0060, 14.82, -8.08, -0.04, 25.01, -87.65
6.60, 0.0070, 14.82, -7.90, -0.04, 25.12, -81.53
6.61, 0.0060, 14.82, -7.75, -0.04, 25.06, -77.35
6.62, 0.0070, 14.82, -7.58, -0.04, 24.93, -74.66
6.62, 0.0070, 14.82, -7.41, -0.04, 24.52, -71.97
6.63, 0.0060, 14.82, -7.26, -0.04, 23.89, -71.03
6.64, 0.0070, 14.82, -7.10, -0.04, 23.55, -71.90
6.64, 0.0060, 14.82, -6.95, -0.04, 24.02, -70.65
6.65, 0.0070, 14.82, -6.78, -0.04, 25.05, -64.93
6.66, 0.0060, 14.82, -6.62, -0.04, 26.36, -55.25
6.66, 0.0080, 14.82, -6.40, -0.04, 27.25, -44.27
6.67, 0.0060, 14.82, -6.24, -0.04, 27.37, -34.57
6.68, 0.0070, 14.82, -6.05, -0.04, 26.95, -30.52
6.68, 0.0060, 14.82, -5.89, -0.04, 26.53, -29.31
6.69, 0.0060, 14.82, -5.73, -0.04, 26.28, -28.63
6.69, 0.0070, 14.82, -5.55, -0.04, 26.12, -26.96
6.70, 0.0060, 14.82, -5.39, -0.04, 26.20, -24.25
6.71, 0.0080, 14.82, -5.18, -0.04, 26.56, -20.63
6.72, 0.0060, 14.82, -5.02, -0.04, 26.99, -14.25
6.72, 0.0070, 14.82, -4.83, -0.04, 27.37, -8.45
6.73, 0.0060, 14.82, -4.66, -0.04, 27.58, -2.30
6.73, 0.0060, 14.82, -4.49, -0.04, 27.73, 2.27
6.74, 0.0070, 14.82, -4.30, -0.04, 27.93, 6.46
6.75, 0.0070, 14.82, -4.10, -0.04, 28.28, 11.57
6.75, 0.0070, 14.82, -3.90, -0.04, 28.86, 17.65
6.76, 0.0060, 14.82, -3.72, -0.04, 29.38, 25.19
6.77, 0.0070, 14.82, -3.52, -0.04, 29.64, 31.85
6.77, 0.0060, 14.82, -3.34, -0.04, 29.08, 37.52
6.78, 0.0060, 14.82, -3.17, -0.04, 28.31, 37.65
6.79, 0.0080, 14.82, -2.95, -0.04, 27.79, 36.43
6.79, 0.0060, 14.82, -2.78, -0.04, 27.74, 37.76
6.80, 0.0070, 14.82, -2.59, -0.04, 28.09, 40.79
6.81, 0.0060, 14.82, -2.41, -0.04, 28.54, 46.85
6.81, 0.0070, 14.82, -2.21, -0.04, 28.88, 52.97
6.82, 0.0060, 14.82, -2.04, -0.04, 29.04, 59.05
6.83, 0.0060, 14.82, -1.86, -0.04, 29.03, 63.47
6.83, 0.0080, 14.82, -1.63, -0.04, 28.77, 66.88
6.84, 0.0060, 14.82, -1.46, -0.04, 28.34, 69.94
6.85, 0.0070, 14.82, -1.27, -0.04, 27.83, 70.74
6.85, 0.0060, 14.82, -1.11, -0.04, 27.22, 71.58
6.86, 0.0070, 14.82, -0.92, -0.04, 26.72, 71.18
6.86, 0.0060, 14.82, -0.76, -0.04, 26.51, 71.97
6.87, 0.0060, 14.82, -0.60, -0.04, 26.26, 73.85
6.88, 0.0080, 14.82, -0.40, -0.04, 25.67, 75.52
6.89, 0.0060, 14.82, -0.25, -0.04, 24.76, 76.08
6.89, 0.0070, 14.82, -0.08, -0.04, 23.80, 73.61
6.90, 0.0060, 14.82, 0.06, -0.04, 22.92, 71.16
6.91, 0.0070, 14.82, 0.21, -0.04, 22.13, 68.65
6.91, 0.0060, 14.82, 0.34, -0.04, 21.46, 66.98
6.92, 0.0070, 14.82, 0.49, -0.04, 20.81, 65.55
6.93, 0.0070, 14.82, 0.63, -0.04, 19.95, 64.56
6.93, 0.0060, 14.82, 0.74, -0.04, 18.62, 62.21
6.94, 0.0070, 14.82, 0.85, -0.04, 16.85, 56.47
6.95, 0.0060, 14.82, 0.94, -0.04, 14.91, 48.22
6.95, 0.0070, 14.82, 1.04, -0.04, 13.15, 38.36
6.96, 0.0070, 14.82, 1.12, -0.04, 11.77, 29.60
6.97, 0.0070, 14.82, 1.19, -0.04, 10.79, 22.99
6.97, 0.0060, 14.82, 1.25, -0.04, 10.11, 18.64
6.98, 0.0060, 14.82, 1.31, -0.04, 9.53, 15.75
6.98, 0.0070, 14.82, 1.37, -0.04, 8.81, 13.41
6.99, 0.0060, 14.82, 1.42, -0.04, 7.73, 10.31
7.00, 0.0070, 14.82, 1.46, -0.04, 6.33, 4.77
7.00, 0.0070, 14.82, 1.50, -0.04, 4.76, -2.73
7.01, 0.0060, 14.82, 1.52, -0.04, 3.34, -11.51
7.02, 0.0070, 14.82, 1.54, -0.04, 2.50, -19.60
7.02, 0.0060, 14.82, 1.55, -0.04, 2.18, -24.32
7.03, 0.0060, 14.82, 1.56, -0.04, 2.16, -25.98
7.04, 0.0070, 14.82, 1.58, -0.04, 2.04, -25.79
7.04, 0.0070, 14.82, 1.59, -0.04, 1.58, -26.24
7.05, 0.0070, 14.82, 1.59, -0.04, 0.97, -28.76
7.06, 0.0060, 14.82, 1.60, -0.04, 0.41, -32.33
7.06, 0.0060, 14.82, 1.60, -0.04, 0.08, -35.60
7.07, 0.0070, 14.82, 1.60, -0.04, 0.14, -37.59
