3.60, 3.5930, 15.31, 15.31, -0.04, -0.00, 0.00
3.60, 0.0060, 15.31, 15.31, -0.04, -0.00, 236.19
3.61, 0.0070, 15.31, 15.31, -0.04, -0.00, 236.19
3.62, 0.0060, 15.31, 15.31, -0.04, -0.00, 236.17
3.62, 0.0070, 15.31, 15.31, -0.04, -0.00, 236.17
3.63, 0.0060, 15.31, 15.31, -0.04, 0.01, 236.18
3.64, 0.0080, 15.31, 15.31, -0.04, 0.03, 236.25
3.64, 0.0060, 15.31, 15.31, -0.04, 0.04, 236.39
3.65, 0.0060, 15.31, 15.31, -0.04, -0.14, 236.43
3.66, 0.0070, 15.31, 15.30, -0.04, -0.72, 235.34
3.66, 0.0060, 15.31, 15.29, -0.04, -1.66, 231.79
3.67, 0.0070, 15.31, 15.27, -0.04, -2.88, 225.96
3.68, 0.0070, 15.31, 15.24, -0.04, -4.28, 218.20
3.68, 0.0070, 15.31, 15.20, -0.04, -5.84, 209.22
3.69, 0.0060, 15.31, 15.16, -0.04, -7.39, 199.06
3.70, 0.0070, 15.31, 15.10, -0.04, -8.88, 188.86
3.70, 0.0060, 15.31, 15.04, -0.04, -10.05, 178.67
3.71, 0.0070, 15.31, 14.96, -0.04, -10.86, 170.41
3.72, 0.0070, 15.31, 14.88, -0.04, -11.40, 164.05
3.72, 0.0070, 15.31, 14.80, -0.04, -11.92, 159.20
3.73, 0.0060, 15.31, 14.72, -0.04, -12.93, 154.42
3.74, 0.0070, 15.31, 14.62, -0.04, -14.72, 146.80
3.74, 0.0060, 15.31, 14.52, -0.04, -16.89, 134.03
3.75, 0.0070, 15.31, 14.39, -0.04, -18.60, 119.00
3.76, 0.0060, 15.31, 14.27, -0.04, -19.42, 106.10
3.76, 0.0080, 15.31, 14.11, -0.04, -20.19, 98.87
3.77, 0.0060, 15.31, 13.98, -0.04, -21.51, 91.00
3.78, 0.0070, 15.31, 13.81, -0.04, -23.44, 80.49
3.78, 0.0060, 15.31, 13.66, -0.04, -25.57, 65.64
3.79, 0.0070, 15.31, 13.47, -0.04, -27.51, 49.80
3.79, 0.0060, 15.31, 13.29, -0.04, -28.98, 34.29
3.80, 0.0080, 15.31, 13.05, -0.04, -30.12, 22.02
3.81, 0.0060, 15.31, 12.87, -0.04, -30.54, 10.36
3.82, 0.0060, 15.31, 12.69, -0.04, -30.49, 4.19
3.82, 0.0070, 15.31, 12.47, -0.04, -30.35, 0.78
3.83, 0.0060, 15.31, 12.29, -0.04, -31.30, -2.63
3.83, 0.0070, 15.31, 12.05, -0.04, -33.18, -12.06
3.84, 0.0060, 15.31, 11.84, -0.04, -35.38, -27.98
3.85, 0.0080, 15.31, 11.55, -0.04, -36.98, -45.46
3.86, 0.0060, 15.31, 11.32, -0.04, -37.52, -60.94
3.86, 0.0070, 15.31, 11.06, -0.04, -37.01, -68.71
3.87, 0.0060, 15.31, 10.85, -0.04, -35.66, -70.79
3.87, 0.0070, 15.31, 10.61, -0.04, -33.65, -66.98
3.88, 0.0060, 15.31, 10.42, -0.04, -31.67, -59.63
3.89, 0.0080, 15.31, 10.18, -0.04, -30.45, -51.55
3.90, 0.0060, 15.31, 10.00, -0.04, -29.81, -49.14
3.90, 0.0070, 15.31, 9.79, -0.04, -29.79, -48.88
3.91, 0.0060, 15.31, 9.61, -0.04, -29.86, -52.92
3.91, 0.0070, 15.31, 9.41, -0.04, -29.50, -56.92
3.92, 0.0060, 15.31, 9.23, -0.04, -29.00, -58.88
3.93, 0.0070, 15.31, 9.03, -0.04, -28.39, -59.38
3.93, 0.0070, 15.31, 8.84, -0.04, -27.44, -59.69
3.94, 0.0060, 15.31, 8.69, -0.04, -25.85, -57.79
3.95, 0.0070, 15.31, 8.52, -0.04, -23.95, -51.39
3.95, 0.0060, 15.31, 8.39, -0.04, -22.20, -43.36
3.96, 0.0070, 15.31, 8.24, -0.04, -20.80, -35.50
3.97, 0.0060, 15.31, 8.12, -0.04, -19.35, -30.00
3.97, 0.0080, 15.31, 7.98, -0.04, -17.80, -23.61
3.98, 0.0060, 15.31, 7.88, -0.04, -16.27, -17.17
3.99, 0.0070, 15.31, 7.78, -0.04, -14.94, -9.94
3.99, 0.0060, 15.31, 7.70, -0.04, -13.79, -4.07
4.00, 0.0060, 15.31, 7.62, -0.04, -12.55, 1.16
4.01, 0.0070, 15.31, 7.54, -0.04, -11.55, 7.09
4.01, 0.0060, 15.31, 7.48, -0.04, -10.63, 11.49
4.02, 0.0080, 15.31, 7.40, -0.04, -9.71, 15.74
4.03, 0.0060, 15.31, 7.35, -0.04, -7.99, 19.71
4.03, 0.0060, 15.31, 7.31, -0.04, -6.09, 29.10
4.04, 0.0070, 15.31, 7.28, -0.04, -4.28, 39.77
4.05, 0.0060, 15.31, 7.27, -0.04, -2.99, 50.02
4.05, 0.0070, 15.31, 7.25, -0.04, -2.12, 57.40
4.06, 0.0070, 15.31, 7.24, -0.04, -1.55, 62.31
4.07, 0.0060, 15.31, 7.23, -0.04, -1.03, 65.52
4.07, 0.0070, 15.31, 7.23, -0.04, -0.86, 68.52
4.08, 0.0060, 15.31, 7.22, -0.04, -0.69, 69.42
4.09, 0.0060, 15.31, 7.22, -0.04, -0.20, 70.33
4.09, 0.0070, 15.31, 7.22, -0.04, 0.21, 73.24
4.10, 0.0060, 15.31, 7.23, -0.04, 0.54, 75.72
4.11, 0.0080, 15.31, 7.23, -0.04, 0.43, 77.82
4.11, 0.0060, 15.31, 7.23, -0.04, -0.34, 77.20
4.12, 0.0060, 15.31, 7.22, -0.04, -1.05, 72.52
4.12, 0.0070, 15.31, 7.22, -0.04, -1.05, 68.14
4.13, 0.0060, 15.31, 7.21, -0.04, -0.19, 67.99
4.14, 0.0060, 15.31, 7.22, -0.04, 0.74, 73.14
4.14, 0.0080, 15.31, 7.23, -0.04, 0.93, 78.79
4.15, 0.0060, 15.31, 7.23, -0.04, -0.02, 80.12
4.16, 0.0070, 15.31, 7.22, -0.04, -1.33, 74.37
4.16, 0.0060, 15.31, 7.20, -0.04, -2.45, 66.36
4.17, 0.0060, 15.31, 7.18, -0.04, -3.07, 59.31
4.18, 0.0070, 15.31, 7.16, -0.04, -3.28, 55.26
4.18, 0.0060, 15.31, 7.14, -0.04, -3.28, 53.50
4.19, 0.0070, 15.31, 7.12, -0.04, -3.51, 53.13
4.20, 0.0070, 15.31, 7.09, -0.04, -4.22, 51.25
4.20, 0.0060, 15.31, 7.05, -0.04, -5.58, 46.40
4.21, 0.0070, 15.31, 7.00, -0.04, -7.48, 37.57
4.22, 0.0060, 15.31, 6.94, -0.04, -9.50, 25.14
4.22, 0.0060, 15.31, 6.88, -0.04, -11.10, 11.90
4.23, 0.0080, 15.31, 6.78, -0.04, -11.68, 0.96
4.24, 0.0060, 15.31, 6.71, -0.04, -11.53, -4.42
4.24, 0.0070, 15.31, 6.64, -0.04, -11.16, -4.91
4.25, 0.0060, 15.31, 6.57, -0.04, -11.28, -4.25
4.26, 0.0060, 15.31, 6.50, -0.04, -12.22, -6.32
4.26, 0.0070, 15.31, 6.40, -0.04, -13.81, -13.42
4.27, 0.0060, 15.31, 6.31, -0.04, -15.33, -24.86
4.28, 0.0080, 15.31, 6.18, -0.04, -16.24, -35.87
4.28, 0.0060, 15.31, 6.08, -0.04, -16.23, -43.89
4.29, 0.0070, 15.31, 5.97, -0.04, -15.44, -45.78
4.29, 0.0060, 15.31, 5.88, -0.04, -14.48, -43.20
4.30, 0.0060, 15.31, 5.80, -0.04, -13.66, -39.21
4.31, 0.0070, 15.31, 5.71, -0.04, -12.97, -35.89
4.32, 0.0070, 15.31, 5.62, -0.04, -12.43, -33.61
4.32, 0.0070, 15.31, 5.54, -0.04, -12.04, -32.09
4.33, 0.0060, 15.31, 5.47, -0.04, -11.75, -31.42
4.33, 0.0070, 15.31, 5.39, -0.04, -11.42, -31.09
4.34, 0.0060, 15.31, 5.32, -0.04, -10.90, -30.72
4.35, 0.0070, 15.31, 5.26, -0.04, -9.94, -28.90
4.35, 0.0060, 15.31, 5.20, -0.04, -8.52, -24.54
4.36, 0.0070, 15.31, 5.15, -0.04, -7.14, -17.06
4.37, 0.0070, 15.31, 5.11, -0.04, -5.94, -9.75
4.37, 0.0060, 15.31, 5.08, -0.04, -4.93, -3.40
4.38, 0.0060, 15.31, 5.06, -0.04, -3.99, 2.07
4.39, 0.0070, 15.31, 5.04, -0.04, -3.03, 7.27
4.39, 0.0060, 15.31, 5.03, -0.04, -1.90, 12.56
4.40, 0.0070, 15.31, 5.02, -0.04, -0.27, 19.14
4.41, 0.0070, 15.31, 5.03, -0.04, 1.50, 28.85
4.41, 0.0060, 15.31, 5.05, -0.04, 2.96, 39.68
4.42, 0.0060, 15.31, 5.07, -0.04, 3.57, 48.79
4.43, 0.0070, 15.31, 5.10, -0.04, 3.21, 52.89
4.43, 0.0060, 15.31, 5.11, -0.04, 2.35, 51.16
4.44, 0.0070, 15.31, 5.12, -0.04, 1.48, 46.33
4.45, 0.0070, 15.31, 5.13, -0.04, 1.15, 41.32
4.45, 0.0060, 15.31, 5.14, -0.04, 1.71, 39.48
4.46, 0.0070, 15.31, 5.16, -0.04, 2.82, 43.06
4.46, 0.0060, 15.31, 5.18, -0.04, 4.15, 50.12
4.47, 0.0060, 15.31, 5.22, -0.04, 5.20, 58.57
4.48, 0.0070, 15.31, 5.25, -0.04, 5.50, 65.53
4.49, 0.0070, 15.31, 5.29, -0.04, 4.97, 68.07
4.49, 0.0070, 15.31, 5.32, -0.04, 3.98, 65.61
4.50, 0.0060, 15.31, 5.34, -0.04, 3.12, 60.20
4.50, 0.0060, 15.31, 5.35, -0.04, 2.52, 55.45
4.51, 0.0070, 15.31, 5.36, -0.04, 2.09, 52.11
4.52, 0.0060, 15.31, 5.38, -0.04, 1.83, 49.86
4.52, 0.0060, 15.31, 5.38, -0.04, 1.45, 48.49
4.53, 0.0080, 15.31, 5.39, -0.04, 0.74, 46.38
4.54, 0.0060, 15.31, 5.39, -0.04, -0.44, 42.22
4.54, 0.0070, 15.31, 5.37, -0.04, -2.07, 35.14
4.55, 0.0060, 15.31, 5.35, -0.04, -3.71, 25.05
4.56, 0.0060, 15.31, 5.32, -0.04, -5.00, 14.76
4.56, 0.0070, 15.31, 5.28, -0.04, -5.92, 6.42
4.57, 0.0070, 15.31, 5.23, -0.04, -6.52, 0.08
4.58, 0.0060, 15.31, 5.19, -0.04, -7.06, -4.43
4.58, 0.0070, 15.31, 5.14, -0.04, -7.67, -8.52
4.59, 0.0060, 15.31, 5.09, -0.04, -8.59, -13.24
4.59, 0.0060, 15.31, 5.03, -0.04, -10.13, -19.83
4.60, 0.0070, 15.31, 4.94, -0.04, -11.78, -30.29
4.61, 0.0060, 15.31, 4.87, -0.04, -12.97, -41.81
4.61, 0.0080, 15.31, 4.76, -0.04, -13.09, -50.50
4.62, 0.0060, 15.31, 4.69, -0.04, -12.11, -53.35
4.63, 0.0070, 15.31, 4.61, -0.04, -10.66, -48.93
4.63, 0.0060, 15.31, 4.56, -0.04, -9.44, -41.71
4.64, 0.0060, 15.31, 4.50, -0.04, -8.94, -35.50
4.65, 0.0070, 15.31, 4.44, -0.04, -9.18, -33.56
4.66, 0.0070, 15.31, 4.37, -0.04, -9.79, -36.30
4.66, 0.0070, 15.31, 4.30, -0.04, -10.53, -41.31
4.67, 0.0060, 15.31, 4.23, -0.04, -10.95, -47.23
4.67, 0.0070, 15.31, 4.16, -0.04, -10.63, -51.09
4.68, 0.0060, 15.31, 4.10, -0.04, -9.51, -50.62
4.69, 0.0060, 15.31, 4.05, -0.04, -8.00, -45.09
4.69, 0.0070, 15.31, 4.00, -0.04, -6.77, -36.99
4.70, 0.0070, 15.31, 3.96, -0.04, -5.99, -30.55
4.71, 0.0070, 15.31, 3.92, -0.04, -5.48, -26.71
4.71, 0.0060, 15.31, 3.89, -0.04, -5.06, -24.40
4.72, 0.0060, 15.31, 3.87, -0.04, -4.53, -22.51
4.73, 0.0070, 15.31, 3.84, -0.04, -3.56, -19.83
4.73, 0.0060, 15.31, 3.83, -0.04, -2.12, -14.54
4.74, 0.0070, 15.31, 3.83, -0.04, -0.33, -6.13
4.75, 0.0070, 15.31, 3.84, -0.04, 1.28, 4.53
4.75, 0.0060, 15.31, 3.85, -0.04, 2.45, 14.38
4.76, 0.0060, 15.31, 3.87, -0.04, 3.29, 21.70
4.76, 0.0070, 15.31, 3.90, -0.04, 3.85, 27.11
4.77, 0.0060, 15.31, 3.92, -0.04, 4.32, 31.06
4.78, 0.0070, 15.31, 3.96, -0.04, 4.85, 34.39
4.78, 0.0070, 15.31, 4.00, -0.04, 5.56, 38.24
4.79, 0.0060, 15.31, 4.03, -0.04, 6.48, 43.27
4.80, 0.0070, 15.31, 4.09, -0.04, 7.44, 49.54
4.80, 0.0060, 15.31, 4.14, -0.04, 8.27, 56.39
4.81, 0.0060, 15.31, 4.19, -0.04, 8.76, 62.33
4.82, 0.0070, 15.31, 4.25, -0.04, 8.91, 66.36
4.82, 0.0060, 15.31, 4.30, -0.04, 8.80, 68.50
4.83, 0.0080, 15.31, 4.37, -0.04, 8.73, 68.88
4.84, 0.0060, 15.31, 4.43, -0.04, 8.95, 69.86
4.84, 0.0060, 15.31, 4.48, -0.04, 9.20, 72.22
4.85, 0.0070, 15.31, 4.55, -0.04, 9.25, 74.84
4.86, 0.0060, 15.31, 4.60, -0.04, 8.91, 76.45
4.86, 0.0060, 15.31, 4.65, -0.04, 8.03, 75.46
4.87, 0.0080, 15.31, 4.70, -0.04, 6.62, 71.15
4.88, 0.0060, 15.31, 4.73, -0.04, 5.04, 63.78
4.88, 0.0070, 15.31, 4.76, -0.04, 3.74, 54.87
4.89, 0.0060, 15.31, 4.78, -0.04, 2.98, 47.59
4.90, 0.0060, 15.31, 4.79, -0.04, 2.66, 43.39
4.90, 0.0070, 15.31, 4.81, -0.04, 2.46, 41.82
4.91, 0.0060, 15.31, 4.82, -0.04, 2.02, 40.96
4.92, 0.0070, 15.31, 4.83, -0.04, 1.07, 38.52
4.92, 0.0070, 15.31, 4.83, -0.04, -0.48, 33.01
4.93, 0.0060, 15.31, 4.81, -0.04, -2.41, 23.62
4.94, 0.0070, 15.31, 4.78, -0.04, -4.28, 11.78
4.94, 0.0060, 15.31, 4.75, -0.04, -5.80, -0.08
4.95, 0.0060, 15.31, 4.70, -0.04, -6.90, -9.88
4.96, 0.0080, 15.31, 4.64, -0.04, -7.76, -17.28
4.96, 0.0060, 15.31, 4.59, -0.04, -8.52, -23.71
4.97, 0.0060, 15.31, 4.54, -0.04, -9.08, -29.30
4.97, 0.0070, 15.31, 4.47, -0.04, -9.45, -33.73
4.98, 0.0060, 15.31, 4.41, -0.04, -9.70, -37.31
4.99, 0.0070, 15.31, 4.34, -0.04, -10.00, -39.96
4.99, 0.0060, 15.31, 4.28, -0.04, -10.47, -43.15
5.00, 0.0070, 15.31, 4.20, -0.04, -11.01, -47.22
5.01, 0.0070, 15.31, 4.12, -0.04, -11.50, -52.03
5.01, 0.0060, 15.31, 4.05, -0.04, -11.80, -56.52
5.02, 0.0070, 15.31, 3.97, -0.04, -11.79, -59.78
5.03, 0.0060, 15.31, 3.90, -0.04, -11.42, -61.34
5.03, 0.0070, 15.31, 3.82, -0.04, -10.83, -60.49
5.04, 0.0070, 15.31, 3.75, -0.04, -10.20, -58.51
5.05, 0.0060, 15.31, 3.70, -0.04, -9.61, -56.14
5.05, 0.0070, 15.31, 3.63, -0.04, -8.96, -53.74
5.06, 0.0060, 15.31, 3.58, -0.04, -8.13, -51.11
5.07, 0.0070, 15.31, 3.54, -0.04, -6.93, -47.08
5.07, 0.0060, 15.31, 3.50, -0.04, -5.41, -40.89
5.08, 0.0060, 15.31, 3.48, -0.04, -3.67, -32.40
5.09, 0.0080, 15.31, 3.46, -0.04, -2.07, -22.40
5.09, 0.0060, 15.31, 3.46, -0.04, -0.90, -13.10
5.10, 0.0060, 15.31, 3.46, -0.04, -0.12, -6.24
5.11, 0.0070, 15.31, 3.46, -0.04, 0.60, -1.54
5.11, 0.0060, 15.31, 3.47, -0.04, 1.58, 2.84
5.12, 0.0060, 15.31, 3.49, -0.04, 2.94, 8.90
5.13, 0.0080, 15.31, 3.53, -0.04, 4.66, 17.44
5.13, 0.0060, 15.31, 3.57, -0.04, 6.54, 28.50
5.14, 0.0070, 15.31, 3.62, -0.04, 8.32, 40.54
5.14, 0.0060, 15.31, 3.68, -0.04, 9.94, 52.41
5.15, 0.0060, 15.31, 3.75, -0.04, 11.00, 63.34
5.16, 0.0070, 15.31, 3.83, -0.04, 11.26, 70.99
5.17, 0.0060, 15.31, 3.89, -0.04, 10.94, 74.12
5.17, 0.0080, 15.31, 3.98, -0.04, 10.40, 73.52
5.18, 0.0060, 15.31, 4.04, -0.04, 10.01, 71.97
5.18, 0.0060, 15.31, 4.10, -0.04, 10.13, 70.85
5.19, 0.0070, 15.31, 4.17, -0.04, 10.76, 72.77
5.20, 0.0060, 15.31, 4.24, -0.04, 11.43, 78.02
5.20, 0.0070, 15.31, 4.32, -0.04, 11.47, 83.44
5.21, 0.0070, 15.31, 4.40, -0.04, 10.70, 85.29
5.22, 0.0070, 15.31, 4.46, -0.04, 9.16, 82.14
5.22, 0.0060, 15.31, 4.51, -0.04, 7.29, 74.18
5.23, 0.0060, 15.31, 4.54, -0.04, 5.57, 63.83
5.24, 0.0070, 15.31, 4.57, -0.04, 4.46, 54.23
5.24, 0.0060, 15.31, 4.59, -0.04, 3.89, 48.14
5.25, 0.0060, 15.31, 4.62, -0.04, 3.61, 45.24
5.26, 0.0080, 15.31, 4.64, -0.04, 3.09, 43.96
5.26, 0.0060, 15.31, 4.65, -0.04, 1.85, 41.36
5.27, 0.0070, 15.31, 4.65, -0.04, -0.28, 34.11
5.28, 0.0060, 15.31, 4.63, -0.04, -2.84, 21.28
5.28, 0.0060, 15.31, 4.60, -0.04, -5.27, 5.58
5.29, 0.0070, 15.31, 4.55, -0.04, -7.06, -9.61
5.30, 0.0070, 15.31, 4.49, -0.04, -8.34, -21.36
5.30, 0.0060, 15.31, 4.44, -0.04, -9.41, -30.16
5.31, 0.0070, 15.31, 4.36, -0.04, -10.67, -37.77
5.32, 0.0060, 15.31, 4.29, -0.04, -12.26, -46.79
5.32, 0.0070, 15.31, 4.19, -0.04, -14.04, -57.83
5.33, 0.0060, 15.31, 4.10, -0.04, -15.75, -70.46
5.34, 0.0060, 15.31, 3.99, -0.04, -17.13, -82.59
5.34, 0.0080, 15.31, 3.85, -0.04, -18.21, -92.94
5.35, 0.0060, 15.31, 3.73, -0.04, -18.81, -102.33
5.35, 0.0070, 15.31, 3.60, -0.04, -18.77, -108.18
5.36, 0.0060, 15.31, 3.49, -0.04, -18.31, -110.56
5.37, 0.0070, 15.31, 3.37, -0.04, -17.67, -110.03
5.37, 0.0060, 15.31, 3.27, -0.04, -17.04, -108.65
5.38, 0.0080, 15.31, 3.13, -0.04, -16.69, -106.92
5.39, 0.0060, 15.31, 3.03, -0.04, -16.62, -107.46
5.39, 0.0070, 15.31, 2.92, -0.04, -16.48, -109.03
5.40, 0.0060, 15.31, 2.82, -0.04, -15.70, -110.49
5.41, 0.0070, 15.31, 2.72, -0.04, -14.13, -107.72
5.41, 0.0060, 15.31, 2.65, -0.04, -11.87, -100.26
5.42, 0.0070, 15.31, 2.59, -0.04, -9.37, -88.13
5.43, 0.0070, 15.31, 2.54, -0.04, -7.03, -74.47
5.43, 0.0060, 15.31, 2.51, -0.04, -5.21, -61.39
5.44, 0.0070, 15.31, 2.48, -0.04, -3.89, -51.08
5.45, 0.0060, 15.31, 2.46, -0.04, -2.75, -43.70
5.45, 0.0070, 15.31, 2.45, -0.04, -1.39, -37.22
5.46, 0.0060, 15.31, 2.46, -0.04, 0.62, -29.24
5.47, 0.0070, 15.31, 2.48, -0.04, 3.19, -17.14
5.47, 0.0070, 15.31, 2.52, -0.04, 5.90, -1.24
5.48, 0.0060, 15.31, 2.57, -0.04, 8.44, 15.84
5.49, 0.0060, 15.31, 2.64, -0.04, 10.65, 32.08
5.49, 0.0070, 15.31, 2.73, -0.04, 12.74, 46.65
5.50, 0.0060, 15.31, 2.81, -0.04, 14.63, 60.92
5.51, 0.0070, 15.31, 2.93, -0.04, 16.36, 74.07
5.51, 0.0070, 15.31, 3.05, -0.04, 17.68, 86.69
5.52, 0.0070, 15.31, 3.18, -0.04, 18.52, 97.10
5.53, 0.0060, 15.31, 3.29, -0.04, 18.92, 104.74
5.53, 0.0070, 15.31, 3.43, -0.04, 19.10, 109.43
5.54, 0.0060, 15.31, 3.54, -0.04, 19.38, 113.15
5.55, 0.0060, 15.31, 3.66, -0.04, 20.00, 117.18
5.55, 0.0080, 15.31, 3.83, -0.04, 20.83, 123.29
5.56, 0.0060, 15.31, 3.96, -0.04, 21.46, 131.61
5.57, 0.0070, 15.31, 4.11, -0.04, 21.32, 137.94
5.57, 0.0060, 15.31, 4.23, -0.04, 20.24, 140.09
5.58, 0.0070, 15.31, 4.36, -0.04, 18.48, 136.05
5.59, 0.0060, 15.31, 4.46, -0.04, 16.60, 128.09
5.59, 0.0070, 15.31, 4.56, -0.04, 14.89, 118.82
5.60, 0.0070, 15.31, 4.66, -0.04, 13.53, 110.62
5.61, 0.0070, 15.31, 4.74, -0.04, 12.26, 104.33
5.61, 0.0060, 15.31, 4.81, -0.04, 10.77, 98.45
5.62, 0.0070, 15.31, 4.87, -0.04, 8.55, 90.81
5.62, 0.0060, 15.31, 4.90, -0.04, 5.61, 78.65
5.63, 0.0070, 15.31, 4.92, -0.04, 2.26, 61.68
5.64, 0.0070, 15.31, 4.91, -0.04, -1.03, 41.92
5.65, 0.0060, 15.31, 4.89, -0.04, -4.15, 22.03
5.65, 0.0070, 15.31, 4.84, -0.04, -7.04, 2.84
5.66, 0.0060, 15.31, 4.78, -0.04, -9.61, -15.53
5.66, 0.0060, 15.31, 4.71, -0.04, -11.87, -32.06
5.67, 0.0070, 15.31, 4.61, -0.04, -13.99, -47.03
5.68, 0.0060, 15.31, 4.51, -0.04, -16.42, -61.77
5.68, 0.0080, 15.31, 4.36, -0.04, -19.39, -78.30
5.69, 0.0060, 15.31, 4.22, -0.04, -22.68, -99.24
5.70, 0.0070, 15.31, 4.04, -0.04, -25.61, -121.67
5.70, 0.0060, 15.31, 3.88, -0.04, -27.50, -142.85
5.71, 0.0070, 15.31, 3.68, -0.04, -28.12, -157.50
5.72, 0.0060, 15.31, 3.51, -0.04, -28.17, -165.17
5.72, 0.0080, 15.31, 3.28, -0.04, -28.58, -168.82
5.73, 0.0060, 15.31, 3.11, -0.04, -29.25, -175.82
5.74, 0.0070, 15.31, 2.90, -0.04, -29.97, -183.39
5.74, 0.0060, 15.31, 2.71, -0.04, -30.45, -191.87
5.75, 0.0070, 15.31, 2.50, -0.04, -30.64, -198.45
5.76, 0.0060, 15.31, 2.32, -0.04, -30.28, -203.86
5.76, 0.0080, 15.31, 2.08, -0.04, -29.12, -205.35
5.77, 0.0060, 15.31, 1.92, -0.04, -27.30, -203.05
5.78, 0.0070, 15.31, 1.74, -0.04, -25.11, -195.40
5.78, 0.0060, 15.31, 1.61, -0.04, -22.86, -185.74
5.79, 0.0070, 15.31, 1.46, -0.04, -20.64, -175.04
5.80, 0.0060, 15.31, 1.35, -0.04, -18.52, -164.55
5.80, 0.0070, 15.31, 1.24, -0.04, -16.41, -154.08
5.81, 0.0070, 15.31, 1.14, -0.04, -14.19, -143.70
5.82, 0.0070, 15.31, 1.06, -0.04, -11.41, -132.37
5.82, 0.0060, 15.31, 1.01, -0.04, -8.02, -117.30
5.83, 0.0070, 15.31, 0.98, -0.04, -4.08, -97.92
5.84, 0.0060, 15.31, 0.98, -0.04, 0.05, -74.85
5.84, 0.0060, 15.31, 1.01, -0.04, 4.16, -50.08
5.85, 0.0080, 15.31, 1.07, -0.04, 8.01, -24.94
5.86, 0.0060, 15.31, 1.14, -0.04, 11.30, -0.54
5.86, 0.0070, 15.31, 1.24, -0.04, 14.33, 20.59
5.87, 0.0060, 15.31, 1.34, -0.04, 16.81, 40.74
5.88, 0.0060, 15.31, 1.46, -0.04, 19.34, 57.67
5.88, 0.0070, 15.31, 1.61, -0.04, 22.26, 75.15
5.89, 0.0060, 15.31, 1.76, -0.04, 25.32, 95.76
5.90, 0.0080, 15.31, 1.99, -0.04, 28.63, 117.19
5.90, 0.0060, 15.31, 2.18, -0.04, 31.56, 141.60
5.91, 0.0070, 15.31, 2.42, -0.04, 34.06, 162.98
5.92, 0.0060, 15.31, 2.64, -0.04, 36.31, 182.74
5.92, 0.0070, 15.31, 2.91, -0.04, 38.59, 200.63
5.93, 0.0060, 15.31, 3.15, -0.04, 40.23, 219.71
5.94, 0.0080, 15.31, 3.48, -0.04, 40.92, 234.39
5.94, 0.0060, 15.31, 3.72, -0.04, 40.39, 245.05
5.95, 0.0070, 15.31, 3.99, -0.04, 39.12, 246.75
5.96, 0.0060, 15.31, 4.22, -0.04, 37.56, 244.55
5.96, 0.0070, 15.31, 4.47, -0.04, 36.45, 239.75
5.97, 0.0060, 15.31, 4.69, -0.04, 35.67, 238.19
5.98, 0.0070, 15.31, 4.93, -0.04, 35.25, 237.76
5.98, 0.0070, 15.31, 5.18, -0.04, 34.88, 240.16
5.99, 0.0070, 15.31, 5.42, -0.04, 34.19, 242.88
6.00, 0.0060, 15.31, 5.61, -0.04, 32.80, 243.49
6.00, 0.0070, 15.31, 5.83, -0.04, 30.55, 239.11
6.01, 0.0060, 15.31, 5.99, -0.04, 27.53, 229.84
6.02, 0.0070, 15.31, 6.16, -0.04, 24.17, 215.04
6.02, 0.0070, 15.31, 6.31, -0.04, 20.67, 198.27
6.03, 0.0070, 15.31, 6.43, -0.04, 17.20, 180.15
6.03, 0.0060, 15.31, 6.51, -0.04, 13.76, 161.73
6.04, 0.0070, 15.31, 6.58, -0.04, 10.40, 142.78
6.05, 0.0060, 15.31, 6.63, -0.04, 7.17, 124.05
6.05, 0.0060, 15.31, 6.65, -0.04, 4.03, 105.55
6.06, 0.0080, 15.31, 6.66, -0.04, 0.75, 87.19
6.07, 0.0060, 15.31, 6.64, -0.04, -2.32, 67.61
6.07, 0.0070, 15.31, 6.61, -0.04, -5.30, 48.91
6.08, 0.0060, 15.31, 6.56, -0.04, -8.22, 30.31
6.09, 0.0060, 15.31, 6.49, -0.04, -11.03, 11.77
6.09, 0.0070, 15.31, 6.39, -0.04, -14.18, -6.36
6.10, 0.0060, 15.31, 6.28, -0.04, -17.71, -27.29
6.11, 0.0080, 15.31, 6.11, -0.04, -21.67, -50.60
6.11, 0.0060, 15.31, 5.96, -0.04, -25.53, -77.81
6.12, 0.0070, 15.31, 5.76, -0.04, -28.87, -104.06
6.13, 0.0060, 15.31, 5.57, -0.04, -31.10, -128.13
6.13, 0.0060, 15.31, 5.37, -0.04, -32.57, -145.23
6.14, 0.0070, 15.31, 5.14, -0.04, -33.29, -157.96
6.15, 0.0070, 15.31, 4.90, -0.04, -33.70, -166.91
6.15, 0.0070, 15.31, 4.66, -0.04, -34.31, -174.13
6.16, 0.0060, 15.31, 4.45, -0.04, -35.54, -182.58
6.17, 0.0070, 15.31, 4.19, -0.04, -36.74, -194.22
6.17, 0.0060, 15.31, 3.97, -0.04, -37.53, -206.57
6.18, 0.0070, 15.31, 3.70, -0.04, -38.07, -215.78
6.19, 0.0060, 15.31, 3.47, -0.04, -38.77, -224.39
6.19, 0.0080, 15.31, 3.15, -0.04, -39.46, -233.21
6.20, 0.0060, 15.31, 2.92, -0.04, -39.62, -243.65
6.21, 0.0070, 15.31, 2.64, -0.04, -38.90, -249.42
6.21, 0.0060, 15.31, 2.42, -0.04, -37.31, -250.50
6.22, 0.0070, 15.31, 2.18, -0.04, -35.03, -245.48
6.23, 0.0060, 15.31, 1.98, -0.04, -32.49, -236.66
6.23, 0.0080, 15.31, 1.74, -0.04, -30.12, -225.34
6.24, 0.0060, 15.31, 1.57, -0.04, -28.24, -215.92
6.25, 0.0070, 15.31, 1.38, -0.04, -26.73, -208.07
6.25, 0.0060, 15.31, 1.23, -0.04, -25.28, -202.71
6.26, 0.0070, 15.31, 1.07, -0.04, -23.59, -197.05
6.27, 0.0060, 15.31, 0.93, -0.04, -22.26, -190.24
6.27, 0.0070, 15.31, 0.78, -0.04, -21.09, -184.91
6.28, 0.0070, 15.31, 0.65, -0.04, -19.90, -180.82
6.29, 0.0070, 15.31, 0.52, -0.04, -18.53, -176.52
6.29, 0.0060, 15.31, 0.42, -0.04, -16.29, -170.85
6.30, 0.0070, 15.31, 0.32, -0.04, -13.54, -159.40
6.31, 0.0060, 15.31, 0.26, -0.04, -10.41, -144.76
6.31, 0.0070, 15.31, 0.21, -0.04, -7.66, -127.25
6.32, 0.0070, 15.31, 0.17, -0.04, -5.54, -111.85
6.33, 0.0070, 15.31, 0.14, -0.04, -3.73, -99.86
6.33, 0.0060, 15.31, 0.13, -0.04, -1.30, -89.55
6.34, 0.0060, 15.31, 0.14, -0.04, 1.70, -75.09
6.35, 0.0070, 15.31, 0.18, -0.04, 5.10, -56.89
6.35, 0.0060, 15.31, 0.23, -0.04, 8.18, -35.79
6.36, 0.0060, 15.31, 0.29, -0.04, 10.36, -16.35
6.37, 0.0080, 15.31, 0.39, -0.04, 11.87, -1.98
6.37, 0.0060, 15.31, 0.46, -0.04, 12.74, 8.95
6.38, 0.0070, 15.31, 0.56, -0.04, 13.48, 15.70
6.39, 0.0060, 15.31, 0.64, -0.04, 14.58, 22.05
6.39, 0.0060, 15.31, 0.74, -0.04, 16.19, 30.38
6.40, 0.0070, 15.31, 0.87, -0.04, 18.25, 41.96
6.41, 0.0070, 15.31, 1.01, -0.04, 20.33, 56.88
6.41, 0.0070, 15.31, 1.17, -0.04, 22.23, 72.19
6.42, 0.0060, 15.31, 1.31, -0.04, 23.69, 86.75
6.43, 0.0070, 15.31, 1.48, -0.04, 24.56, 98.36
6.43, 0.0060, 15.31, 1.63, -0.04, 24.95, 106.99
6.44, 0.0060, 15.31, 1.78, -0.04, 25.18, 112.33
6.45, 0.0070, 15.31, 1.96, -0.04, 25.40, 116.73
6.45, 0.0070, 15.31, 2.14, -0.04, 25.77, 121.60
6.46, 0.0070, 15.31, 2.32, -0.04, 26.12, 127.45
6.47, 0.0060, 15.31, 2.48, -0.04, 26.79, 133.19
6.47, 0.0070, 15.31, 2.68, -0.04, 27.39, 140.45
6.48, 0.0060, 15.31, 2.84, -0.04, 27.76, 147.85
6.48, 0.0070, 15.31, 3.04, -0.04, 27.69, 153.38
6.49, 0.0070, 15.31, 3.22, -0.04, 26.70, 156.86
6.50, 0.0070, 15.31, 3.40, -0.04, 25.35, 154.65
6.51, 0.0060, 15.31, 3.54, -0.04, 24.04, 150.12
6.51, 0.0070, 15.31, 3.71, -0.04, 23.32, 145.13
6.52, 0.0060, 15.31, 3.84, -0.04, 22.70, 144.11
6.52, 0.0070, 15.31, 4.00, -0.04, 21.74, 143.10
6.53, 0.0070, 15.31, 4.13, -0.04, 18.96, 140.40
6.54, 0.0070, 15.31, 4.23, -0.04, 14.55, 126.37
6.55, 0.0060, 15.31, 4.29, -0.04, 9.59, 101.92
6.55, 0.0070, 15.31, 4.33, -0.04, 5.51, 73.33
6.56, 0.0060, 15.31, 4.35, -0.04, 3.24, 49.61
6.56, 0.0060, 15.31, 4.36, -0.04, 1.62, 36.38
6.57, 0.0070, 15.31, 4.36, -0.04, 0.71, 26.88
6.58, 0.0070, 15.31, 4.36, -0.04, -0.12, 21.46
6.58, 0.0070, 15.31, 4.34, -0.04, -2.36, 16.46
6.59, 0.0060, 15.31, 4.31, -0.04, -6.20, 2.69
6.60, 0.0060, 15.31, 4.24, -0.04, -11.00, -21.05
6.60, 0.0070, 15.31, 4.13, -0.04, -15.96, -51.21
6.61, 0.0060, 15.31, 4.01, -0.04, -20.31, -83.18
6.62, 0.0080, 15.31, 3.82, -0.04, -24.00, -111.72
6.62, 0.0060, 15.31, 3.65, -0.04, -26.80, -137.70
6.63, 0.0070, 15.31, 3.45, -0.04, -28.71, -157.73
6.64, 0.0060, 15.31, 3.27, -0.04, -29.94, -173.18
6.64, 0.0070, 15.31, 3.06, -0.04, -31.09, -184.16
6.65, 0.0060, 15.31, 2.86, -0.04, -33.29, -195.42
6.66, 0.0070, 15.31, 2.60, -0.04, -36.16, -212.62
6.66, 0.0070, 15.31, 2.33, -0.04, -38.72, -234.89
6.67, 0.0070, 15.31, 2.05, -0.04, -40.13, -255.68
6.68, 0.0060, 15.31, 1.81, -0.04, -40.38, -269.75
6.68, 0.0070, 15.31, 1.53, -0.04, -39.82, -276.11
6.69, 0.0060, 15.31, 1.29, -0.04, -39.23, -278.33
6.70, 0.0070, 15.31, 1.02, -0.04, -39.11, -279.50
6.70, 0.0070, 15.31, 0.74, -0.04, -39.49, -284.24
6.71, 0.0070, 15.31, 0.46, -0.04, -39.97, -292.02
6.72, 0.0060, 15.31, 0.23, -0.04, -39.70, -300.52
6.72, 0.0070, 15.31, -0.05, -0.04, -38.90, -303.66
6.73, 0.0060, 15.31, -0.27, -0.04, -36.97, -304.31
6.74, 0.0070, 15.31, -0.51, -0.04, -34.21, -297.16
6.74, 0.0060, 15.31, -0.70, -0.04, -31.44, -285.39
6.75, 0.0080, 15.31, -0.93, -0.04, -29.28, -272.54
6.76, 0.0060, 15.31, -1.10, -0.04, -28.00, -264.29
6.76, 0.0070, 15.31, -1.29, -0.04, -26.85, -259.97
6.77, 0.0060, 15.31, -1.44, -0.04, -26.00, -256.79
6.78, 0.0070, 15.31, -1.61, -0.04, -24.74, -254.82
6.78, 0.0060, 15.31, -1.74, -0.04, -21.59, -250.76
6.79, 0.0080, 15.31, -1.88, -0.04, -17.19, -234.45
6.80, 0.0060, 15.31, -1.96, -0.04, -13.09, -210.75
6.80, 0.0070, 15.31, -2.03, -0.04, -9.84, -187.77
6.81, 0.0060, 15.31, -2.08, -0.04, -7.63, -169.65
6.82, 0.0070, 15.31, -2.12, -0.04, -5.72, -157.31
6.82, 0.0060, 15.31, -2.14, -0.04, -3.76, -146.64
6.83, 0.0080, 15.31, -2.15, -0.04, -1.48, -135.32
6.84, 0.0060, 15.31, -2.14, -0.04, 0.87, -121.85
6.84, 0.0070, 15.31, -2.12, -0.04, 3.26, -107.64
6.85, 0.0060, 15.31, -2.08, -0.04, 6.30, -92.89
6.86, 0.0060, 15.31, -2.02, -0.04, 9.80, -73.85
6.86, 0.0070, 15.31, -1.94, -0.04, 12.79, -51.70
6.87, 0.0060, 15.31, -1.85, -0.04, 14.69, -31.96
6.88, 0.0080, 15.31, -1.72, -0.04, 15.42, -18.78
6.88, 0.0060, 15.31, -1.63, -0.04, 15.42, -11.96
6.89, 0.0070, 15.31, -1.52, -0.04, 15.51, -10.13
6.90, 0.0060, 15.31, -1.42, -0.04, 16.33, -7.37
6.90, 0.0070, 15.31, -1.30, -0.04, 17.70, -0.54
6.91, 0.0060, 15.31, -1.18, -0.04, 19.35, 10.20
6.92, 0.0070, 15.31, -1.04, -0.04, 20.88, 22.37
6.92, 0.0070, 15.31, -0.88, -0.04, 22.05, 34.48
6.93, 0.0060, 15.31, -0.75, -0.04, 22.63, 44.62
6.94, 0.0070, 15.31, -0.59, -0.04, 22.47, 50.83
6.94, 0.0060, 15.31, -0.46, -0.04, 21.75, 52.99
6.95, 0.0070, 15.31, -0.32, -0.04, 20.80, 51.31
6.96, 0.0060, 15.31, -0.20, -0.04, 19.53, 48.49
6.96, 0.0070, 15.31, -0.07, -0.04, 18.11, 43.21
6.97, 0.0070, 15.31, 0.05, -0.04, 16.67, 37.25
6.98, 0.0060, 15.31, 0.14, -0.04, 15.00, 30.96
6.98, 0.0070, 15.31, 0.23, -0.04, 12.99, 22.74
6.99, 0.0060, 15.31, 0.29, -0.04, 11.24, 12.48
6.99, 0.0070, 15.31, 0.37, -0.04, 10.41, 3.32
7.00, 0.0070, 15.31, 0.44, -0.04, 10.32, -0.18
7.01, 0.0060, 15.31, 0.50, -0.04, 10.22, 0.73
7.01, 0.0070, 15.31, 0.56, -0.04, 9.05, 1.33
7.02, 0.0060, 15.31, 0.60, -0.04, 6.52, -4.41
7.03, 0.0060, 15.31, 0.62, -0.04, 2.72, -18.84
7.03, 0.0070, 15.31, 0.61, -0.04, -1.57, -41.29
7.04, 0.0060, 15.31, 0.57, -0.04, -5.71, -67.27
7.05, 0.0080, 15.31, 0.50, -0.04, -9.34, -92.80
7.05, 0.0060, 15.31, 0.43, -0.04, -12.34, -116.07
7.06, 0.0060, 15.31, 0.34, -0.04, -14.45, -135.51
7.07, 0.0070, 15.31, 0.23, -0.04, -15.93, -149.92
7.07, 0.0060, 15.31, 0.12, -0.04, -17.36, -161.05
7.08, 0.0070, 15.31, -0.01, -0.04, -19.35, -171.70
7.09, 0.0070, 15.31, -0.17, -0.04, -22.14, -186.33
7.09, 0.0070, 15.31, -0.35, -0.04, -25.49, -206.20
7.10, 0.0060, 15.31, -0.52, -0.04, -28.76, -229.85
7.11, 0.0070, 15.31, -0.74, -0.04, -31.39, -252.91
7.11, 0.0060, 15.31, -0.94, -0.04, -33.15, -273.11
7.12, 0.0070, 15.31, -1.18, -0.04, -34.38, -287.67
7.13, 0.0060, 15.31, -1.39, -0.04, -36.05, -299.82
7.13, 0.0080, 15.31, -1.70, -0.04, -37.76, -314.20
7.14, 0.0060, 15.31, -1.93, -0.04, -39.13, -330.47
7.15, 0.0070, 15.31, -2.21, -0.04, -39.88, -343.38
7.15, 0.0060, 15.31, -2.45, -0.04, -39.69, -353.46
7.16, 0.0070, 15.31, -2.72, -0.04, -38.66, -357.08
7.17, 0.0060, 15.31, -2.94, -0.04, -37.46, -356.36
7.17, 0.0080, 15.31, -3.23, -0.04, -36.10, -353.64
7.18, 0.0060, 15.31, -3.44, -0.04, -35.04, -351.24
7.19, 0.0070, 15.31, -3.69, -0.04, -34.80, -349.08
7.19, 0.0060, 15.31, -3.90, -0.04, -35.42, -352.51
7.20, 0.0070, 15.31, -4.15, -0.04, -36.27, -360.47
7.21, 0.0060, 15.31, -4.37, -0.04, -36.80, -370.70
7.21, 0.0070, 15.31, -4.63, -0.04, -36.10, -378.28
7.22, 0.0070, 15.31, -4.86, -0.04, -34.08, -379.15
7.23, 0.0070, 15.31, -5.08, -0.04, -31.18, -371.75
7.23, 0.0060, 15.31, -5.25, -0.04, -28.14, -358.76
7.24, 0.0070, 15.31, -5.43, -0.04, -25.51, -343.89
7.25, 0.0060, 15.31, -5.57, -0.04, -23.74, -331.65
7.25, 0.0070, 15.31, -5.73, -0.04, -22.84, -323.91
7.26, 0.0070, 15.31, -5.89, -0.04, -22.29, -321.68
7.27, 0.0070, 15.31, -6.04, -0.04, -21.70, -321.48
7.27, 0.0060, 15.31, -6.16, -0.04, -20.32, -321.00
7.28, 0.0070, 15.31, -6.29, -0.04, -17.76, -315.16
7.29, 0.0060, 15.31, -6.38, -0.04, -14.79, -302.30
7.29, 0.0070, 15.31, -6.46, -0.04, -12.51, -286.23
7.30, 0.0070, 15.31, -6.54, -0.04, -11.41, -274.29
7.31, 0.0070, 15.31, -6.62, -0.04, -11.53, -269.30
7.31, 0.0060, 15.31, -6.70, -0.04, -12.00, -271.63
7.32, 0.0070, 15.31, -6.78, -0.04, -11.75, -275.92
7.32, 0.0060, 15.31, -6.84, -0.04, -9.89, -276.04
7.33, 0.0070, 15.31, -6.89, -0.04, -7.16, -266.10
7.34, 0.0060, 15.31, -6.92, -0.04, -4.70, -250.69
7.35, 0.0070, 15.31, -6.94, -0.04, -3.09, -236.54
7.35, 0.0070, 15.31, -6.96, -0.04, -2.56, -227.28
7.36, 0.0060, 15.31, -6.97, -0.04, -2.87, -224.48
7.36, 0.0070, 15.31, -7.00, -0.04, -3.41, -226.69
7.37, 0.0060, 15.31, -7.02, -0.04, -3.90, -230.37
7.38, 0.0070, 15.31, -7.05, -0.04, -3.76, -233.79
7.39, 0.0070, 15.31, -7.06, -0.04, -2.62, -233.48
7.39, 0.0060, 15.31, -7.07, -0.04, -0.90, -227.00
7.40, 0.0070, 15.31, -7.07, -0.04, 0.14, -216.78
7.41, 0.0060, 15.31, -7.07, -0.04, 0.33, -210.52
7.41, 0.0070, 15.31, -7.07, -0.04, -0.26, -209.34
7.42, 0.0060, 15.31, -7.07, -0.04, -0.94, -212.94
7.43, 0.0070, 15.31, -7.08, -0.04, -1.30, -217.14
7.43, 0.0070, 15.31, -7.09, -0.04, -1.29, -219.45
7.44, 0.0060, 15.31, -7.10, -0.04, -0.81, -219.60
7.44, 0.0070, 15.31, -7.10, -0.04, 0.07, -216.82
7.45, 0.0060, 15.31, -7.09, -0.04, 1.13, -211.54
7.46, 0.0070, 15.31, -7.08, -0.04, 1.96, -205.00
7.46, 0.0060, 15.31, -7.06, -0.04, 2.43, -199.79
7.47, 0.0080, 15.31, -7.04, -0.04, 2.16, -196.67
7.48, 0.0060, 15.31, -7.04, -0.04, 1.45, -197.95
7.48, 0.0060, 15.31, -7.03, -0.04, 0.84, -201.99
7.49, 0.0070, 15.31, -7.02, -0.04, 1.11, -205.55
7.50, 0.0060, 15.31, -7.01, -0.04, 2.19, -203.82
7.50, 0.0070, 15.31, -6.98, -0.04, 3.66, -197.02
7.51, 0.0060, 15.31, -6.96, -0.04, 4.82, -187.73
7.52, 0.0080, 15.31, -6.91, -0.04, 5.12, -180.19
7.52, 0.0060, 15.31, -6.89, -0.04, 4.82, -177.57
7.53, 0.0060, 15.31, -6.86, -0.04, 4.18, -178.76
7.54, 0.0070, 15.31, -6.83, -0.04, 3.99, -182.12
7.54, 0.0060, 15.31, -6.81, -0.04, 4.25, -182.69
7.55, 0.0070, 15.31, -6.77, -0.04, 5.28, -180.66
7.56, 0.0070, 15.31, -6.72, -0.04, 6.65, -173.72
7.56, 0.0070, 15.31, -6.67, -0.04, 7.99, -164.57
7.57, 0.0060, 15.31, -6.61, -0.04, 8.74, -155.38
7.58, 0.0070, 15.31, -6.55, -0.04, 8.62, -149.88
7.58, 0.0060, 15.31, -6.51, -0.04, 7.87, -149.35
7.59, 0.0070, 15.31, -6.46, -0.04, 7.18, -152.92
7.60, 0.0060, 15.31, -6.41, -0.04, 7.37, -156.04
7.60, 0.0070, 15.31, -6.35, -0.04, 8.48, -154.01
7.61, 0.0070, 15.31, -6.28, -0.04, 10.08, -146.19
7.62, 0.0060, 15.31, -6.21, -0.04, 11.47, -135.19
7.62, 0.0070, 15.31, -6.13, -0.04, 12.30, -125.44
7.63, 0.0060, 15.31, -6.05, -0.04, 12.69, -118.75
7.64, 0.0070, 15.31, -5.96, -0.04, 12.58, -114.92
7.64, 0.0070, 15.31, -5.88, -0.04, 12.39, -113.82
7.65, 0.0070, 15.31, -5.79, -0.04, 12.18, -113.20
7.66, 0.0060, 15.31, -5.72, -0.04, 12.20, -112.74
7.66, 0.0070, 15.31, -5.63, -0.04, 12.46, -111.17
7.67, 0.0060, 15.31, -5.55, -0.04, 13.17, -107.89
7.68, 0.0070, 15.31, -5.46, -0.04, 13.89, -102.01
7.68, 0.0060, 15.31, -5.37, -0.04, 14.64, -95.75
7.69, 0.0080, 15.31, -5.25, -0.04, 15.06, -89.48
7.70, 0.0060, 15.31, -5.16, -0.04, 15.14, -84.56
7.70, 0.0070, 15.31, -5.05, -0.04, 14.81, -82.26
7.71, 0.0060, 15.31, -4.97, -0.04, 14.15, -82.17
7.72, 0.0070, 15.31, -4.87, -0.04, 13.43, -84.45
7.72, 0.0060, 15.31, -4.80, -0.04, 13.02, -86.90
7.73, 0.0070, 15.31, -4.70, -0.04, 13.21, -87.77
7.74, 0.0070, 15.31, -4.61, -0.04, 13.66, -84.79
7.74, 0.0060, 15.31, -4.52, -0.04, 14.16, -80.21
7.75, 0.0070, 15.31, -4.42, -0.04, 14.08, -75.48
7.76, 0.0060, 15.31, -4.34, -0.04, 13.46, -73.97
7.76, 0.0070, 15.31, -4.26, -0.04, 12.46, -76.09
7.77, 0.0060, 15.31, -4.19, -0.04, 11.38, -80.33
7.78, 0.0080, 15.31, -4.10, -0.04, 10.62, -85.49
7.78, 0.0060, 15.31, -4.04, -0.04, 10.34, -88.30
7.79, 0.0060, 15.31, -3.98, -0.04, 10.42, -88.75
7.79, 0.0070, 15.31, -3.90, -0.04, 10.59, -87.01
7.80, 0.0060, 15.31, -3.84, -0.04, 10.49, -84.51
7.81, 0.0070, 15.31, -3.77, -0.04, 9.98, -83.86
7.81, 0.0070, 15.31, -3.71, -0.04, 9.01, -85.51
7.82, 0.0060, 15.31, -3.66, -0.04, 7.91, -90.09
7.83, 0.0070, 15.31, -3.61, -0.04, 7.01, -95.73
7.83, 0.0060, 15.31, -3.57, -0.04, 6.63, -100.14
7.84, 0.0070, 15.31, -3.52, -0.04, 6.64, -101.64
7.85, 0.0060, 15.31, -3.48, -0.04, 6.98, -100.64
7.85, 0.0080, 15.31, -3.42, -0.04, 7.39, -97.77
7.86, 0.0060, 15.31, -3.38, -0.04, 7.69, -94.15
7.87, 0.0060, 15.31, -3.33, -0.04, 7.80, -91.41
7.87, 0.0070, 15.31, -3.28, -0.04, 7.71, -89.83
7.88, 0.0060, 15.31, -3.23, -0.04, 7.50, -89.28
7.89, 0.0060, 15.31, -3.19, -0.04, 7.42, -89.61
7.89, 0.0070, 15.31, -3.13, -0.04, 7.57, -89.20
7.90, 0.0070, 15.31, -3.08, -0.04, 8.13, -87.24
7.91, 0.0070, 15.31, -3.02, -0.04, 8.90, -82.77
7.91, 0.0060, 15.31, -2.96, -0.04, 9.81, -76.87
7.92, 0.0060, 15.31, -2.89, -0.04, 10.60, -70.26
7.93, 0.0070, 15.31, -2.81, -0.04, 11.24, -64.23
7.93, 0.0060, 15.31, -2.74, -0.04, 11.71, -58.81
7.94, 0.0080, 15.31, -2.65, -0.04, 12.15, -54.59
7.95, 0.0060, 15.31, -2.57, -0.04, 12.68, -50.02
7.95, 0.0070, 15.31, -2.48, -0.04, 13.41, -45.34
7.96, 0.0060, 15.31, -2.39, -0.04, 14.29, -39.06
7.97, 0.0070, 15.31, -2.28, -0.04, 15.33, -32.09
7.97, 0.0060, 15.31, -2.19, -0.04, 16.36, -23.68
7.98, 0.0060, 15.31, -2.08, -0.04, 17.17, -15.56
7.99, 0.0080, 15.31, -1.94, -0.04, 17.72, -8.62
7.99, 0.0060, 15.31, -1.83, -0.04, 18.13, -2.48
8.00, 0.0070, 15.31, -1.70, -0.04, 18.50, 2.12
8.01, 0.0060, 15.31, -1.59, -0.04, 19.02, 6.95
8.01, 0.0070, 15.31, -1.45, -0.04, 19.71, 12.36
8.02, 0.0060, 15.31, -1.33, -0.04, 20.40, 19.27
8.02, 0.0060, 15.31, -1.20, -0.04, 20.83, 25.85
8.03, 0.0080, 15.31, -1.04, -0.04, 20.82, 30.94
8.04, 0.0060, 15.31, -0.91, -0.04, 20.44, 34.19
8.04, 0.0070, 15.31, -0.77, -0.04, 19.81, 34.39
8.05, 0.0060, 15.31, -0.66, -0.04, 19.13, 33.38
8.06, 0.0070, 15.31, -0.53, -0.04, 18.55, 31.57
8.06, 0.0060, 15.31, -0.42, -0.04, 18.15, 30.69
8.07, 0.0080, 15.31, -0.28, -0.04, 17.99, 30.47
8.08, 0.0060, 15.31, -0.17, -0.04, 17.94, 32.38
8.08, 0.0060, 15.31, -0.06, -0.04, 17.72, 34.26
8.09, 0.0070, 15.31, 0.06, -0.04, 17.20, 35.07
8.10, 0.0060, 15.31, 0.15, -0.04, 16.26, 34.32
8.10, 0.0070, 15.31, 0.26, -0.04, 15.14, 30.67
8.11, 0.0070, 15.31, 0.36, -0.04, 13.97, 26.07
8.12, 0.0060, 15.31, 0.44, -0.04, 12.94, 21.01
8.12, 0.0070, 15.31, 0.52, -0.04, 12.05, 16.37
8.13, 0.0060, 15.31, 0.59, -0.04, 11.35, 12.73
8.14, 0.0070, 15.31, 0.66, -0.04, 10.67, 9.84
8.14, 0.0060, 15.31, 0.72, -0.04, 9.88, 7.27
8.15, 0.0060, 15.31, 0.78, -0.04, 8.92, 3.70
8.16, 0.0080, 15.31, 0.84, -0.04, 7.84, -0.96
8.16, 0.0060, 15.31, 0.88, -0.04, 6.74, -6.18
8.17, 0.0060, 15.31, 0.91, -0.04, 5.73, -11.95
8.18, 0.0070, 15.31, 0.95, -0.04, 4.94, -17.35
8.18, 0.0060, 15.31, 0.97, -0.04, 4.42, -21.37
8.19, 0.0070, 15.31, 1.00, -0.04, 4.09, -24.00
8.19, 0.0070, 15.31, 1.03, -0.04, 3.83, -25.39
8.20, 0.0060, 15.31, 1.05, -0.04, 3.46, -26.39
8.21, 0.0070, 15.31, 1.07, -0.04, 2.88, -28.24
8.21, 0.0060, 15.31, 1.08, -0.04, 2.24, -31.32
8.22, 0.0060, 15.31, 1.10, -0.04, 1.79, -34.85
8.23, 0.0070, 15.31, 1.11, -0.04, 1.69, -37.35
8.23, 0.0060, 15.31, 1.12, -0.04, 2.06, -37.71
8.24, 0.0080, 15.31, 1.14, -0.04, 2.76, -35.25
8.25, 0.0060, 15.31, 1.16, -0.04, 3.58, -30.60
8.25, 0.0060, 15.31, 1.19, -0.04, 4.25, -25.23
8.26, 0.0070, 15.31, 1.22, -0.04, 4.57, -20.72
