

Calibrating ...
Done calibrating !
Waiting ...
3.60, 3.5920, 9.77, 9.77, -0.04, -0.00, 0.00
3.60, 0.0060, 9.77, 9.77, -0.04, -0.00, 125.32
3.61, 0.0070, 9.77, 9.77, -0.04, -0.00, 125.32
3.61, 0.0060, 9.77, 9.77, -0.04, -0.00, 125.32
3.62, 0.0060, 9.77, 9.77, -0.04, -0.00, 125.32
3.63, 0.0070, 9.77, 9.77, -0.04, 0.01, 125.33
3.63, 0.0070, 9.77, 9.77, -0.04, 0.03, 125.40
3.64, 0.0060, 9.77, 9.77, -0.04, 0.01, 125.52
3.65, 0.0070, 9.77, 9.77, -0.04, -0.17, 125.37
3.65, 0.0060, 9.77, 9.76, -0.04, -0.67, 124.27
3.66, 0.0060, 9.77, 9.75, -0.04, -1.48, 121.20
3.67, 0.0070, 9.77, 9.73, -0.04, -2.61, 116.17
3.67, 0.0070, 9.77, 9.71, -0.04, -3.96, 109.03
3.68, 0.0070, 9.77, 9.67, -0.04, -5.40, 100.39
3.69, 0.0060, 9.77, 9.63, -0.04, -6.82, 90.97
3.69, 0.0060, 9.77, 9.58, -0.04, -7.94, 81.64
3.70, 0.0060, 9.77, 9.53, -0.04, -8.70, 73.96
3.71, 0.0070, 9.77, 9.46, -0.04, -9.04, 68.35
3.71, 0.0060, 9.77, 9.41, -0.04, -9.17, 65.08
3.72, 0.0070, 9.77, 9.34, -0.04, -9.38, 63.19
3.73, 0.0070, 9.77, 9.27, -0.04, -10.26, 60.60
3.73, 0.0060, 9.77, 9.20, -0.04, -11.64, 53.86
3.74, 0.0060, 9.77, 9.12, -0.04, -13.21, 44.18
3.74, 0.0070, 9.77, 9.02, -0.04, -14.64, 33.23
3.75, 0.0060, 9.77, 8.93, -0.04, -15.87, 22.54
3.76, 0.0080, 9.77, 8.79, -0.04, -16.94, 13.29
3.76, 0.0060, 9.77, 8.68, -0.04, -17.94, 4.16
3.77, 0.0060, 9.77, 8.57, -0.04, -18.79, -3.99
3.78, 0.0070, 9.77, 8.43, -0.04, -19.46, -11.34
3.78, 0.0060, 9.77, 8.31, -0.04, -19.86, -18.09
3.79, 0.0070, 9.77, 8.17, -0.04, -20.15, -22.88
3.80, 0.0060, 9.77, 8.05, -0.04, -20.43, -27.41
3.80, 0.0070, 9.77, 7.91, -0.04, -20.75, -31.55
3.81, 0.0070, 9.77, 7.76, -0.04, -21.04, -36.39
3.82, 0.0060, 9.77, 7.63, -0.04, -21.21, -41.06
3.82, 0.0070, 9.77, 7.48, -0.04, -21.20, -44.67
3.83, 0.0060, 9.77, 7.36, -0.04, -20.99, -47.58
3.84, 0.0060, 9.77, 7.23, -0.04, -20.67, -48.83
3.84, 0.0080, 9.77, 7.07, -0.04, -20.24, -49.35
3.85, 0.0060, 9.77, 6.95, -0.04, -19.59, -50.00
3.86, 0.0070, 9.77, 6.82, -0.04, -18.63, -48.50
3.86, 0.0060, 9.77, 6.72, -0.04, -17.18, -45.31
3.87, 0.0060, 9.77, 6.63, -0.04, -15.22, -38.68
3.88, 0.0070, 9.77, 6.54, -0.04, -12.90, -28.76
3.88, 0.0060, 9.77, 6.48, -0.04, -10.36, -16.64
3.89, 0.0080, 9.77, 6.41, -0.04, -8.08, -2.64
3.90, 0.0060, 9.77, 6.37, -0.04, -6.35, 9.77
3.90, 0.0060, 9.77, 6.34, -0.04, -5.46, 19.37
3.91, 0.0060, 9.77, 6.31, -0.04, -5.17, 24.05
3.91, 0.0070, 9.77, 6.28, -0.04, -4.13, 25.16
3.92, 0.0060, 9.77, 6.27, -0.04, -2.25, 30.83
3.93, 0.0060, 9.77, 6.26, -0.04, -1.09, 41.84
3.93, 0.0080, 9.77, 6.26, -0.04, -0.62, 48.65
3.94, 0.0060, 9.77, 6.25, -0.04, -0.55, 51.38
3.95, 0.0060, 9.77, 6.25, -0.04, -0.37, 51.73
3.95, 0.0070, 9.77, 6.25, -0.04, 0.45, 52.80
3.96, 0.0060, 9.77, 6.26, -0.04, 1.77, 57.79
3.97, 0.0060, 9.77, 6.28, -0.04, 3.36, 65.89
3.97, 0.0080, 9.77, 6.32, -0.04, 4.92, 75.84
3.98, 0.0060, 9.77, 6.36, -0.04, 6.09, 85.99
3.99, 0.0060, 9.77, 6.40, -0.04, 6.63, 93.72
3.99, 0.0070, 9.77, 6.44, -0.04, 6.42, 97.79
4.00, 0.0060, 9.77, 6.48, -0.04, 5.64, 97.38
4.01, 0.0060, 9.77, 6.51, -0.04, 4.72, 93.38
4.01, 0.0070, 9.77, 6.53, -0.04, 3.99, 88.46
4.02, 0.0070, 9.77, 6.56, -0.04, 3.46, 84.63
4.03, 0.0060, 9.77, 6.58, -0.04, 3.22, 81.92
4.03, 0.0070, 9.77, 6.60, -0.04, 3.04, 80.90
4.04, 0.0060, 9.77, 6.61, -0.04, 2.61, 80.25
4.04, 0.0060, 9.77, 6.63, -0.04, 1.75, 77.97
4.05, 0.0070, 9.77, 6.63, -0.04, 0.35, 72.99
4.06, 0.0070, 9.77, 6.62, -0.04, -1.38, 64.66
4.06, 0.0060, 9.77, 6.60, -0.04, -3.32, 54.11
4.07, 0.0070, 9.77, 6.56, -0.04, -5.19, 42.07
4.08, 0.0060, 9.77, 6.52, -0.04, -6.95, 30.08
4.08, 0.0060, 9.77, 6.47, -0.04, -8.33, 18.68
4.09, 0.0070, 9.77, 6.40, -0.04, -9.42, 9.45
4.10, 0.0060, 9.77, 6.34, -0.04, -10.35, 1.59
4.10, 0.0070, 9.77, 6.26, -0.04, -11.28, -5.28
4.11, 0.0070, 9.77, 6.17, -0.04, -13.18, -12.42
4.11, 0.0060, 9.77, 6.08, -0.04, -15.26, -25.69
4.12, 0.0060, 9.77, 5.98, -0.04, -15.83, -39.95
4.13, 0.0070, 9.77, 5.88, -0.04, -15.20, -45.32
4.14, 0.0060, 9.77, 5.80, -0.04, -13.80, -43.64
4.14, 0.0080, 9.77, 5.70, -0.04, -12.40, -36.89
4.15, 0.0060, 9.77, 5.62, -0.04, -11.87, -30.48
4.16, 0.0060, 9.77, 5.55, -0.04, -12.37, -28.73
4.16, 0.0070, 9.77, 5.46, -0.04, -13.64, -33.23
4.17, 0.0060, 9.77, 5.36, -0.04, -15.17, -42.75
4.17, 0.0070, 9.77, 5.25, -0.04, -16.47, -53.72
4.18, 0.0060, 9.77, 5.15, -0.04, -17.00, -63.83
4.19, 0.0070, 9.77, 5.03, -0.04, -16.44, -69.05
4.19, 0.0070, 9.77, 4.93, -0.04, -14.82, -67.98
4.20, 0.0060, 9.77, 4.85, -0.04, -12.77, -60.38
4.21, 0.0070, 9.77, 4.77, -0.04, -10.94, -49.60
4.21, 0.0060, 9.77, 4.72, -0.04, -9.79, -40.14
4.22, 0.0060, 9.77, 4.66, -0.04, -9.48, -34.44
4.23, 0.0080, 9.77, 4.58, -0.04, -9.46, -33.70
4.23, 0.0060, 9.77, 4.53, -0.04, -8.99, -35.07
4.24, 0.0060, 9.77, 4.48, -0.04, -7.77, -33.34
4.25, 0.0070, 9.77, 4.44, -0.04, -5.79, -26.97
4.25, 0.0060, 9.77, 4.42, -0.04, -3.59, -15.91
4.26, 0.0060, 9.77, 4.41, -0.04, -1.61, -3.10
4.26, 0.0070, 9.77, 4.41, -0.04, -0.11, 8.59
4.27, 0.0070, 9.77, 4.42, -0.04, 1.02, 17.58
4.28, 0.0060, 9.77, 4.43, -0.04, 1.82, 24.50
4.28, 0.0070, 9.77, 4.45, -0.04, 2.64, 29.50
4.29, 0.0060, 9.77, 4.47, -0.04, 3.69, 34.78
4.30, 0.0060, 9.77, 4.50, -0.04, 5.01, 41.53
4.30, 0.0070, 9.77, 4.54, -0.04, 6.48, 50.07
4.31, 0.0060, 9.77, 4.59, -0.04, 7.82, 59.76
4.32, 0.0070, 9.77, 4.65, -0.04, 8.77, 68.73
4.32, 0.0070, 9.77, 4.72, -0.04, 9.30, 75.68
4.33, 0.0060, 9.77, 4.77, -0.04, 9.29, 80.19
4.34, 0.0060, 9.77, 4.83, -0.04, 8.90, 81.20
4.34, 0.0070, 9.77, 4.89, -0.04, 8.56, 79.95
4.35, 0.0060, 9.77, 4.94, -0.04, 8.69, 79.13
4.36, 0.0070, 9.77, 5.00, -0.04, 9.15, 80.92
4.36, 0.0070, 9.77, 5.07, -0.04, 9.68, 84.95
4.37, 0.0060, 9.77, 5.13, -0.04, 9.98, 89.47
4.38, 0.0060, 9.77, 5.19, -0.04, 9.86, 92.52
4.38, 0.0070, 9.77, 5.25, -0.04, 9.19, 92.94
4.39, 0.0060, 9.77, 5.30, -0.04, 7.92, 90.22
4.40, 0.0060, 9.77, 5.34, -0.04, 6.24, 83.57
4.40, 0.0080, 9.77, 5.38, -0.04, 4.48, 74.23
4.41, 0.0060, 9.77, 5.39, -0.04, 3.08, 64.38
4.42, 0.0060, 9.77, 5.41, -0.04, 2.04, 56.33
4.42, 0.0070, 9.77, 5.41, -0.04, 1.18, 50.34
4.43, 0.0060, 9.77, 5.41, -0.04, 0.04, 45.34
4.43, 0.0060, 9.77, 5.41, -0.04, -1.43, 38.52
4.44, 0.0080, 9.77, 5.38, -0.04, -3.24, 29.56
4.45, 0.0060, 9.77, 5.35, -0.04, -5.09, 18.13
4.45, 0.0060, 9.77, 5.31, -0.04, -6.52, 6.45
4.46, 0.0070, 9.77, 5.26, -0.04, -7.61, -2.93
4.47, 0.0060, 9.77, 5.21, -0.04, -8.50, -10.50
4.47, 0.0060, 9.77, 5.15, -0.04, -9.53, -16.87
4.48, 0.0070, 9.77, 5.07, -0.04, -10.77, -24.20
4.49, 0.0070, 9.77, 4.99, -0.04, -12.08, -33.18
4.49, 0.0060, 9.77, 4.91, -0.04, -13.21, -42.69
4.50, 0.0070, 9.77, 4.81, -0.04, -14.10, -51.06
4.51, 0.0060, 9.77, 4.72, -0.04, -14.75, -58.40
4.51, 0.0070, 9.77, 4.62, -0.04, -15.11, -64.03
4.52, 0.0060, 9.77, 4.53, -0.04, -15.07, -68.33
4.53, 0.0060, 9.77, 4.44, -0.04, -14.72, -69.92
4.53, 0.0080, 9.77, 4.32, -0.04, -14.30, -69.59
4.54, 0.0060, 9.77, 4.24, -0.04, -14.15, -69.36
4.55, 0.0070, 9.77, 4.14, -0.04, -14.40, -70.15
4.55, 0.0060, 9.77, 4.05, -0.04, -14.67, -73.62
4.56, 0.0060, 9.77, 3.96, -0.04, -14.68, -77.02
4.56, 0.0070, 9.77, 3.86, -0.04, -14.06, -78.83
4.57, 0.0070, 9.77, 3.77, -0.04, -12.75, -77.11
4.58, 0.0070, 9.77, 3.70, -0.04, -10.80, -71.01
4.58, 0.0060, 9.77, 3.65, -0.04, -8.86, -60.86
4.59, 0.0060, 9.77, 3.60, -0.04, -7.49, -50.25
4.60, 0.0070, 9.77, 3.55, -0.04, -6.49, -42.92
4.60, 0.0060, 9.77, 3.52, -0.04, -5.51, -37.87
4.61, 0.0060, 9.77, 3.50, -0.04, -4.19, -32.65
4.62, 0.0080, 9.77, 3.48, -0.04, -2.35, -25.20
4.62, 0.0060, 9.77, 3.48, -0.04, -0.08, -14.55
4.63, 0.0070, 9.77, 3.49, -0.04, 2.27, -0.96
4.64, 0.0060, 9.77, 3.52, -0.04, 4.39, 13.47
4.64, 0.0060, 9.77, 3.56, -0.04, 6.10, 26.74
4.65, 0.0060, 9.77, 3.60, -0.04, 7.46, 37.75
4.66, 0.0080, 9.77, 3.67, -0.04, 8.74, 46.78
4.66, 0.0060, 9.77, 3.73, -0.04, 9.97, 55.85
4.67, 0.0070, 9.77, 3.81, -0.04, 11.23, 64.41
4.68, 0.0060, 9.77, 3.88, -0.04, 12.33, 73.55
4.68, 0.0060, 9.77, 3.96, -0.04, 13.11, 81.63
4.69, 0.0070, 9.77, 4.06, -0.04, 13.62, 87.92
4.70, 0.0060, 9.77, 4.14, -0.04, 13.97, 92.84
4.70, 0.0080, 9.77, 4.26, -0.04, 14.32, 96.67
4.71, 0.0060, 9.77, 4.34, -0.04, 14.73, 101.03
4.72, 0.0060, 9.77, 4.43, -0.04, 15.00, 105.26
4.72, 0.0070, 9.77, 4.54, -0.04, 14.99, 108.67
4.73, 0.0060, 9.77, 4.63, -0.04, 14.60, 110.69
4.73, 0.0070, 9.77, 4.72, -0.04, 13.93, 110.14
4.74, 0.0070, 9.77, 4.82, -0.04, 13.24, 108.04
4.75, 0.0070, 9.77, 4.90, -0.04, 12.50, 105.76
4.75, 0.0060, 9.77, 4.97, -0.04, 11.69, 103.11
4.76, 0.0060, 9.77, 5.04, -0.04, 10.56, 99.62
4.77, 0.0070, 9.77, 5.10, -0.04, 9.03, 94.13
4.77, 0.0060, 9.77, 5.14, -0.04, 7.00, 86.21
4.78, 0.0060, 9.77, 5.17, -0.04, 4.80, 74.85
4.79, 0.0080, 9.77, 5.19, -0.04, 2.91, 62.23
4.79, 0.0060, 9.77, 5.20, -0.04, 1.26, 51.37
4.80, 0.0060, 9.77, 5.20, -0.04, -0.44, 41.59
4.81, 0.0070, 9.77, 5.18, -0.04, -2.38, 31.34
4.81, 0.0060, 9.77, 5.15, -0.04, -4.70, 19.39
4.82, 0.0060, 9.77, 5.11, -0.04, -7.25, 4.89
4.83, 0.0080, 9.77, 5.03, -0.04, -9.80, -11.27
4.83, 0.0060, 9.77, 4.96, -0.04, -12.13, -28.15
4.84, 0.0060, 9.77, 4.88, -0.04, -14.20, -43.58
4.84, 0.0070, 9.77, 4.76, -0.04, -15.97, -57.71
4.85, 0.0060, 9.77, 4.66, -0.04, -17.36, -70.53
4.86, 0.0070, 9.77, 4.53, -0.04, -18.39, -80.95
4.86, 0.0060, 9.77, 4.41, -0.04, -19.45, -89.75
4.87, 0.0080, 9.77, 4.25, -0.04, -20.65, -98.42
4.88, 0.0060, 9.77, 4.12, -0.04, -21.63, -108.96
4.89, 0.0060, 9.77, 3.99, -0.04, -22.16, -117.39
4.89, 0.0070, 9.77, 3.83, -0.04, -22.25, -123.26
4.90, 0.0060, 9.77, 3.70, -0.04, -22.02, -126.92
4.90, 0.0070, 9.77, 3.55, -0.04, -21.65, -128.17
4.91, 0.0070, 9.77, 3.40, -0.04, -21.25, -129.00
4.92, 0.0070, 9.77, 3.25, -0.04, -20.82, -129.56
4.92, 0.0060, 9.77, 3.13, -0.04, -20.21, -129.87
4.93, 0.0070, 9.77, 3.00, -0.04, -19.17, -128.65
4.94, 0.0060, 9.77, 2.89, -0.04, -17.66, -125.11
4.94, 0.0060, 9.77, 2.80, -0.04, -15.84, -118.13
4.95, 0.0070, 9.77, 2.70, -0.04, -13.87, -109.16
4.96, 0.0070, 9.77, 2.62, -0.04, -11.77, -99.24
4.96, 0.0070, 9.77, 2.55, -0.04, -9.48, -88.31
4.97, 0.0060, 9.77, 2.51, -0.04, -6.99, -75.90
4.98, 0.0060, 9.77, 2.48, -0.04, -4.41, -61.82
4.98, 0.0070, 9.77, 2.47, -0.04, -1.78, -46.82
4.99, 0.0060, 9.77, 2.47, -0.04, 0.87, -31.28
5.00, 0.0070, 9.77, 2.50, -0.04, 3.55, -15.33
5.00, 0.0070, 9.77, 2.54, -0.04, 6.27, 1.26
5.01, 0.0060, 9.77, 2.60, -0.04, 9.05, 18.49
5.02, 0.0060, 9.77, 2.67, -0.04, 11.89, 36.24
5.02, 0.0070, 9.77, 2.77, -0.04, 14.81, 54.68
5.03, 0.0060, 9.77, 2.88, -0.04, 17.79, 74.28
5.04, 0.0070, 9.77, 3.02, -0.04, 20.68, 94.31
5.04, 0.0070, 9.77, 3.18, -0.04, 22.93, 114.57
5.05, 0.0060, 9.77, 3.33, -0.04, 24.21, 131.27
5.05, 0.0070, 9.77, 3.50, -0.04, 24.54, 141.84
5.06, 0.0060, 9.77, 3.65, -0.04, 24.65, 147.23
5.07, 0.0070, 9.77, 3.82, -0.04, 25.13, 150.89
5.07, 0.0060, 9.77, 3.98, -0.04, 26.02, 157.27
5.08, 0.0080, 9.77, 4.20, -0.04, 27.02, 165.77
5.09, 0.0060, 9.77, 4.36, -0.04, 27.83, 176.08
5.09, 0.0060, 9.77, 4.53, -0.04, 28.18, 184.26
5.10, 0.0070, 9.77, 4.73, -0.04, 27.72, 189.74
5.11, 0.0060, 9.77, 4.89, -0.04, 26.38, 190.86
5.11, 0.0070, 9.77, 5.06, -0.04, 24.36, 185.98
5.12, 0.0060, 9.77, 5.19, -0.04, 22.25, 177.31
5.13, 0.0080, 9.77, 5.35, -0.04, 20.41, 167.29
5.13, 0.0060, 9.77, 5.46, -0.04, 18.71, 159.54
5.14, 0.0060, 9.77, 5.57, -0.04, 16.97, 151.53
5.15, 0.0070, 9.77, 5.67, -0.04, 14.76, 143.18
5.15, 0.0060, 9.77, 5.74, -0.04, 11.88, 131.99
5.16, 0.0070, 9.77, 5.80, -0.04, 8.09, 116.09
5.17, 0.0070, 9.77, 5.83, -0.04, 3.89, 94.50
5.17, 0.0060, 9.77, 5.82, -0.04, -0.16, 69.85
5.18, 0.0070, 9.77, 5.80, -0.04, -3.77, 45.53
5.19, 0.0060, 9.77, 5.76, -0.04, -6.94, 23.36
5.19, 0.0060, 9.77, 5.70, -0.04, -9.85, 3.51
5.20, 0.0070, 9.77, 5.61, -0.04, -12.83, -15.16
5.21, 0.0060, 9.77, 5.51, -0.04, -16.06, -34.83
5.21, 0.0080, 9.77, 5.35, -0.04, -19.88, -56.16
5.22, 0.0060, 9.77, 5.21, -0.04, -24.24, -82.24
5.23, 0.0060, 9.77, 5.03, -0.04, -28.71, -111.28
5.23, 0.0070, 9.77, 4.80, -0.04, -32.78, -141.58
5.24, 0.0060, 9.77, 4.59, -0.04, -35.74, -170.58
5.25, 0.0070, 9.77, 4.33, -0.04, -37.25, -192.65
5.25, 0.0070, 9.77, 4.07, -0.04, -37.61, -206.91
5.26, 0.0060, 9.77, 3.84, -0.04, -37.90, -214.31
5.26, 0.0070, 9.77, 3.57, -0.04, -39.05, -220.64
5.27, 0.0060, 9.77, 3.32, -0.04, -40.92, -233.01
5.28, 0.0070, 9.77, 3.02, -0.04, -42.66, -249.10
5.28, 0.0060, 9.77, 2.76, -0.04, -43.79, -265.51
5.29, 0.0070, 9.77, 2.45, -0.04, -43.86, -277.54
5.30, 0.0070, 9.77, 2.15, -0.04, -42.89, -284.11
5.30, 0.0070, 9.77, 1.86, -0.04, -41.21, -284.30
5.31, 0.0060, 9.77, 1.63, -0.04, -39.49, -280.03
5.32, 0.0070, 9.77, 1.36, -0.04, -37.83, -274.41
5.32, 0.0060, 9.77, 1.14, -0.04, -36.15, -269.73
5.33, 0.0070, 9.77, 0.90, -0.04, -34.26, -264.02
5.34, 0.0070, 9.77, 0.68, -0.04, -31.94, -257.49
5.34, 0.0060, 9.77, 0.51, -0.04, -29.03, -248.02
5.35, 0.0070, 9.77, 0.33, -0.04, -25.67, -234.07
5.36, 0.0060, 9.77, 0.20, -0.04, -21.84, -217.46
5.36, 0.0070, 9.77, 0.07, -0.04, -17.76, -197.14
5.37, 0.0060, 9.77, -0.01, -0.04, -13.56, -175.11
5.38, 0.0070, 9.77, -0.08, -0.04, -9.51, -151.56
5.38, 0.0070, 9.77, -0.12, -0.04, -5.79, -128.60
5.39, 0.0060, 9.77, -0.13, -0.04, -2.28, -107.06
5.40, 0.0070, 9.77, -0.12, -0.04, 1.26, -86.31
5.40, 0.0060, 9.77, -0.09, -0.04, 4.99, -64.89
5.41, 0.0060, 9.77, -0.04, -0.04, 9.37, -41.87
5.42, 0.0070, 9.77, 0.07, -0.04, 14.36, -14.51
5.42, 0.0070, 9.77, 0.20, -0.04, 19.66, 17.48
5.43, 0.0070, 9.77, 0.37, -0.04, 24.46, 52.02
5.44, 0.0060, 9.77, 0.54, -0.04, 28.33, 84.25
5.44, 0.0060, 9.77, 0.73, -0.04, 30.98, 110.86
5.45, 0.0070, 9.77, 0.96, -0.04, 33.15, 130.48
5.46, 0.0060, 9.77, 1.18, -0.04, 35.67, 148.17
5.46, 0.0070, 9.77, 1.45, -0.04, 39.02, 167.56
5.47, 0.0070, 9.77, 1.75, -0.04, 42.32, 193.09
5.48, 0.0070, 9.77, 2.06, -0.04, 44.75, 218.84
5.48, 0.0060, 9.77, 2.33, -0.04, 45.84, 239.66
5.49, 0.0060, 9.77, 2.61, -0.04, 45.64, 251.71
5.50, 0.0070, 9.77, 2.92, -0.04, 44.70, 255.96
5.50, 0.0060, 9.77, 3.18, -0.04, 43.77, 256.63
5.51, 0.0080, 9.77, 3.53, -0.04, 43.57, 256.27
5.52, 0.0060, 9.77, 3.79, -0.04, 43.54, 262.05
5.52, 0.0070, 9.77, 4.10, -0.04, 43.32, 267.12
5.53, 0.0060, 9.77, 4.35, -0.04, 42.31, 271.81
5.53, 0.0070, 9.77, 4.63, -0.04, 40.38, 270.85
5.54, 0.0060, 9.77, 4.86, -0.04, 37.56, 264.92
5.55, 0.0060, 9.77, 5.06, -0.04, 34.40, 252.54
5.55, 0.0080, 9.77, 5.31, -0.04, 31.32, 237.66
5.56, 0.0060, 9.77, 5.49, -0.04, 28.52, 224.22
5.57, 0.0070, 9.77, 5.67, -0.04, 26.17, 210.84
5.57, 0.0060, 9.77, 5.81, -0.04, 24.17, 200.38
5.58, 0.0070, 9.77, 5.97, -0.04, 22.00, 191.28
5.59, 0.0060, 9.77, 6.08, -0.04, 18.90, 181.34
5.59, 0.0080, 9.77, 6.20, -0.04, 14.68, 165.05
5.60, 0.0060, 9.77, 6.26, -0.04, 9.86, 142.07
5.61, 0.0060, 9.77, 6.29, -0.04, 4.68, 114.30
5.61, 0.0070, 9.77, 6.28, -0.04, -0.51, 83.83
5.62, 0.0060, 9.77, 6.25, -0.04, -5.19, 52.60
5.63, 0.0060, 9.77, 6.20, -0.04, -9.18, 23.88
5.63, 0.0070, 9.77, 6.11, -0.04, -12.60, -1.15
5.64, 0.0070, 9.77, 6.00, -0.04, -15.68, -23.44
5.65, 0.0060, 9.77, 5.89, -0.04, -18.75, -44.10
5.65, 0.0070, 9.77, 5.73, -0.04, -22.01, -64.78
5.66, 0.0060, 9.77, 5.58, -0.04, -25.43, -87.40
5.67, 0.0070, 9.77, 5.38, -0.04, -28.85, -110.99
5.67, 0.0060, 9.77, 5.18, -0.04, -32.13, -135.55
5.68, 0.0080, 9.77, 4.91, -0.04, -34.82, -159.07
5.69, 0.0060, 9.77, 4.68, -0.04, -36.91, -180.80
5.69, 0.0060, 9.77, 4.45, -0.04, -38.55, -197.75
5.70, 0.0070, 9.77, 4.17, -0.04, -40.13, -212.24
5.71, 0.0060, 9.77, 3.92, -0.04, -41.88, -227.32
5.71, 0.0070, 9.77, 3.62, -0.04, -43.62, -242.83
5.72, 0.0060, 9.77, 3.35, -0.04, -45.11, -259.40
5.73, 0.0080, 9.77, 2.98, -0.04, -45.88, -273.78
5.73, 0.0060, 9.77, 2.70, -0.04, -45.91, -285.70
5.74, 0.0070, 9.77, 2.39, -0.04, -45.27, -291.40
5.75, 0.0060, 9.77, 2.12, -0.04, -44.39, -293.90
5.75, 0.0060, 9.77, 1.86, -0.04, -43.87, -293.93
5.76, 0.0070, 9.77, 1.55, -0.04, -43.89, -296.07
5.77, 0.0070, 9.77, 1.24, -0.04, -44.51, -302.38
5.77, 0.0070, 9.77, 0.92, -0.04, -45.22, -312.31
5.78, 0.0060, 9.77, 0.65, -0.04, -45.32, -322.93
5.78, 0.0070, 9.77, 0.34, -0.04, -43.94, -328.93
5.79, 0.0060, 9.77, 0.09, -0.04, -41.08, -326.81
5.80, 0.0070, 9.77, -0.17, -0.04, -37.69, -314.57
5.80, 0.0060, 9.77, -0.38, -0.04, -34.88, -299.49
5.81, 0.0080, 9.77, -0.64, -0.04, -32.98, -286.84
5.82, 0.0060, 9.77, -0.83, -0.04, -32.08, -280.70
5.82, 0.0060, 9.77, -1.02, -0.04, -31.45, -279.14
5.83, 0.0070, 9.77, -1.24, -0.04, -30.61, -279.18
5.84, 0.0060, 9.77, -1.41, -0.04, -29.44, -278.38
5.84, 0.0070, 9.77, -1.61, -0.04, -28.17, -274.93
5.85, 0.0070, 9.77, -1.80, -0.04, -26.52, -271.27
5.86, 0.0070, 9.77, -1.97, -0.04, -24.52, -265.06
5.86, 0.0060, 9.77, -2.10, -0.04, -22.28, -256.48
5.87, 0.0070, 9.77, -2.24, -0.04, -20.35, -245.75
5.88, 0.0060, 9.77, -2.36, -0.04, -18.87, -236.99
5.88, 0.0060, 9.77, -2.47, -0.04, -17.94, -230.39
5.89, 0.0080, 9.77, -2.60, -0.04, -17.21, -226.93
5.90, 0.0060, 9.77, -2.70, -0.04, -16.27, -225.34
5.90, 0.0070, 9.77, -2.80, -0.04, -14.80, -221.63
5.91, 0.0060, 9.77, -2.88, -0.04, -12.82, -214.91
5.92, 0.0070, 9.77, -2.96, -0.04, -10.56, -204.53
5.92, 0.0060, 9.77, -3.01, -0.04, -8.38, -192.47
5.93, 0.0070, 9.77, -3.05, -0.04, -6.66, -180.42
5.94, 0.0070, 9.77, -3.09, -0.04, -5.39, -171.01
5.94, 0.0060, 9.77, -3.12, -0.04, -4.37, -164.14
5.95, 0.0070, 9.77, -3.14, -0.04, -3.22, -158.53
5.96, 0.0060, 9.77, -3.15, -0.04, -2.00, -152.10
5.96, 0.0070, 9.77, -3.16, -0.04, -0.94, -145.01
5.97, 0.0060, 9.77, -3.16, -0.04, -0.21, -138.81
5.98, 0.0060, 9.77, -3.16, -0.04, 0.11, -134.45
5.98, 0.0080, 9.77, -3.16, -0.04, 0.09, -132.48
5.99, 0.0060, 9.77, -3.16, -0.04, 0.16, -132.63
6.00, 0.0070, 9.77, -3.15, -0.04, 0.57, -132.17
6.00, 0.0060, 9.77, -3.14, -0.04, 2.17, -129.63
6.01, 0.0060, 9.77, -3.11, -0.04, 4.95, -119.77
6.02, 0.0070, 9.77, -3.05, -0.04, 8.24, -102.50
6.02, 0.0070, 9.77, -2.98, -0.04, 10.69, -81.61
6.03, 0.0070, 9.77, -2.90, -0.04, 11.48, -65.40
6.03, 0.0060, 9.77, -2.83, -0.04, 11.35, -59.05
6.04, 0.0060, 9.77, -2.76, -0.04, 10.85, -58.47
6.05, 0.0070, 9.77, -2.69, -0.04, 10.20, -60.15
6.05, 0.0060, 9.77, -2.63, -0.04, 9.87, -62.62
6.06, 0.0060, 9.77, -2.57, -0.04, 10.17, -63.44
6.07, 0.0080, 9.77, -2.48, -0.04, 11.44, -60.40
6.07, 0.0060, 9.77, -2.40, -0.04, 13.11, -50.99
6.08, 0.0070, 9.77, -2.30, -0.04, 14.67, -39.35
6.09, 0.0060, 9.77, -2.21, -0.04, 15.65, -27.96
6.09, 0.0060, 9.77, -2.11, -0.04, 16.05, -20.21
6.10, 0.0070, 9.77, -2.00, -0.04, 15.96, -15.90
6.11, 0.0070, 9.77, -1.89, -0.04, 15.65, -14.15
6.11, 0.0060, 9.77, -1.80, -0.04, 15.00, -13.88
6.12, 0.0070, 9.77, -1.70, -0.04, 14.18, -15.97
6.13, 0.0060, 9.77, -1.62, -0.04, 13.39, -18.86
6.13, 0.0070, 9.77, -1.53, -0.04, 12.69, -22.01
6.14, 0.0060, 9.77, -1.46, -0.04, 11.92, -24.42
6.15, 0.0060, 9.77, -1.39, -0.04, 11.08, -27.66
6.15, 0.0080, 9.77, -1.31, -0.04, 9.98, -31.32
6.16, 0.0060, 9.77, -1.26, -0.04, 8.86, -36.34
6.17, 0.0060, 9.77, -1.21, -0.04, 7.51, -42.02
6.17, 0.0070, 9.77, -1.17, -0.04, 5.88, -49.21
6.18, 0.0060, 9.77, -1.15, -0.04, 3.95, -58.18
6.19, 0.0070, 9.77, -1.14, -0.04, 1.67, -69.27
6.19, 0.0070, 9.77, -1.14, -0.04, -0.57, -82.72
6.20, 0.0060, 9.77, -1.16, -0.04, -2.82, -96.22
6.21, 0.0070, 9.77, -1.19, -0.04, -5.02, -110.05
6.21, 0.0060, 9.77, -1.24, -0.04, -7.16, -123.95
6.22, 0.0060, 9.77, -1.29, -0.04, -9.49, -137.67
6.22, 0.0070, 9.77, -1.37, -0.04, -11.71, -152.82
6.23, 0.0060, 9.77, -1.46, -0.04, -13.98, -167.77
6.24, 0.0080, 9.77, -1.59, -0.04, -16.08, -183.03
6.25, 0.0060, 9.77, -1.69, -0.04, -17.99, -198.22
6.25, 0.0070, 9.77, -1.83, -0.04, -19.84, -211.86
6.26, 0.0060, 9.77, -1.96, -0.04, -21.69, -225.73
6.26, 0.0070, 9.77, -2.13, -0.04, -23.51, -239.39
6.27, 0.0060, 9.77, -2.28, -0.04, -25.02, -253.61
6.28, 0.0070, 9.77, -2.46, -0.04, -26.00, -265.67
6.28, 0.0070, 9.77, -2.65, -0.04, -26.65, -275.20
6.29, 0.0060, 9.77, -2.81, -0.04, -27.55, -282.86
6.30, 0.0070, 9.77, -3.01, -0.04, -28.94, -291.54
6.30, 0.0060, 9.77, -3.20, -0.04, -30.39, -303.96
6.31, 0.0070, 9.77, -3.42, -0.04, -31.54, -316.30
6.32, 0.0060, 9.77, -3.61, -0.04, -32.22, -327.59
6.32, 0.0080, 9.77, -3.87, -0.04, -32.62, -335.53
6.33, 0.0060, 9.77, -4.07, -0.04, -33.10, -343.18
6.34, 0.0070, 9.77, -4.31, -0.04, -33.92, -349.99
6.34, 0.0060, 9.77, -4.52, -0.04, -34.85, -359.70
6.35, 0.0070, 9.77, -4.77, -0.04, -35.51, -369.45
6.36, 0.0060, 9.77, -4.98, -0.04, -35.77, -378.39
6.36, 0.0080, 9.77, -5.26, -0.04, -35.17, -384.24
6.37, 0.0060, 9.77, -5.46, -0.04, -33.58, -386.25
6.38, 0.0060, 9.77, -5.65, -0.04, -31.55, -380.73
6.38, 0.0070, 9.77, -5.86, -0.04, -29.38, -372.35
6.39, 0.0060, 9.77, -6.02, -0.04, -27.71, -363.43
6.40, 0.0070, 9.77, -6.22, -0.04, -27.29, -356.74
6.40, 0.0070, 9.77, -6.41, -0.04, -28.30, -358.07
6.41, 0.0070, 9.77, -6.62, -0.04, -29.81, -368.09
6.42, 0.0060, 9.77, -6.80, -0.04, -30.34, -381.29
6.42, 0.0070, 9.77, -7.01, -0.04, -29.49, -388.14
6.43, 0.0060, 9.77, -7.18, -0.04, -27.60, -387.14
6.44, 0.0070, 9.77, -7.35, -0.04, -25.41, -379.11
6.44, 0.0060, 9.77, -7.50, -0.04, -23.50, -369.52
6.45, 0.0080, 9.77, -7.67, -0.04, -22.00, -360.88
6.46, 0.0060, 9.77, -7.80, -0.04, -21.10, -355.41
6.46, 0.0060, 9.77, -7.92, -0.04, -20.59, -352.54
6.47, 0.0070, 9.77, -8.07, -0.04, -20.65, -351.98
6.48, 0.0060, 9.77, -8.19, -0.04, -21.24, -355.20
6.48, 0.0070, 9.77, -8.35, -0.04, -21.79, -361.29
6.49, 0.0070, 9.77, -8.50, -0.04, -22.01, -367.66
6.50, 0.0070, 9.77, -8.65, -0.04, -21.82, -372.06
6.50, 0.0060, 9.77, -8.78, -0.04, -21.59, -373.99
6.51, 0.0070, 9.77, -8.93, -0.04, -21.74, -375.21
6.51, 0.0060, 9.77, -9.06, -0.04, -21.71, -379.14
6.52, 0.0060, 9.77, -9.19, -0.04, -21.56, -381.57
6.53, 0.0070, 9.77, -9.34, -0.04, -20.86, -383.26
6.54, 0.0070, 9.77, -9.48, -0.04, -19.34, -381.96
6.54, 0.0070, 9.77, -9.60, -0.04, -17.55, -375.56
6.55, 0.0060, 9.77, -9.69, -0.04, -15.71, -367.29
6.55, 0.0070, 9.77, -9.79, -0.04, -14.17, -358.14
6.56, 0.0060, 9.77, -9.87, -0.04, -13.45, -350.85
6.57, 0.0070, 9.77, -9.97, -0.04, -13.66, -348.12
6.57, 0.0070, 9.77, -10.07, -0.04, -14.55, -351.33
6.58, 0.0070, 9.77, -10.18, -0.04, -15.87, -358.71
6.59, 0.0060, 9.77, -10.28, -0.04, -16.83, -368.82
6.59, 0.0070, 9.77, -10.40, -0.04, -16.40, -376.65
6.60, 0.0060, 9.77, -10.48, -0.04, -14.49, -376.36
6.61, 0.0070, 9.77, -10.57, -0.04, -11.98, -366.63
6.61, 0.0060, 9.77, -10.62, -0.04, -9.45, -353.22
6.62, 0.0080, 9.77, -10.69, -0.04, -7.58, -339.20
6.63, 0.0060, 9.77, -10.73, -0.04, -6.70, -329.21
6.64, 0.0060, 9.77, -10.76, -0.04, -6.56, -324.72
6.64, 0.0070, 9.77, -10.81, -0.04, -6.59, -324.68
6.65, 0.0060, 9.77, -10.85, -0.04, -6.62, -325.78
6.65, 0.0070, 9.77, -10.89, -0.04, -6.17, -326.75
6.66, 0.0070, 9.77, -10.93, -0.04, -5.47, -324.92
6.67, 0.0070, 9.77, -10.96, -0.04, -4.30, -321.47
6.67, 0.0060, 9.77, -10.98, -0.04, -2.62, -315.04
6.68, 0.0070, 9.77, -10.98, -0.04, -0.86, -305.26
6.69, 0.0060, 9.77, -10.98, -0.04, 0.87, -294.82
6.69, 0.0060, 9.77, -10.96, -0.04, 2.49, -284.38
6.70, 0.0070, 9.77, -10.94, -0.04, 3.97, -274.34
6.71, 0.0070, 9.77, -10.90, -0.04, 5.51, -264.90
6.71, 0.0070, 9.77, -10.85, -0.04, 6.53, -254.87
6.72, 0.0060, 9.77, -10.81, -0.04, 7.54, -247.83
6.73, 0.0070, 9.77, -10.75, -0.04, 8.33, -240.91
6.73, 0.0060, 9.77, -10.70, -0.04, 8.65, -234.99
6.74, 0.0060, 9.77, -10.64, -0.04, 8.78, -232.03
6.75, 0.0080, 9.77, -10.57, -0.04, 8.84, -230.21
6.75, 0.0060, 9.77, -10.52, -0.04, 9.47, -228.41
6.76, 0.0070, 9.77, -10.44, -0.04, 10.52, -223.49
6.77, 0.0060, 9.77, -10.37, -0.04, 12.09, -215.70
6.77, 0.0070, 9.77, -10.27, -0.04, 14.03, -204.88
6.78, 0.0060, 9.77, -10.17, -0.04, 16.24, -191.27
6.79, 0.0080, 9.77, -10.03, -0.04, 18.11, -176.06
6.79, 0.0060, 9.77, -9.91, -0.04, 19.32, -161.93
6.80, 0.0070, 9.77, -9.77, -0.04, 19.95, -152.34
6.81, 0.0060, 9.77, -9.65, -0.04, 20.29, -145.78
6.81, 0.0070, 9.77, -9.51, -0.04, 20.61, -141.32
6.82, 0.0060, 9.77, -9.38, -0.04, 21.29, -136.48
6.83, 0.0060, 9.77, -9.24, -0.04, 22.54, -129.83
6.83, 0.0080, 9.77, -9.05, -0.04, 24.11, -119.64
6.84, 0.0060, 9.77, -8.90, -0.04, 25.76, -106.37
6.85, 0.0070, 9.77, -8.71, -0.04, 27.34, -93.41
6.85, 0.0060, 9.77, -8.53, -0.04, 28.60, -80.09
6.86, 0.0060, 9.77, -8.36, -0.04, 29.54, -69.11
6.86, 0.0070, 9.77, -8.15, -0.04, 30.13, -59.91
6.87, 0.0060, 9.77, -7.96, -0.04, 30.52, -52.17
6.88, 0.0080, 9.77, -7.71, -0.04, 31.15, -46.15
6.89, 0.0060, 9.77, -7.52, -0.04, 32.11, -37.40
6.89, 0.0070, 9.77, -7.29, -0.04, 33.43, -27.74
6.90, 0.0060, 9.77, -7.08, -0.04, 34.73, -15.18
6.91, 0.0060, 9.77, -6.86, -0.04, 35.84, -3.17
6.91, 0.0070, 9.77, -6.61, -0.04, 36.53, 7.78
6.92, 0.0070, 9.77, -6.35, -0.04, 36.52, 17.00
6.93, 0.0060, 9.77, -6.14, -0.04, 36.17, 22.09
6.93, 0.0070, 9.77, -5.88, -0.04, 36.01, 24.32
6.94, 0.0060, 9.77, -5.67, -0.04, 36.28, 28.42
6.94, 0.0070, 9.77, -5.41, -0.04, 36.53, 34.38
6.95, 0.0060, 9.77, -5.19, -0.04, 36.32, 41.00
6.96, 0.0060, 9.77, -4.98, -0.04, 35.81, 44.07
6.96, 0.0080, 9.77, -4.70, -0.04, 34.76, 45.31
6.97, 0.0060, 9.77, -4.50, -0.04, 33.54, 44.59
6.98, 0.0070, 9.77, -4.27, -0.04, 32.03, 41.31
6.98, 0.0060, 9.77, -4.09, -0.04, 30.69, 36.72
6.99, 0.0060, 9.77, -3.91, -0.04, 29.49, 32.34
7.00, 0.0070, 9.77, -3.71, -0.04, 28.38, 28.67
7.00, 0.0070, 9.77, -3.52, -0.04, 27.08, 26.02
7.01, 0.0060, 9.77, -3.37, -0.04, 25.43, 22.01
7.02, 0.0070, 9.77, -3.21, -0.04, 23.42, 15.13
7.02, 0.0060, 9.77, -3.08, -0.04, 21.20, 6.34
7.03, 0.0070, 9.77, -2.95, -0.04, 19.05, -4.42
7.03, 0.0060, 9.77, -2.84, -0.04, 17.07, -14.66
7.04, 0.0060, 9.77, -2.75, -0.04, 15.40, -24.48
7.05, 0.0080, 9.77, -2.64, -0.04, 14.04, -32.67
7.05, 0.0060, 9.77, -2.56, -0.04, 12.89, -38.59
7.06, 0.0060, 9.77, -2.49, -0.04, 11.81, -43.93
7.07, 0.0070, 9.77, -2.42, -0.04, 10.46, -48.96
7.07, 0.0060, 9.77, -2.37, -0.04, 8.62, -55.59
7.08, 0.0070, 9.77, -2.32, -0.04, 6.53, -65.59
7.09, 0.0070, 9.77, -2.29, -0.04, 4.31, -77.24
7.09, 0.0060, 9.77, -2.28, -0.04, 2.24, -89.95
7.10, 0.0070, 9.77, -2.27, -0.04, 0.42, -102.13
7.11, 0.0060, 9.77, -2.28, -0.04, -0.98, -112.95
7.11, 0.0060, 9.77, -2.29, -0.04, -1.84, -121.47
7.12, 0.0070, 9.77, -2.31, -0.04, -2.26, -126.88
7.13, 0.0060, 9.77, -2.32, -0.04, -2.46, -129.70
7.13, 0.0070, 9.77, -2.34, -0.04, -2.93, -131.23
7.14, 0.0070, 9.77, -2.37, -0.04, -3.44, -134.45
7.15, 0.0060, 9.77, -2.39, -0.04, -4.06, -137.96
7.15, 0.0070, 9.77, -2.42, -0.04, -4.51, -142.17
7.16, 0.0060, 9.77, -2.45, -0.04, -4.58, -145.51
7.17, 0.0060, 9.77, -2.48, -0.04, -4.30, -146.50
7.17, 0.0080, 9.77, -2.51, -0.04, -3.72, -145.29
7.18, 0.0060, 9.77, -2.52, -0.04, -3.04, -142.43
7.19, 0.0070, 9.77, -2.54, -0.04, -2.44, -138.71
7.19, 0.0060, 9.77, -2.55, -0.04, -2.07, -135.44
7.20, 0.0060, 9.77, -2.56, -0.04, -1.72, -133.46
7.21, 0.0070, 9.77, -2.57, -0.04, -1.17, -131.62
7.21, 0.0060, 9.77, -2.57, -0.04, -0.29, -128.48
7.22, 0.0080, 9.77, -2.57, -0.04, 0.86, -123.19
7.23, 0.0060, 9.77, -2.55, -0.04, 2.06, -116.16
7.23, 0.0060, 9.77, -2.54, -0.04, 3.15, -108.71
7.24, 0.0070, 9.77, -2.51, -0.04, 3.96, -101.81
7.25, 0.0060, 9.77, -2.48, -0.04, 4.52, -96.41
7.25, 0.0070, 9.77, -2.45, -0.04, 4.91, -92.48
7.26, 0.0070, 9.77, -2.41, -0.04, 5.31, -89.48
7.26, 0.0060, 9.77, -2.37, -0.04, 5.94, -86.30
7.27, 0.0070, 9.77, -2.33, -0.04, 6.82, -81.81
7.28, 0.0060, 9.77, -2.28, -0.04, 7.71, -75.60
7.28, 0.0060, 9.77, -2.23, -0.04, 8.51, -69.31
7.29, 0.0070, 9.77, -2.16, -0.04, 9.17, -63.49
7.30, 0.0060, 9.77, -2.11, -0.04, 9.78, -58.25
7.30, 0.0080, 9.77, -2.02, -0.04, 10.35, -53.44
7.31, 0.0060, 9.77, -1.96, -0.04, 10.89, -48.38
7.32, 0.0060, 9.77, -1.89, -0.04, 11.25, -43.81
7.32, 0.0070, 9.77, -1.81, -0.04, 11.49, -40.29
7.33, 0.0060, 9.77, -1.74, -0.04, 11.81, -37.24
7.34, 0.0070, 9.77, -1.65, -0.04, 12.43, -33.89
7.34, 0.0070, 9.77, -1.56, -0.04, 13.32, -28.42
7.35, 0.0060, 9.77, -1.47, -0.04, 14.43, -21.24
7.36, 0.0070, 9.77, -1.36, -0.04, 15.90, -12.83
7.36, 0.0060, 9.77, -1.26, -0.04, 17.20, -1.80
7.37, 0.0060, 9.77, -1.15, -0.04, 17.73, 8.06
7.38, 0.0070, 9.77, -1.03, -0.04, 17.43, 13.39
7.38, 0.0060, 9.77, -0.93, -0.04, 16.70, 13.98
7.39, 0.0080, 9.77, -0.80, -0.04, 16.17, 11.62
7.40, 0.0060, 9.77, -0.70, -0.04, 16.24, 11.04
7.40, 0.0060, 9.77, -0.60, -0.04, 16.79, 13.43
7.41, 0.0070, 9.77, -0.48, -0.04, 17.48, 18.70
7.41, 0.0060, 9.77, -0.37, -0.04, 17.96, 25.28
7.42, 0.0060, 9.77, -0.26, -0.04, 18.30, 30.36
7.43, 0.0080, 9.77, -0.11, -0.04, 18.51, 34.56
7.44, 0.0060, 9.77, -0.00, -0.04, 18.74, 38.80
7.44, 0.0070, 9.77, 0.13, -0.04, 18.96, 42.41
7.45, 0.0060, 9.77, 0.25, -0.04, 19.13, 46.39
7.45, 0.0060, 9.77, 0.36, -0.04, 19.17, 49.69
7.46, 0.0070, 9.77, 0.50, -0.04, 19.13, 52.25
7.47, 0.0060, 9.77, 0.61, -0.04, 19.06, 54.69
7.47, 0.0080, 9.77, 0.76, -0.04, 19.05, 56.55
	Adafruit MPU6050 test!
MPU6050 Found!
Accelerometer range set to: +-8G
Gyro range set to: +- 500 deg/s
Filter bandwidth set to: 21 Hz

Calibrating ...
Done calibrating !
Waiting ...
