3.60, 3.5920, 10.83, 10.83, -0.04, -0.00, 0.00
3.60, 0.0060, 10.83, 10.83, -0.04, -0.00, 146.54
3.61, 0.0060, 10.83, 10.83, -0.04, -0.00, 146.54
3.61, 0.0070, 10.83, 10.83, -0.04, -0.01, 146.54
3.62, 0.0060, 10.83, 10.83, -0.04, -0.00, 146.53
3.63, 0.0070, 10.83, 10.83, -0.04, 0.01, 146.54
3.63, 0.0070, 10.83, 10.83, -0.04, 0.03, 146.55
3.64, 0.0060, 10.83, 10.83, -0.04, 0.02, 146.60
3.65, 0.0070, 10.83, 10.83, -0.04, -0.12, 146.59
3.65, 0.0060, 10.83, 10.82, -0.04, -0.60, 146.29
3.66, 0.0070, 10.83, 10.81, -0.04, -1.44, 145.26
3.67, 0.0060, 10.83, 10.80, -0.04, -2.70, 143.38
3.67, 0.0080, 10.83, 10.76, -0.04, -4.22, 140.53
3.68, 0.0060, 10.83, 10.73, -0.04, -5.81, 136.82
3.69, 0.0060, 10.83, 10.69, -0.04, -7.18, 132.94
3.69, 0.0070, 10.83, 10.63, -0.04, -8.02, 129.34
3.70, 0.0060, 10.83, 10.58, -0.04, -8.18, 126.53
3.71, 0.0070, 10.83, 10.53, -0.04, -7.75, 125.23
3.71, 0.0060, 10.83, 10.48, -0.04, -7.26, 125.01
3.72, 0.0080, 10.83, 10.42, -0.04, -7.68, 125.12
3.73, 0.0060, 10.83, 10.36, -0.04, -9.27, 123.04
3.73, 0.0070, 10.83, 10.28, -0.04, -11.44, 118.77
3.74, 0.0060, 10.83, 10.20, -0.04, -13.44, 112.82
3.75, 0.0070, 10.83, 10.10, -0.04, -14.97, 107.21
3.75, 0.0060, 10.83, 10.00, -0.04, -15.98, 102.05
3.76, 0.0080, 10.83, 9.87, -0.04, -16.64, 98.10
3.77, 0.0060, 10.83, 9.77, -0.04, -17.17, 94.13
3.77, 0.0060, 10.83, 9.66, -0.04, -17.79, 91.00
3.78, 0.0070, 10.83, 9.53, -0.04, -18.65, 87.63
3.79, 0.0060, 10.83, 9.41, -0.04, -19.90, 83.30
3.79, 0.0070, 10.83, 9.26, -0.04, -21.37, 78.42
3.80, 0.0060, 10.83, 9.12, -0.04, -22.95, 72.48
3.81, 0.0080, 10.83, 8.93, -0.04, -24.44, 66.56
3.81, 0.0060, 10.83, 8.77, -0.04, -25.73, 59.67
3.82, 0.0070, 10.83, 8.59, -0.04, -26.80, 54.01
3.83, 0.0060, 10.83, 8.42, -0.04, -27.84, 48.11
3.83, 0.0060, 10.83, 8.24, -0.04, -29.06, 42.69
3.84, 0.0070, 10.83, 8.03, -0.04, -30.42, 36.76
3.85, 0.0070, 10.83, 7.81, -0.04, -31.66, 29.80
3.85, 0.0070, 10.83, 7.58, -0.04, -32.47, 22.87
3.86, 0.0060, 10.83, 7.39, -0.04, -32.81, 16.71
3.87, 0.0070, 10.83, 7.16, -0.04, -32.63, 12.10
3.87, 0.0060, 10.83, 6.96, -0.04, -32.13, 7.89
3.88, 0.0070, 10.83, 6.74, -0.04, -31.39, 5.04
3.89, 0.0060, 10.83, 6.56, -0.04, -30.67, 2.12
3.89, 0.0070, 10.83, 6.35, -0.04, -30.29, -0.13
3.90, 0.0070, 10.83, 6.14, -0.04, -30.52, -3.61
3.90, 0.0060, 10.83, 5.95, -0.04, -31.32, -8.34
3.91, 0.0070, 10.83, 5.72, -0.04, -32.21, -13.70
3.92, 0.0060, 10.83, 5.53, -0.04, -32.22, -19.99
3.92, 0.0060, 10.83, 5.34, -0.04, -31.07, -23.86
3.93, 0.0080, 10.83, 5.11, -0.04, -29.27, -25.30
3.94, 0.0060, 10.83, 4.94, -0.04, -27.48, -26.38
3.94, 0.0070, 10.83, 4.76, -0.04, -26.02, -26.10
3.95, 0.0060, 10.83, 4.61, -0.04, -24.94, -26.82
3.96, 0.0070, 10.83, 4.44, -0.04, -24.16, -27.65
3.96, 0.0060, 10.83, 4.30, -0.04, -23.49, -29.48
3.97, 0.0080, 10.83, 4.12, -0.04, -22.70, -30.97
3.98, 0.0060, 10.83, 3.99, -0.04, -21.56, -33.02
3.98, 0.0060, 10.83, 3.87, -0.04, -19.89, -33.32
3.99, 0.0070, 10.83, 3.75, -0.04, -17.95, -32.37
4.00, 0.0060, 10.83, 3.65, -0.04, -15.99, -30.99
4.00, 0.0070, 10.83, 3.55, -0.04, -14.28, -29.01
4.01, 0.0060, 10.83, 3.47, -0.04, -12.83, -27.58
4.02, 0.0080, 10.83, 3.38, -0.04, -11.57, -26.22
4.02, 0.0060, 10.83, 3.32, -0.04, -10.23, -25.54
4.03, 0.0070, 10.83, 3.26, -0.04, -8.61, -24.09
4.04, 0.0060, 10.83, 3.22, -0.04, -6.75, -22.07
4.04, 0.0060, 10.83, 3.19, -0.04, -4.80, -19.15
4.05, 0.0070, 10.83, 3.17, -0.04, -2.97, -15.84
4.06, 0.0060, 10.83, 3.16, -0.04, -1.26, -12.58
4.06, 0.0080, 10.83, 3.16, -0.04, 0.30, -9.32
4.07, 0.0060, 10.83, 3.17, -0.04, 1.77, -6.14
4.08, 0.0060, 10.83, 3.19, -0.04, 2.89, -2.99
4.08, 0.0070, 10.83, 3.22, -0.04, 3.81, -0.41
4.09, 0.0060, 10.83, 3.25, -0.04, 4.74, 1.96
4.10, 0.0060, 10.83, 3.28, -0.04, 5.20, 4.39
4.10, 0.0080, 10.83, 3.32, -0.04, 5.39, 5.94
4.11, 0.0060, 10.83, 3.35, -0.04, 5.42, 7.18
4.11, 0.0060, 10.83, 3.39, -0.04, 5.46, 7.90
4.12, 0.0070, 10.83, 3.42, -0.04, 5.51, 8.62
4.13, 0.0060, 10.83, 3.46, -0.04, 5.59, 9.51
4.13, 0.0060, 10.83, 3.49, -0.04, 5.70, 10.32
4.14, 0.0070, 10.83, 3.53, -0.04, 5.86, 11.23
4.15, 0.0070, 10.83, 3.57, -0.04, 6.02, 12.37
4.15, 0.0060, 10.83, 3.61, -0.04, 6.14, 13.54
4.16, 0.0070, 10.83, 3.65, -0.04, 6.08, 14.52
4.17, 0.0060, 10.83, 3.69, -0.04, 5.75, 15.24
4.17, 0.0060, 10.83, 3.72, -0.04, 5.16, 15.28
4.18, 0.0070, 10.83, 3.75, -0.04, 4.42, 14.72
4.19, 0.0070, 10.83, 3.78, -0.04, 3.70, 13.86
4.19, 0.0070, 10.83, 3.80, -0.04, 3.15, 12.93
4.20, 0.0060, 10.83, 3.82, -0.04, 2.79, 12.27
4.21, 0.0060, 10.83, 3.83, -0.04, 2.52, 11.88
4.21, 0.0070, 10.83, 3.85, -0.04, 2.25, 11.65
4.22, 0.0060, 10.83, 3.86, -0.04, 1.90, 11.43
4.23, 0.0060, 10.83, 3.87, -0.04, 1.46, 10.96
4.23, 0.0080, 10.83, 3.87, -0.04, 0.90, 10.24
4.24, 0.0060, 10.83, 3.88, -0.04, 0.27, 9.27
4.25, 0.0060, 10.83, 3.87, -0.04, -0.41, 8.04
4.25, 0.0070, 10.83, 3.86, -0.04, -1.11, 6.64
4.26, 0.0060, 10.83, 3.85, -0.04, -1.81, 5.07
4.26, 0.0060, 10.83, 3.84, -0.04, -2.45, 3.47
4.27, 0.0080, 10.83, 3.82, -0.04, -2.84, 1.89
4.28, 0.0060, 10.83, 3.80, -0.04, -3.14, 0.66
4.28, 0.0060, 10.83, 3.78, -0.04, -3.59, -0.32
4.29, 0.0070, 10.83, 3.75, -0.04, -3.65, -1.65
4.30, 0.0060, 10.83, 3.73, -0.04, -3.50, -2.28
4.30, 0.0060, 10.83, 3.71, -0.04, -3.24, -2.40
4.31, 0.0070, 10.83, 3.69, -0.04, -3.01, -2.27
4.32, 0.0070, 10.83, 3.67, -0.04, -2.80, -2.23
4.32, 0.0060, 10.83, 3.65, -0.04, -2.67, -2.21
4.33, 0.0070, 10.83, 3.63, -0.04, -2.71, -2.26
4.34, 0.0060, 10.83, 3.62, -0.04, -2.93, -2.73
4.34, 0.0060, 10.83, 3.60, -0.04, -3.27, -3.51
4.35, 0.0070, 10.83, 3.57, -0.04, -3.61, -4.59
4.36, 0.0070, 10.83, 3.55, -0.04, -3.76, -5.78
4.36, 0.0060, 10.83, 3.52, -0.04, -3.67, -6.60
4.37, 0.0070, 10.83, 3.50, -0.04, -3.43, -6.87
4.38, 0.0060, 10.83, 3.48, -0.04, -3.23, -6.87
4.38, 0.0070, 10.83, 3.46, -0.04, -3.12, -6.85
4.39, 0.0060, 10.83, 3.44, -0.04, -3.12, -7.07
4.40, 0.0060, 10.83, 3.42, -0.04, -3.15, -7.44
4.40, 0.0080, 10.83, 3.40, -0.04, -3.18, -7.87
4.41, 0.0060, 10.83, 3.38, -0.04, -3.23, -8.46
4.41, 0.0060, 10.83, 3.36, -0.04, -3.28, -8.93
4.42, 0.0070, 10.83, 3.33, -0.04, -3.35, -9.44
4.43, 0.0060, 10.83, 3.31, -0.04, -3.41, -10.04
4.43, 0.0060, 10.83, 3.29, -0.04, -3.47, -10.58
4.44, 0.0070, 10.83, 3.27, -0.04, -3.51, -11.10
4.45, 0.0070, 10.83, 3.24, -0.04, -3.50, -11.67
4.45, 0.0070, 10.83, 3.22, -0.04, -3.48, -12.14
4.46, 0.0060, 10.83, 3.20, -0.04, -3.48, -12.59
4.47, 0.0060, 10.83, 3.18, -0.04, -3.54, -13.02
4.47, 0.0070, 10.83, 3.15, -0.04, -3.66, -13.55
4.48, 0.0060, 10.83, 3.13, -0.04, -3.81, -14.30
4.49, 0.0080, 10.83, 3.10, -0.04, -3.97, -15.07
4.49, 0.0060, 10.83, 3.07, -0.04, -4.08, -16.01
4.50, 0.0060, 10.83, 3.05, -0.04, -4.14, -16.73
4.51, 0.0070, 10.83, 3.02, -0.04, -4.16, -17.34
4.51, 0.0060, 10.83, 2.99, -0.04, -4.18, -17.97
4.52, 0.0060, 10.83, 2.97, -0.04, -4.21, -18.51
4.53, 0.0070, 10.83, 2.94, -0.04, -4.25, -19.07
4.53, 0.0070, 10.83, 2.91, -0.04, -4.30, -19.75
4.54, 0.0070, 10.83, 2.88, -0.04, -4.35, -20.44
4.54, 0.0060, 10.83, 2.85, -0.04, -4.42, -21.16
4.55, 0.0070, 10.83, 2.82, -0.04, -4.53, -21.84
4.56, 0.0060, 10.83, 2.79, -0.04, -4.66, -22.68
4.56, 0.0060, 10.83, 2.76, -0.04, -4.81, -23.51
4.57, 0.0080, 10.83, 2.72, -0.04, -4.92, -24.37
4.58, 0.0060, 10.83, 2.69, -0.04, -5.00, -25.39
4.58, 0.0060, 10.83, 2.66, -0.04, -5.04, -26.15
4.59, 0.0070, 10.83, 2.63, -0.04, -5.09, -26.84
4.60, 0.0060, 10.83, 2.60, -0.04, -5.15, -27.64
4.60, 0.0070, 10.83, 2.56, -0.04, -5.26, -28.39
4.61, 0.0060, 10.83, 2.53, -0.04, -5.39, -29.34
4.62, 0.0070, 10.83, 2.49, -0.04, -5.53, -30.25
4.62, 0.0070, 10.83, 2.45, -0.04, -5.65, -31.31
4.63, 0.0060, 10.83, 2.41, -0.04, -5.71, -32.33
4.64, 0.0070, 10.83, 2.37, -0.04, -5.71, -33.15
4.64, 0.0060, 10.83, 2.34, -0.04, -5.67, -33.94
4.65, 0.0060, 10.83, 2.31, -0.04, -5.65, -34.54
4.66, 0.0080, 10.83, 2.26, -0.04, -5.69, -35.17
4.66, 0.0060, 10.83, 2.23, -0.04, -5.80, -36.16
4.67, 0.0070, 10.83, 2.18, -0.04, -5.95, -37.08
4.68, 0.0060, 10.83, 2.15, -0.04, -6.05, -38.21
4.68, 0.0060, 10.83, 2.11, -0.04, -6.04, -39.15
4.69, 0.0070, 10.83, 2.07, -0.04, -5.92, -39.85
4.70, 0.0060, 10.83, 2.04, -0.04, -5.72, -40.43
4.70, 0.0080, 10.83, 1.99, -0.04, -5.54, -40.71
4.71, 0.0060, 10.83, 1.96, -0.04, -5.47, -41.24
4.72, 0.0060, 10.83, 1.93, -0.04, -5.48, -41.76
4.72, 0.0070, 10.83, 1.89, -0.04, -5.52, -42.45
4.73, 0.0060, 10.83, 1.85, -0.04, -5.50, -43.29
4.73, 0.0070, 10.83, 1.82, -0.04, -5.37, -43.90
4.74, 0.0070, 10.83, 1.78, -0.04, -5.18, -44.41
4.75, 0.0060, 10.83, 1.75, -0.04, -4.93, -44.75
4.75, 0.0070, 10.83, 1.72, -0.04, -4.66, -44.83
4.76, 0.0060, 10.83, 1.69, -0.04, -4.41, -44.96
4.77, 0.0070, 10.83, 1.66, -0.04, -4.20, -44.99
4.77, 0.0060, 10.83, 1.64, -0.04, -4.02, -45.16
4.78, 0.0060, 10.83, 1.62, -0.04, -3.83, -45.27
4.79, 0.0080, 10.83, 1.59, -0.04, -3.61, -45.35
4.79, 0.0060, 10.83, 1.57, -0.04, -3.33, -45.48
4.80, 0.0070, 10.83, 1.55, -0.04, -3.02, -45.33
4.81, 0.0060, 10.83, 1.53, -0.04, -2.73, -45.14
4.81, 0.0060, 10.83, 1.51, -0.04, -2.48, -44.87
4.82, 0.0070, 10.83, 1.50, -0.04, -2.27, -44.67
4.83, 0.0070, 10.83, 1.48, -0.04, -2.08, -44.58
4.83, 0.0060, 10.83, 1.47, -0.04, -1.85, -44.49
4.84, 0.0070, 10.83, 1.46, -0.04, -1.58, -44.25
4.85, 0.0060, 10.83, 1.45, -0.04, -1.28, -43.93
4.85, 0.0070, 10.83, 1.45, -0.04, -1.01, -43.49
4.86, 0.0060, 10.83, 1.44, -0.04, -0.81, -43.08
4.87, 0.0060, 10.83, 1.44, -0.04, -0.65, -42.79
4.87, 0.0080, 10.83, 1.43, -0.04, -0.48, -42.55
4.88, 0.0060, 10.83, 1.43, -0.04, -0.29, -42.28
4.89, 0.0070, 10.83, 1.43, -0.04, -0.07, -41.94
4.89, 0.0060, 10.83, 1.43, -0.04, 0.12, -41.51
4.90, 0.0060, 10.83, 1.43, -0.04, 0.25, -41.12
4.90, 0.0070, 10.83, 1.44, -0.04, 0.34, -40.83
4.91, 0.0070, 10.83, 1.44, -0.04, 0.40, -40.59
4.92, 0.0060, 10.83, 1.44, -0.04, 0.44, -40.42
4.92, 0.0070, 10.83, 1.45, -0.04, 0.47, -40.29
4.93, 0.0060, 10.83, 1.45, -0.04, 0.51, -40.16
4.94, 0.0070, 10.83, 1.45, -0.04, 0.59, -40.02
4.94, 0.0060, 10.83, 1.46, -0.04, 0.71, -39.78
4.95, 0.0060, 10.83, 1.46, -0.04, 0.83, -39.45
4.96, 0.0080, 10.83, 1.47, -0.04, 0.87, -39.11
4.96, 0.0060, 10.83, 1.47, -0.04, 0.85, -38.89
4.97, 0.0060, 10.83, 1.48, -0.04, 0.81, -38.82
4.98, 0.0070, 10.83, 1.48, -0.04, 0.74, -38.82
4.98, 0.0060, 10.83, 1.49, -0.04, 0.69, -38.85
4.99, 0.0070, 10.83, 1.49, -0.04, 0.65, -38.87
5.00, 0.0070, 10.83, 1.50, -0.04, 0.67, -38.86
5.00, 0.0060, 10.83, 1.50, -0.04, 0.72, -38.72
5.01, 0.0070, 10.83, 1.51, -0.04, 0.73, -38.54
5.01, 0.0060, 10.83, 1.51, -0.04, 0.66, -38.41
5.02, 0.0060, 10.83, 1.51, -0.04, 0.49, -38.47
5.03, 0.0070, 10.83, 1.51, -0.04, 0.24, -38.76
5.03, 0.0060, 10.83, 1.51, -0.04, -0.03, -39.21
5.04, 0.0070, 10.83, 1.51, -0.04, -0.31, -39.76
5.05, 0.0070, 10.83, 1.51, -0.04, -0.57, -40.36
5.05, 0.0060, 10.83, 1.50, -0.04, -0.68, -40.97
5.06, 0.0070, 10.83, 1.50, -0.04, -0.72, -41.28
5.07, 0.0060, 10.83, 1.49, -0.04, -0.77, -41.45
5.07, 0.0060, 10.83, 1.49, -0.04, -0.99, -41.65
5.08, 0.0080, 10.83, 1.48, -0.04, -1.46, -42.20
5.09, 0.0060, 10.83, 1.46, -0.04, -2.05, -43.38
5.09, 0.0060, 10.83, 1.45, -0.04, -2.50, -44.81
5.10, 0.0070, 10.83, 1.43, -0.04, -2.61, -46.00
5.11, 0.0060, 10.83, 1.42, -0.04, -2.51, -46.59
5.11, 0.0070, 10.83, 1.40, -0.04, -2.44, -46.70
5.12, 0.0060, 10.83, 1.38, -0.04, -2.58, -46.88
5.13, 0.0070, 10.83, 1.36, -0.04, -2.98, -47.48
5.13, 0.0070, 10.83, 1.34, -0.04, -3.47, -48.70
5.14, 0.0060, 10.83, 1.32, -0.04, -3.96, -50.16
5.15, 0.0060, 10.83, 1.29, -0.04, -4.29, -51.61
5.15, 0.0070, 10.83, 1.26, -0.04, -4.42, -52.80
5.16, 0.0060, 10.83, 1.23, -0.04, -4.43, -53.68
5.17, 0.0080, 10.83, 1.20, -0.04, -4.58, -54.22
5.17, 0.0060, 10.83, 1.17, -0.04, -4.93, -55.25
5.18, 0.0060, 10.83, 1.13, -0.04, -5.47, -56.54
5.19, 0.0070, 10.83, 1.09, -0.04, -6.01, -58.28
5.19, 0.0060, 10.83, 1.05, -0.04, -6.50, -60.21
5.20, 0.0070, 10.83, 1.00, -0.04, -6.74, -61.97
5.20, 0.0060, 10.83, 0.96, -0.04, -6.74, -63.39
5.21, 0.0070, 10.83, 0.92, -0.04, -6.59, -64.20
5.22, 0.0070, 10.83, 0.87, -0.04, -6.51, -64.82
5.23, 0.0060, 10.83, 0.83, -0.04, -6.64, -65.56
5.23, 0.0070, 10.83, 0.78, -0.04, -6.93, -66.63
5.24, 0.0060, 10.83, 0.74, -0.04, -7.22, -68.18
5.24, 0.0060, 10.83, 0.70, -0.04, -7.32, -69.62
5.25, 0.0080, 10.83, 0.64, -0.04, -7.28, -70.71
5.26, 0.0060, 10.83, 0.60, -0.04, -7.20, -71.80
5.26, 0.0070, 10.83, 0.54, -0.04, -7.20, -72.49
5.27, 0.0060, 10.83, 0.50, -0.04, -7.27, -73.50
5.28, 0.0060, 10.83, 0.46, -0.04, -7.21, -74.51
5.28, 0.0070, 10.83, 0.41, -0.04, -6.99, -75.26
5.29, 0.0060, 10.83, 0.37, -0.04, -6.71, -75.79
5.30, 0.0080, 10.83, 0.32, -0.04, -6.59, -76.04
5.30, 0.0060, 10.83, 0.28, -0.04, -6.58, -76.85
5.31, 0.0060, 10.83, 0.24, -0.04, -6.60, -77.63
5.32, 0.0070, 10.83, 0.19, -0.04, -6.46, -78.46
5.32, 0.0060, 10.83, 0.15, -0.04, -6.17, -79.09
5.33, 0.0070, 10.83, 0.11, -0.04, -5.91, -79.25
5.34, 0.0060, 10.83, 0.08, -0.04, -5.71, -79.54
5.34, 0.0070, 10.83, 0.04, -0.04, -5.69, -79.84
5.35, 0.0070, 10.83, -0.00, -0.04, -5.75, -80.59
5.36, 0.0060, 10.83, -0.04, -0.04, -5.79, -81.52
5.36, 0.0070, 10.83, -0.07, -0.04, -5.61, -82.29
5.37, 0.0060, 10.83, -0.11, -0.04, -5.11, -82.71
5.38, 0.0060, 10.83, -0.13, -0.04, -4.48, -82.33
5.38, 0.0080, 10.83, -0.16, -0.04, -3.95, -81.60
5.39, 0.0060, 10.83, -0.19, -0.04, -3.64, -81.19
5.40, 0.0070, 10.83, -0.21, -0.04, -3.63, -80.99
5.40, 0.0060, 10.83, -0.23, -0.04, -3.76, -81.49
5.41, 0.0060, 10.83, -0.26, -0.04, -3.89, -82.21
5.41, 0.0070, 10.83, -0.28, -0.04, -3.82, -82.93
5.42, 0.0060, 10.83, -0.31, -0.04, -3.54, -83.32
5.43, 0.0080, 10.83, -0.33, -0.04, -3.16, -83.19
5.43, 0.0060, 10.83, -0.35, -0.04, -2.84, -82.93
5.44, 0.0060, 10.83, -0.36, -0.04, -2.59, -82.63
5.45, 0.0070, 10.83, -0.38, -0.04, -2.49, -82.45
5.45, 0.0060, 10.83, -0.39, -0.04, -2.42, -82.58
5.46, 0.0070, 10.83, -0.41, -0.04, -2.28, -82.73
5.47, 0.0070, 10.83, -0.43, -0.04, -2.11, -82.78
5.47, 0.0060, 10.83, -0.44, -0.04, -1.96, -82.72
5.48, 0.0070, 10.83, -0.45, -0.04, -1.93, -82.66
5.49, 0.0060, 10.83, -0.46, -0.04, -1.98, -82.87
5.49, 0.0070, 10.83, -0.48, -0.04, -2.05, -83.21
5.50, 0.0060, 10.83, -0.49, -0.04, -2.11, -83.65
5.51, 0.0060, 10.83, -0.50, -0.04, -2.14, -84.01
5.51, 0.0080, 10.83, -0.52, -0.04, -2.21, -84.32
5.52, 0.0060, 10.83, -0.53, -0.04, -2.32, -84.83
5.53, 0.0060, 10.83, -0.55, -0.04, -2.43, -85.32
5.53, 0.0070, 10.83, -0.57, -0.04, -2.51, -85.84
5.54, 0.0060, 10.83, -0.58, -0.04, -2.53, -86.35
5.55, 0.0070, 10.83, -0.60, -0.04, -2.57, -86.69
5.55, 0.0070, 10.83, -0.62, -0.04, -2.69, -87.12
5.56, 0.0070, 10.83, -0.64, -0.04, -2.89, -87.75
5.57, 0.0060, 10.83, -0.66, -0.04, -3.20, -88.54
5.57, 0.0060, 10.83, -0.68, -0.04, -3.47, -89.56
5.58, 0.0070, 10.83, -0.70, -0.04, -3.66, -90.51
5.58, 0.0060, 10.83, -0.73, -0.04, -3.79, -91.40
5.59, 0.0070, 10.83, -0.75, -0.04, -3.96, -92.12
5.60, 0.0070, 10.83, -0.78, -0.04, -4.20, -93.00
5.61, 0.0060, 10.83, -0.81, -0.04, -4.51, -94.07
5.61, 0.0070, 10.83, -0.84, -0.04, -4.82, -95.23
5.62, 0.0060, 10.83, -0.88, -0.04, -5.10, -96.53
5.62, 0.0070, 10.83, -0.91, -0.04, -5.31, -97.72
5.63, 0.0060, 10.83, -0.95, -0.04, -5.50, -98.87
5.64, 0.0070, 10.83, -0.99, -0.04, -5.70, -99.92
5.64, 0.0070, 10.83, -1.03, -0.04, -5.99, -101.10
5.65, 0.0060, 10.83, -1.07, -0.04, -6.31, -102.53
5.66, 0.0070, 10.83, -1.11, -0.04, -6.71, -103.92
5.66, 0.0060, 10.83, -1.16, -0.04, -7.26, -105.66
5.67, 0.0070, 10.83, -1.21, -0.04, -7.87, -107.63
5.68, 0.0060, 10.83, -1.26, -0.04, -8.45, -109.95
5.68, 0.0080, 10.83, -1.33, -0.04, -8.82, -112.13
5.69, 0.0060, 10.83, -1.39, -0.04, -8.95, -114.27
5.70, 0.0060, 10.83, -1.44, -0.04, -8.97, -115.61
5.70, 0.0070, 10.83, -1.50, -0.04, -9.05, -116.72
5.71, 0.0060, 10.83, -1.56, -0.04, -9.38, -118.17
5.72, 0.0070, 10.83, -1.63, -0.04, -9.93, -119.95
5.72, 0.0070, 10.83, -1.70, -0.04, -10.51, -122.43
5.73, 0.0070, 10.83, -1.78, -0.04, -11.07, -125.07
5.74, 0.0060, 10.83, -1.85, -0.04, -11.49, -127.73
5.74, 0.0070, 10.83, -1.93, -0.04, -11.75, -129.96
5.75, 0.0060, 10.83, -2.00, -0.04, -11.84, -132.12
5.76, 0.0070, 10.83, -2.08, -0.04, -11.83, -133.72
5.76, 0.0070, 10.83, -2.17, -0.04, -11.79, -135.35
5.77, 0.0070, 10.83, -2.25, -0.04, -11.81, -136.92
5.78, 0.0060, 10.83, -2.32, -0.04, -11.97, -138.61
5.78, 0.0070, 10.83, -2.41, -0.04, -12.26, -140.38
5.79, 0.0060, 10.83, -2.48, -0.04, -12.64, -142.67
5.80, 0.0070, 10.83, -2.57, -0.04, -12.92, -144.94
5.80, 0.0060, 10.83, -2.65, -0.04, -13.02, -147.31
5.81, 0.0080, 10.83, -2.76, -0.04, -12.91, -149.07
5.82, 0.0060, 10.83, -2.83, -0.04, -12.66, -150.93
5.82, 0.0070, 10.83, -2.92, -0.04, -12.50, -151.95
5.83, 0.0060, 10.83, -2.99, -0.04, -12.59, -153.38
5.84, 0.0070, 10.83, -3.09, -0.04, -13.07, -155.07
5.84, 0.0060, 10.83, -3.17, -0.04, -13.53, -157.85
5.85, 0.0080, 10.83, -3.28, -0.04, -13.88, -160.40
5.86, 0.0060, 10.83, -3.36, -0.04, -13.68, -163.32
5.86, 0.0070, 10.83, -3.45, -0.04, -12.80, -164.56
5.87, 0.0060, 10.83, -3.52, -0.04, -11.86, -164.59
5.88, 0.0070, 10.83, -3.60, -0.04, -11.53, -164.14
5.88, 0.0060, 10.83, -3.67, -0.04, -12.03, -165.08
5.89, 0.0070, 10.83, -3.76, -0.04, -12.87, -167.53
5.90, 0.0070, 10.83, -3.86, -0.04, -13.60, -171.01
5.90, 0.0070, 10.83, -3.96, -0.04, -13.83, -174.37
5.91, 0.0060, 10.83, -4.04, -0.04, -13.29, -176.77
5.92, 0.0070, 10.83, -4.12, -0.04, -12.22, -177.28
5.92, 0.0060, 10.83, -4.19, -0.04, -11.20, -176.87
5.93, 0.0070, 10.83, -4.26, -0.04, -10.77, -176.17
5.94, 0.0070, 10.83, -4.34, -0.04, -10.99, -176.81
5.94, 0.0070, 10.83, -4.42, -0.04, -11.46, -178.80
5.95, 0.0060, 10.83, -4.49, -0.04, -11.85, -181.34
5.96, 0.0070, 10.83, -4.58, -0.04, -11.90, -183.54
5.96, 0.0060, 10.83, -4.65, -0.04, -11.72, -185.31
5.97, 0.0070, 10.83, -4.73, -0.04, -11.50, -186.35
5.98, 0.0060, 10.83, -4.79, -0.04, -11.43, -187.51
5.98, 0.0080, 10.83, -4.89, -0.04, -11.51, -188.75
5.99, 0.0060, 10.83, -4.96, -0.04, -11.56, -190.76
6.00, 0.0070, 10.83, -5.04, -0.04, -11.57, -192.24
6.00, 0.0060, 10.83, -5.11, -0.04, -11.49, -193.87
6.01, 0.0070, 10.83, -5.19, -0.04, -11.45, -195.10
6.02, 0.0060, 10.83, -5.25, -0.04, -11.48, -196.61
6.02, 0.0080, 10.83, -5.35, -0.04, -11.57, -198.07
6.03, 0.0060, 10.83, -5.42, -0.04, -11.58, -200.08
6.04, 0.0070, 10.83, -5.50, -0.04, -11.42, -201.49
6.04, 0.0060, 10.83, -5.57, -0.04, -11.37, -202.78
6.05, 0.0070, 10.83, -5.65, -0.04, -11.42, -204.03
6.06, 0.0060, 10.83, -5.72, -0.04, -11.86, -205.75
6.06, 0.0080, 10.83, -5.82, -0.04, -12.51, -208.03
6.07, 0.0060, 10.83, -5.89, -0.04, -12.88, -211.34
6.08, 0.0070, 10.83, -5.98, -0.04, -12.56, -213.63
6.08, 0.0060, 10.83, -6.05, -0.04, -11.86, -214.74
6.09, 0.0070, 10.83, -6.13, -0.04, -11.34, -214.78
6.10, 0.0060, 10.83, -6.20, -0.04, -11.26, -215.33
6.10, 0.0070, 10.83, -6.28, -0.04, -11.53, -216.51
6.11, 0.0070, 10.83, -6.37, -0.04, -12.17, -218.67
6.12, 0.0070, 10.83, -6.46, -0.04, -12.92, -221.64
6.12, 0.0060, 10.83, -6.54, -0.04, -13.51, -224.95
6.13, 0.0070, 10.83, -6.63, -0.04, -13.68, -227.76
6.14, 0.0060, 10.83, -6.71, -0.04, -13.51, -230.01
6.14, 0.0070, 10.83, -6.81, -0.04, -13.37, -231.29
6.15, 0.0070, 10.83, -6.90, -0.04, -13.47, -232.89
6.16, 0.0070, 10.83, -7.00, -0.04, -13.86, -234.97
6.16, 0.0060, 10.83, -7.08, -0.04, -14.34, -237.69
6.17, 0.0070, 10.83, -7.19, -0.04, -14.76, -240.38
6.18, 0.0060, 10.83, -7.28, -0.04, -15.06, -243.29
6.18, 0.0070, 10.83, -7.39, -0.04, -15.27, -245.68
6.19, 0.0060, 10.83, -7.48, -0.04, -15.56, -248.24
6.20, 0.0080, 10.83, -7.61, -0.04, -15.94, -250.69
6.20, 0.0060, 10.83, -7.70, -0.04, -16.44, -254.00
6.21, 0.0070, 10.83, -7.82, -0.04, -16.95, -256.97
6.22, 0.0060, 10.83, -7.93, -0.04, -17.58, -260.37
6.22, 0.0070, 10.83, -8.06, -0.04, -18.41, -263.75
6.23, 0.0060, 10.83, -8.17, -0.04, -19.30, -267.98
6.24, 0.0080, 10.83, -8.33, -0.04, -20.15, -272.08
6.24, 0.0060, 10.83, -8.46, -0.04, -20.64, -276.99
6.25, 0.0070, 10.83, -8.60, -0.04, -20.77, -280.46
6.26, 0.0060, 10.83, -8.73, -0.04, -20.66, -283.63
6.26, 0.0070, 10.83, -8.88, -0.04, -21.01, -285.89
6.27, 0.0060, 10.83, -9.01, -0.04, -22.27, -289.53
6.28, 0.0080, 10.83, -9.20, -0.04, -24.01, -294.72
6.28, 0.0060, 10.83, -9.35, -0.04, -25.64, -302.04
6.29, 0.0070, 10.83, -9.54, -0.04, -26.79, -308.38
6.30, 0.0060, 10.83, -9.71, -0.04, -27.44, -314.43
6.30, 0.0070, 10.83, -9.90, -0.04, -27.84, -319.01
6.31, 0.0060, 10.83, -10.07, -0.04, -28.28, -323.71
6.32, 0.0070, 10.83, -10.28, -0.04, -29.35, -328.00
6.32, 0.0070, 10.83, -10.49, -0.04, -30.89, -334.23
6.33, 0.0070, 10.83, -10.72, -0.04, -32.80, -341.64
6.34, 0.0060, 10.83, -10.93, -0.04, -34.38, -350.05
6.34, 0.0070, 10.83, -11.18, -0.04, -35.50, -357.34
6.35, 0.0070, 10.83, -11.43, -0.04, -35.84, -364.54
6.36, 0.0060, 10.83, -11.65, -0.04, -36.32, -370.24
6.36, 0.0080, 10.83, -11.95, -0.04, -37.78, -375.57
6.37, 0.0060, 10.83, -12.19, -0.04, -40.28, -384.54
6.38, 0.0070, 10.83, -12.49, -0.04, -43.14, -394.37
6.38, 0.0060, 10.83, -12.77, -0.04, -45.59, -406.12
6.39, 0.0070, 10.83, -13.09, -0.04, -46.90, -416.50
6.40, 0.0060, 10.83, -13.38, -0.04, -47.87, -425.68
6.40, 0.0080, 10.83, -13.77, -0.04, -48.94, -433.36
6.41, 0.0070, 10.83, -14.12, -0.04, -50.33, -443.33
6.42, 0.0060, 10.83, -14.44, -0.04, -51.81, -453.16
6.42, 0.0070, 10.83, -14.81, -0.04, -53.11, -462.34
6.43, 0.0060, 10.83, -15.13, -0.04, -54.22, -472.37
6.44, 0.0070, 10.83, -15.52, -0.04, -55.09, -481.11
6.44, 0.0060, 10.83, -15.85, -0.04, -55.83, -490.56
6.45, 0.0080, 10.83, -16.31, -0.04, -56.65, -498.72
6.46, 0.0060, 10.83, -16.65, -0.04, -57.77, -509.44
6.46, 0.0070, 10.83, -17.06, -0.04, -58.73, -518.61
6.47, 0.0070, 10.83, -17.48, -0.04, -58.99, -528.74
6.48, 0.0060, 10.83, -17.83, -0.04, -58.58, -537.52
6.48, 0.0070, 10.83, -18.23, -0.04, -57.89, -543.74
6.49, 0.0070, 10.83, -18.64, -0.04, -57.42, -550.46
6.50, 0.0070, 10.83, -19.04, -0.04, -57.27, -557.56
6.50, 0.0060, 10.83, -19.38, -0.04, -57.27, -565.28
6.51, 0.0070, 10.83, -19.78, -0.04, -57.16, -572.16
6.52, 0.0060, 10.83, -20.12, -0.04, -56.46, -579.93
6.52, 0.0070, 10.83, -20.51, -0.04, -55.18, -585.31
6.53, 0.0080, 10.83, -20.93, -0.04, -53.34, -590.46
6.54, 0.0060, 10.83, -21.24, -0.04, -51.43, -595.32
6.54, 0.0070, 10.83, -21.59, -0.04, -49.74, -597.68
6.55, 0.0060, 10.83, -21.88, -0.04, -48.77, -601.27
6.56, 0.0070, 10.83, -22.21, -0.04, -47.59, -605.17
6.56, 0.0060, 10.83, -22.49, -0.04, -45.23, -609.48
6.57, 0.0070, 10.83, -22.78, -0.04, -41.61, -610.19
6.58, 0.0080, 10.83, -23.07, -0.04, -37.13, -608.77
6.59, 0.0060, 10.83, -23.27, -0.04, -32.48, -605.74
6.59, 0.0070, 10.83, -23.47, -0.04, -28.56, -600.35
6.60, 0.0060, 10.83, -23.62, -0.04, -24.96, -596.51
6.60, 0.0070, 10.83, -23.77, -0.04, -21.38, -592.29
6.61, 0.0060, 10.83, -23.87, -0.04, -17.42, -588.13
6.62, 0.0080, 10.83, -23.98, -0.04, -12.91, -582.30
6.63, 0.0060, 10.83, -24.03, -0.04, -8.15, -575.34
6.63, 0.0070, 10.83, -24.05, -0.04, -3.13, -566.81
6.64, 0.0060, 10.83, -24.04, -0.04, 1.95, -557.20
6.64, 0.0070, 10.83, -23.99, -0.04, 6.83, -546.81
6.65, 0.0060, 10.83, -23.92, -0.04, 11.49, -536.10
6.66, 0.0070, 10.83, -23.81, -0.04, 16.10, -525.39
6.67, 0.0070, 10.83, -23.66, -0.04, 20.73, -513.93
6.67, 0.0070, 10.83, -23.48, -0.04, 25.34, -501.77
6.68, 0.0070, 10.83, -23.28, -0.04, 29.74, -489.00
6.68, 0.0060, 10.83, -23.07, -0.04, 34.11, -476.03
6.69, 0.0070, 10.83, -22.80, -0.04, 38.68, -463.19
6.70, 0.0060, 10.83, -22.54, -0.04, 43.35, -448.64
6.71, 0.0080, 10.83, -22.16, -0.04, 47.99, -434.10
6.71, 0.0060, 10.83, -21.84, -0.04, 52.64, -417.14
6.72, 0.0070, 10.83, -21.44, -0.04, 57.43, -401.53
6.73, 0.0060, 10.83, -21.07, -0.04, 62.20, -383.90
6.73, 0.0070, 10.83, -20.60, -0.04, 66.82, -366.90
6.74, 0.0060, 10.83, -20.17, -0.04, 71.18, -348.30
6.75, 0.0080, 10.83, -19.57, -0.04, 75.42, -331.05
6.75, 0.0060, 10.83, -19.09, -0.04, 79.90, -310.49
6.76, 0.0070, 10.83, -18.50, -0.04, 84.44, -291.94
6.76, 0.0060, 10.83, -17.96, -0.04, 88.70, -271.05
6.77, 0.0070, 10.83, -17.32, -0.04, 92.61, -251.89
6.78, 0.0070, 10.83, -16.64, -0.04, 96.09, -231.09
6.79, 0.0060, 10.83, -16.05, -0.04, 99.10, -210.68
6.79, 0.0080, 10.83, -15.23, -0.04, 101.90, -192.76
6.80, 0.0060, 10.83, -14.60, -0.04, 104.75, -170.87
6.80, 0.0070, 10.83, -13.85, -0.04, 107.76, -152.59
6.81, 0.0060, 10.83, -13.19, -0.04, 110.65, -131.50
6.82, 0.0070, 10.83, -12.39, -0.04, 113.22, -112.44
6.82, 0.0070, 10.83, -11.58, -0.04, 115.67, -91.44
6.83, 0.0070, 10.83, -10.76, -0.04, 117.91, -70.35
6.84, 0.0070, 10.83, -9.92, -0.04, 119.82, -49.36
6.85, 0.0060, 10.83, -9.19, -0.04, 121.37, -28.77
6.85, 0.0070, 10.83, -8.33, -0.04, 122.70, -11.11
6.86, 0.0060, 10.83, -7.59, -0.04, 124.02, 8.73
6.86, 0.0070, 10.83, -6.71, -0.04, 125.41, 26.25
6.87, 0.0060, 10.83, -5.95, -0.04, 126.78, 46.60
6.88, 0.0080, 10.83, -4.93, -0.04, 128.06, 64.54
6.89, 0.0060, 10.83, -4.15, -0.04, 129.17, 87.60
6.89, 0.0070, 10.83, -3.24, -0.04, 130.19, 105.32
6.90, 0.0060, 10.83, -2.45, -0.04, 131.23, 125.57
6.91, 0.0070, 10.83, -1.53, -0.04, 132.21, 143.41
6.91, 0.0060, 10.83, -0.73, -0.04, 132.87, 163.89
6.92, 0.0080, 10.83, 0.33, -0.04, 133.01, 181.15
6.93, 0.0060, 10.83, 1.13, -0.04, 132.72, 202.71
6.93, 0.0070, 10.83, 2.06, -0.04, 132.29, 218.05
6.94, 0.0060, 10.83, 2.85, -0.04, 131.83, 235.71
6.95, 0.0070, 10.83, 3.77, -0.04, 131.44, 250.62
6.95, 0.0060, 10.83, 4.55, -0.04, 130.89, 268.24
6.96, 0.0080, 10.83, 5.60, -0.04, 130.25, 282.84
6.97, 0.0060, 10.83, 6.37, -0.04, 129.36, 302.39
6.97, 0.0070, 10.83, 7.27, -0.04, 128.11, 316.14
6.98, 0.0070, 10.83, 8.15, -0.04, 126.53, 331.59
6.99, 0.0060, 10.83, 8.90, -0.04, 124.92, 346.14
6.99, 0.0070, 10.83, 9.77, -0.04, 123.32, 357.91
7.00, 0.0060, 10.83, 10.50, -0.04, 121.70, 371.97
7.01, 0.0080, 10.83, 11.46, -0.04, 119.92, 383.33
7.01, 0.0060, 10.83, 12.16, -0.04, 117.91, 398.96
7.02, 0.0070, 10.83, 12.97, -0.04, 115.61, 409.09
7.03, 0.0060, 10.83, 13.65, -0.04, 113.05, 420.68
7.03, 0.0070, 10.83, 14.42, -0.04, 110.44, 429.13
7.04, 0.0070, 10.83, 15.18, -0.04, 107.91, 439.35
7.05, 0.0070, 10.83, 15.92, -0.04, 105.52, 449.41
7.05, 0.0070, 10.83, 16.64, -0.04, 103.15, 459.41
7.06, 0.0060, 10.83, 17.24, -0.04, 100.76, 469.12
7.07, 0.0070, 10.83, 17.93, -0.04, 98.25, 476.42
7.07, 0.0060, 10.83, 18.51, -0.04, 95.68, 485.15
7.08, 0.0070, 10.83, 19.16, -0.04, 93.07, 491.50
7.09, 0.0070, 10.83, 19.79, -0.04, 90.38, 499.30
7.09, 0.0070, 10.83, 20.40, -0.04, 87.55, 506.59
7.10, 0.0060, 10.83, 20.91, -0.04, 84.57, 513.18
7.11, 0.0070, 10.83, 21.48, -0.04, 81.52, 517.37
7.11, 0.0060, 10.83, 21.95, -0.04, 78.50, 522.67
7.12, 0.0070, 10.83, 22.48, -0.04, 75.63, 526.06
7.13, 0.0060, 10.83, 22.92, -0.04, 72.92, 530.91
7.13, 0.0080, 10.83, 23.48, -0.04, 70.32, 534.24
7.14, 0.0070, 10.83, 23.96, -0.04, 67.72, 540.28
7.15, 0.0060, 10.83, 24.35, -0.04, 64.98, 544.56
7.15, 0.0070, 10.83, 24.78, -0.04, 62.10, 546.89
7.16, 0.0060, 10.83, 25.13, -0.04, 59.00, 549.81
7.17, 0.0070, 10.83, 25.53, -0.04, 55.94, 550.70
7.17, 0.0070, 10.83, 25.90, -0.04, 53.15, 552.42
7.18, 0.0070, 10.83, 26.25, -0.04, 50.70, 554.28
7.19, 0.0060, 10.83, 26.54, -0.04, 48.35, 556.47
7.19, 0.0070, 10.83, 26.87, -0.04, 45.95, 557.58
7.20, 0.0060, 10.83, 27.13, -0.04, 43.43, 559.21
7.21, 0.0070, 10.83, 27.41, -0.04, 40.87, 559.38
7.21, 0.0060, 10.83, 27.64, -0.04, 38.34, 559.98
7.22, 0.0080, 10.83, 27.93, -0.04, 35.93, 559.51
7.23, 0.0060, 10.83, 28.13, -0.04, 33.70, 560.46
7.23, 0.0070, 10.83, 28.35, -0.04, 31.53, 560.03
7.24, 0.0060, 10.83, 28.53, -0.04, 29.37, 560.10
7.25, 0.0070, 10.83, 28.72, -0.04, 27.18, 559.30
7.25, 0.0060, 10.83, 28.87, -0.04, 25.01, 558.73
7.26, 0.0080, 10.83, 29.05, -0.04, 22.83, 557.39
7.27, 0.0060, 10.83, 29.18, -0.04, 20.70, 556.68
7.27, 0.0070, 10.83, 29.31, -0.04, 18.63, 554.90
7.28, 0.0060, 10.83, 29.41, -0.04, 16.56, 553.37
7.29, 0.0070, 10.83, 29.51, -0.04, 14.54, 551.22
7.29, 0.0060, 10.83, 29.58, -0.04, 12.56, 549.22
7.30, 0.0080, 10.83, 29.67, -0.04, 10.65, 546.77
7.31, 0.0060, 10.83, 29.72, -0.04, 8.75, 544.65
7.31, 0.0070, 10.83, 29.77, -0.04, 6.85, 541.90
7.32, 0.0060, 10.83, 29.80, -0.04, 4.94, 539.06
7.33, 0.0070, 10.83, 29.82, -0.04, 3.08, 535.82
7.33, 0.0060, 10.83, 29.83, -0.04, 1.27, 532.54
7.34, 0.0070, 10.83, 29.82, -0.04, -0.49, 529.07
7.35, 0.0070, 10.83, 29.81, -0.04, -2.23, 525.48
7.35, 0.0070, 10.83, 29.78, -0.04, -3.93, 521.69
7.36, 0.0060, 10.83, 29.75, -0.04, -5.54, 517.74
7.37, 0.0070, 10.83, 29.70, -0.04, -6.97, 513.86
7.37, 0.0060, 10.83, 29.65, -0.04, -8.28, 510.02
7.38, 0.0070, 10.83, 29.58, -0.04, -9.57, 506.41
7.39, 0.0070, 10.83, 29.51, -0.04, -10.93, 502.49
7.39, 0.0070, 10.83, 29.42, -0.04, -12.30, 498.25
7.40, 0.0060, 10.83, 29.34, -0.04, -13.59, 493.79
7.41, 0.0070, 10.83, 29.23, -0.04, -14.78, 489.56
7.41, 0.0060, 10.83, 29.14, -0.04, -15.85, 485.11
7.42, 0.0070, 10.83, 29.02, -0.04, -16.84, 481.08
7.43, 0.0060, 10.83, 28.91, -0.04, -17.80, 476.73
7.43, 0.0080, 10.83, 28.76, -0.04, -18.74, 472.69
7.44, 0.0060, 10.83, 28.65, -0.04, -19.62, 467.81
7.45, 0.0070, 10.83, 28.50, -0.04, -20.38, 463.69
7.45, 0.0070, 10.83, 28.36, -0.04, -21.03, 459.32
7.46, 0.0060, 10.83, 28.23, -0.04, -21.67, 455.08
7.47, 0.0070, 10.83, 28.07, -0.04, -22.39, 451.20
7.47, 0.0070, 10.83, 27.91, -0.04, -23.14, 446.61
7.48, 0.0070, 10.83, 27.74, -0.04, -23.78, 441.88
7.49, 0.0060, 10.83, 27.60, -0.04, -24.28, 437.27
7.49, 0.0070, 10.83, 27.42, -0.04, -24.67, 433.37
7.50, 0.0060, 10.83, 27.27, -0.04, -25.10, 429.12
7.51, 0.0070, 10.83, 27.09, -0.04, -25.54, 425.25
7.51, 0.0070, 10.83, 26.91, -0.04, -25.96, 420.80
7.52, 0.0070, 10.83, 26.73, -0.04, -26.27, 416.31
7.53, 0.0060, 10.83, 26.57, -0.04, -26.50, 412.03
7.53, 0.0070, 10.83, 26.38, -0.04, -26.68, 408.39
7.54, 0.0060, 10.83, 26.22, -0.04, -26.87, 404.28
7.55, 0.0070, 10.83, 26.03, -0.04, -27.10, 400.68
7.55, 0.0060, 10.83, 25.87, -0.04, -27.35, 396.42
7.56, 0.0080, 10.83, 25.65, -0.04, -27.58, 392.64
7.57, 0.0070, 10.83, 25.45, -0.04, -27.77, 387.77
7.57, 0.0060, 10.83, 25.28, -0.04, -27.91, 383.50
7.58, 0.0070, 10.83, 25.09, -0.04, -27.99, 379.87
7.59, 0.0060, 10.83, 24.92, -0.04, -28.02, 375.80
7.59, 0.0070, 10.83, 24.72, -0.04, -28.04, 372.37
7.60, 0.0070, 10.83, 24.53, -0.04, -28.04, 368.42
7.61, 0.0070, 10.83, 24.33, -0.04, -28.04, 364.49
7.61, 0.0060, 10.83, 24.16, -0.04, -28.08, 360.56
7.62, 0.0070, 10.83, 23.97, -0.04, -28.17, 357.11
7.63, 0.0060, 10.83, 23.80, -0.04, -28.31, 353.00
7.63, 0.0070, 10.83, 23.60, -0.04, -28.44, 349.32
7.64, 0.0060, 10.83, 23.43, -0.04, -28.55, 345.06
7.65, 0.0080, 10.83, 23.20, -0.04, -28.62, 341.43
7.65, 0.0070, 10.83, 23.00, -0.04, -28.68, 336.70
7.66, 0.0060, 10.83, 22.82, -0.04, -28.72, 332.57
7.67, 0.0070, 10.83, 22.62, -0.04, -28.74, 329.04
7.67, 0.0060, 10.83, 22.45, -0.04, -28.73, 324.98
7.68, 0.0070, 10.83, 22.25, -0.04, -28.74, 321.55
7.69, 0.0070, 10.83, 22.05, -0.04, -28.79, 317.51
7.69, 0.0070, 10.83, 21.85, -0.04, -28.87, 313.38
7.70, 0.0060, 10.83, 21.67, -0.04, -28.97, 309.17
7.71, 0.0070, 10.83, 21.47, -0.04, -29.05, 305.50
7.71, 0.0060, 10.83, 21.29, -0.04, -29.10, 301.27
7.72, 0.0070, 10.83, 21.09, -0.04, -29.12, 297.68
7.73, 0.0070, 10.83, 20.89, -0.04, -29.11, 293.56
7.73, 0.0070, 10.83, 20.68, -0.04, -29.05, 289.50
7.74, 0.0070, 10.83, 20.48, -0.04, -28.99, 285.55
7.75, 0.0060, 10.83, 20.31, -0.04, -28.89, 281.62
7.75, 0.0070, 10.83, 20.11, -0.04, -28.78, 278.35
7.76, 0.0060, 10.83, 19.93, -0.04, -28.71, 274.55
7.77, 0.0070, 10.83, 19.73, -0.04, -28.68, 271.24
7.78, 0.0070, 10.83, 19.53, -0.04, -28.70, 267.28
7.78, 0.0070, 10.83, 19.33, -0.04, -28.71, 263.23
7.79, 0.0060, 10.83, 19.16, -0.04, -28.68, 259.19
7.79, 0.0070, 10.83, 18.96, -0.04, -28.61, 255.80
7.80, 0.0060, 10.83, 18.79, -0.04, -28.54, 251.94
7.81, 0.0070, 10.83, 18.59, -0.04, -28.47, 248.66
7.82, 0.0070, 10.83, 18.39, -0.04, -28.37, 244.81
7.82, 0.0070, 10.83, 18.19, -0.04, -28.24, 241.04
7.83, 0.0070, 10.83, 17.99, -0.04, -28.12, 237.34
7.84, 0.0060, 10.83, 17.83, -0.04, -28.04, 233.65
7.84, 0.0070, 10.83, 17.63, -0.04, -28.00, 230.45
7.85, 0.0060, 10.83, 17.46, -0.04, -27.91, 226.61
7.86, 0.0080, 10.83, 17.24, -0.04, -27.79, 223.43
7.86, 0.0060, 10.83, 17.07, -0.04, -27.59, 219.23
7.87, 0.0070, 10.83, 16.88, -0.04, -27.36, 216.32
7.88, 0.0060, 10.83, 16.72, -0.04, -27.14, 212.94
7.88, 0.0070, 10.83, 16.53, -0.04, -26.90, 210.12
7.89, 0.0060, 10.83, 16.37, -0.04, -26.63, 206.85
7.90, 0.0070, 10.83, 16.19, -0.04, -26.38, 204.18
7.90, 0.0080, 10.83, 15.98, -0.04, -26.16, 200.99
7.91, 0.0060, 10.83, 15.82, -0.04, -25.97, 197.25
7.92, 0.0070, 10.83, 15.64, -0.04, -25.74, 194.52
7.92, 0.0060, 10.83, 15.49, -0.04, -25.50, 191.36
7.93, 0.0070, 10.83, 15.31, -0.04, -25.19, 188.79
7.94, 0.0060, 10.83, 15.16, -0.04, -24.88, 185.87
7.94, 0.0080, 10.83, 14.97, -0.04, -24.57, 183.51
7.95, 0.0060, 10.83, 14.82, -0.04, -24.24, 180.21
7.96, 0.0070, 10.83, 14.65, -0.04, -23.94, 177.95
7.96, 0.0060, 10.83, 14.51, -0.04, -23.61, 175.21
7.97, 0.0070, 10.83, 14.35, -0.04, -23.35, 173.03
7.98, 0.0060, 10.83, 14.21, -0.04, -23.08, 170.27
7.98, 0.0080, 10.83, 14.03, -0.04, -22.80, 168.05
7.99, 0.0070, 10.83, 13.87, -0.04, -22.41, 164.96
8.00, 0.0060, 10.83, 13.74, -0.04, -21.93, 162.61
8.00, 0.0070, 10.83, 13.59, -0.04, -21.46, 160.94
8.01, 0.0060, 10.83, 13.46, -0.04, -21.05, 158.88
8.02, 0.0070, 10.83, 13.32, -0.04, -20.77, 157.16
8.02, 0.0060, 10.83, 13.19, -0.04, -20.50, 154.82
8.03, 0.0080, 10.83, 13.03, -0.04, -20.12, 152.89
8.04, 0.0060, 10.83, 12.92, -0.04, -19.58, 150.43
8.04, 0.0070, 10.83, 12.78, -0.04, -18.98, 149.16
8.05, 0.0060, 10.83, 12.67, -0.04, -18.40, 147.71
8.06, 0.0070, 10.83, 12.55, -0.04, -17.88, 146.65
8.06, 0.0060, 10.83, 12.44, -0.04, -17.42, 145.20
8.07, 0.0080, 10.83, 12.31, -0.04, -16.95, 144.03
8.08, 0.0060, 10.83, 12.21, -0.04, -16.46, 142.27
8.08, 0.0070, 10.83, 12.10, -0.04, -16.00, 141.26
8.09, 0.0060, 10.83, 12.00, -0.04, -15.58, 139.93
8.10, 0.0070, 10.83, 11.90, -0.04, -15.18, 138.91
8.10, 0.0060, 10.83, 11.81, -0.04, -14.73, 137.58
8.11, 0.0070, 10.83, 11.71, -0.04, -14.21, 136.71
8.12, 0.0070, 10.83, 11.61, -0.04, -13.59, 135.78
8.12, 0.0070, 10.83, 11.52, -0.04, -12.99, 135.10
8.13, 0.0070, 10.83, 11.44, -0.04, -12.46, 134.49
8.14, 0.0060, 10.83, 11.36, -0.04, -12.01, 133.81
8.14, 0.0070, 10.83, 11.28, -0.04, -11.62, 133.26
