3.60, 3.5910, 5.99, 6.00, -0.04, 0.00, 0.00
3.60, 0.0070, 5.99, 6.00, -0.04, 0.00, 50.01
3.61, 0.0060, 5.99, 6.00, -0.04, 0.01, 50.01
3.61, 0.0060, 5.99, 6.00, -0.04, 0.01, 50.01
3.62, 0.0060, 5.99, 6.00, -0.04, 0.01, 50.02
3.63, 0.0060, 5.99, 6.00, -0.04, 0.02, 50.03
3.63, 0.0080, 5.99, 6.00, -0.04, 0.04, 50.05
3.64, 0.0060, 5.99, 6.00, -0.04, 0.03, 50.09
3.65, 0.0060, 5.99, 6.00, -0.04, -0.07, 50.07
3.65, 0.0060, 5.99, 6.00, -0.04, -0.31, 49.86
3.66, 0.0070, 5.99, 5.99, -0.04, -0.72, 49.35
3.66, 0.0060, 5.99, 5.99, -0.04, -1.23, 48.43
3.67, 0.0060, 5.99, 5.98, -0.04, -1.76, 47.25
3.68, 0.0080, 5.99, 5.96, -0.04, -2.21, 45.98
3.68, 0.0060, 5.99, 5.94, -0.04, -2.49, 44.74
3.69, 0.0060, 5.99, 5.93, -0.04, -2.53, 43.88
3.70, 0.0070, 5.99, 5.91, -0.04, -2.45, 43.49
3.70, 0.0060, 5.99, 5.90, -0.04, -2.42, 43.31
3.71, 0.0060, 5.99, 5.88, -0.04, -2.60, 43.07
3.72, 0.0070, 5.99, 5.86, -0.04, -3.01, 42.41
3.72, 0.0070, 5.99, 5.83, -0.04, -3.54, 41.17
3.73, 0.0060, 5.99, 5.81, -0.04, -4.07, 39.60
3.74, 0.0060, 5.99, 5.78, -0.04, -4.49, 38.06
3.74, 0.0070, 5.99, 5.75, -0.04, -4.83, 36.68
3.75, 0.0060, 5.99, 5.72, -0.04, -5.08, 35.33
3.76, 0.0060, 5.99, 5.69, -0.04, -5.31, 34.21
3.76, 0.0080, 5.99, 5.64, -0.04, -5.51, 33.13
3.77, 0.0060, 5.99, 5.61, -0.04, -5.68, 31.85
3.78, 0.0060, 5.99, 5.57, -0.04, -5.84, 30.82
3.78, 0.0070, 5.99, 5.53, -0.04, -6.00, 29.80
3.79, 0.0060, 5.99, 5.49, -0.04, -6.21, 28.63
3.79, 0.0060, 5.99, 5.46, -0.04, -6.45, 27.47
3.80, 0.0080, 5.99, 5.40, -0.04, -6.72, 26.21
3.81, 0.0060, 5.99, 5.36, -0.04, -6.97, 24.61
3.81, 0.0060, 5.99, 5.32, -0.04, -7.18, 23.27
3.82, 0.0070, 5.99, 5.27, -0.04, -7.34, 21.98
3.83, 0.0060, 5.99, 5.22, -0.04, -7.44, 20.64
3.83, 0.0060, 5.99, 5.18, -0.04, -7.46, 19.54
3.84, 0.0070, 5.99, 5.12, -0.04, -7.36, 18.60
3.85, 0.0070, 5.99, 5.07, -0.04, -7.15, 17.79
3.85, 0.0060, 5.99, 5.03, -0.04, -6.80, 17.20
3.86, 0.0070, 5.99, 4.99, -0.04, -6.14, 17.07
3.87, 0.0060, 5.99, 4.96, -0.04, -5.40, 17.55
3.87, 0.0060, 5.99, 4.93, -0.04, -4.92, 18.38
3.88, 0.0070, 5.99, 4.90, -0.04, -4.84, 18.75
3.89, 0.0060, 5.99, 4.87, -0.04, -4.93, 18.22
3.89, 0.0070, 5.99, 4.83, -0.04, -4.91, 17.45
3.90, 0.0070, 5.99, 4.80, -0.04, -4.87, 16.80
3.90, 0.0060, 5.99, 4.77, -0.04, -4.83, 16.20
3.91, 0.0060, 5.99, 4.74, -0.04, -4.68, 15.71
3.92, 0.0070, 5.99, 4.71, -0.04, -4.41, 15.45
3.92, 0.0060, 5.99, 4.68, -0.04, -4.08, 15.37
3.93, 0.0070, 5.99, 4.66, -0.04, -3.71, 15.54
3.94, 0.0070, 5.99, 4.64, -0.04, -3.32, 15.75
3.94, 0.0060, 5.99, 4.62, -0.04, -2.90, 16.07
3.95, 0.0070, 5.99, 4.60, -0.04, -2.46, 16.57
3.96, 0.0060, 5.99, 4.59, -0.04, -2.08, 17.10
3.96, 0.0060, 5.99, 4.58, -0.04, -1.84, 17.60
3.97, 0.0070, 5.99, 4.57, -0.04, -1.75, 17.88
3.98, 0.0070, 5.99, 4.55, -0.04, -1.75, 17.81
3.98, 0.0060, 5.99, 4.54, -0.04, -1.71, 17.57
3.99, 0.0070, 5.99, 4.53, -0.04, -1.55, 17.45
4.00, 0.0060, 5.99, 4.52, -0.04, -1.24, 17.54
4.00, 0.0060, 5.99, 4.52, -0.04, -0.87, 18.01
4.01, 0.0070, 5.99, 4.52, -0.04, -0.57, 18.65
4.01, 0.0070, 5.99, 4.51, -0.04, -0.44, 19.17
4.02, 0.0060, 5.99, 4.51, -0.04, -0.47, 19.37
4.03, 0.0060, 5.99, 4.51, -0.04, -0.59, 19.24
4.03, 0.0070, 5.99, 4.50, -0.04, -0.70, 18.93
4.04, 0.0060, 5.99, 4.50, -0.04, -0.69, 18.61
4.05, 0.0060, 5.99, 4.49, -0.04, -0.60, 18.55
4.05, 0.0070, 5.99, 4.49, -0.04, -0.74, 18.66
4.06, 0.0070, 5.99, 4.48, -0.04, -0.96, 18.27
4.07, 0.0060, 5.99, 4.48, -0.04, -1.01, 17.70
4.07, 0.0070, 5.99, 4.47, -0.04, -0.79, 17.48
4.08, 0.0060, 5.99, 4.47, -0.04, -0.60, 17.81
4.09, 0.0060, 5.99, 4.46, -0.04, -0.64, 18.11
4.09, 0.0070, 5.99, 4.46, -0.04, -0.65, 17.96
4.10, 0.0070, 5.99, 4.45, -0.04, -0.49, 17.85
4.11, 0.0060, 5.99, 4.45, -0.04, -0.20, 18.10
4.11, 0.0070, 5.99, 4.45, -0.04, 0.12, 18.65
4.12, 0.0060, 5.99, 4.46, -0.04, 0.39, 19.32
4.13, 0.0060, 5.99, 4.46, -0.04, 0.53, 19.91
4.13, 0.0070, 5.99, 4.46, -0.04, 0.54, 20.25
4.14, 0.0060, 5.99, 4.47, -0.04, 0.43, 20.35
4.14, 0.0070, 5.99, 4.47, -0.04, 0.27, 20.17
4.15, 0.0060, 5.99, 4.47, -0.04, 0.16, 19.90
4.16, 0.0070, 5.99, 4.47, -0.04, 0.17, 19.70
4.16, 0.0060, 5.99, 4.47, -0.04, 0.35, 19.74
4.17, 0.0060, 5.99, 4.48, -0.04, 0.63, 20.13
4.18, 0.0070, 5.99, 4.48, -0.04, 0.90, 20.77
4.18, 0.0060, 5.99, 4.49, -0.04, 1.05, 21.44
4.19, 0.0070, 5.99, 4.50, -0.04, 1.17, 21.86
4.20, 0.0070, 5.99, 4.51, -0.04, 1.23, 22.27
4.20, 0.0060, 5.99, 4.51, -0.04, 1.15, 22.55
4.21, 0.0060, 5.99, 4.52, -0.04, 0.89, 22.54
4.22, 0.0070, 5.99, 4.52, -0.04, 0.60, 22.12
4.22, 0.0060, 5.99, 4.52, -0.04, 0.40, 21.63
4.23, 0.0070, 5.99, 4.53, -0.04, 0.40, 21.27
4.24, 0.0070, 5.99, 4.53, -0.04, 0.52, 21.33
4.24, 0.0060, 5.99, 4.53, -0.04, 0.71, 21.65
4.25, 0.0060, 5.99, 4.54, -0.04, 0.84, 22.10
4.25, 0.0060, 5.99, 4.54, -0.04, 0.88, 22.48
4.26, 0.0070, 5.99, 4.55, -0.04, 0.86, 22.67
4.27, 0.0060, 5.99, 4.56, -0.04, 0.80, 22.73
4.27, 0.0070, 5.99, 4.56, -0.04, 0.73, 22.72
4.28, 0.0070, 5.99, 4.57, -0.04, 0.67, 22.68
4.29, 0.0060, 5.99, 4.57, -0.04, 0.60, 22.64
4.29, 0.0060, 5.99, 4.57, -0.04, 0.56, 22.58
4.30, 0.0070, 5.99, 4.58, -0.04, 0.64, 22.57
4.30, 0.0060, 5.99, 4.58, -0.04, 0.74, 22.81
4.31, 0.0060, 5.99, 4.59, -0.04, 0.77, 23.10
4.32, 0.0070, 5.99, 4.59, -0.04, 0.67, 23.25
4.32, 0.0070, 5.99, 4.59, -0.04, 0.48, 23.14
4.33, 0.0060, 5.99, 4.60, -0.04, 0.34, 22.83
4.34, 0.0060, 5.99, 4.60, -0.04, 0.29, 22.60
4.34, 0.0070, 5.99, 4.60, -0.04, 0.27, 22.53
4.35, 0.0060, 5.99, 4.60, -0.04, 0.20, 22.52
4.36, 0.0070, 5.99, 4.60, -0.04, 0.10, 22.42
4.36, 0.0070, 5.99, 4.60, -0.04, -0.02, 22.22
4.37, 0.0060, 5.99, 4.60, -0.04, -0.09, 21.99
4.38, 0.0060, 5.99, 4.60, -0.04, -0.10, 21.84
4.38, 0.0070, 5.99, 4.60, -0.04, -0.25, 21.80
4.39, 0.0060, 5.99, 4.60, -0.04, -0.43, 21.48
4.40, 0.0060, 5.99, 4.59, -0.04, -0.43, 21.06
4.40, 0.0070, 5.99, 4.59, -0.04, -0.11, 21.01
4.41, 0.0070, 5.99, 4.59, -0.04, 0.34, 21.63
4.42, 0.0060, 5.99, 4.60, -0.04, 0.66, 22.58
4.42, 0.0060, 5.99, 4.60, -0.04, 0.71, 23.30
4.43, 0.0070, 5.99, 4.61, -0.04, 0.58, 23.47
4.43, 0.0060, 5.99, 4.61, -0.04, 0.38, 23.29
4.44, 0.0070, 5.99, 4.61, -0.04, 0.26, 22.94
4.45, 0.0070, 5.99, 4.61, -0.04, 0.24, 22.74
4.45, 0.0060, 5.99, 4.61, -0.04, 0.27, 22.74
4.46, 0.0060, 5.99, 4.62, -0.04, 0.32, 22.84
4.47, 0.0070, 5.99, 4.62, -0.04, 0.37, 22.98
4.47, 0.0060, 5.99, 4.62, -0.04, 0.39, 23.11
4.48, 0.0060, 5.99, 4.62, -0.04, 0.40, 23.20
4.49, 0.0080, 5.99, 4.63, -0.04, 0.39, 23.27
4.49, 0.0060, 5.99, 4.63, -0.04, 0.29, 23.33
4.50, 0.0060, 5.99, 4.63, -0.04, 0.13, 23.15
4.51, 0.0070, 5.99, 4.63, -0.04, 0.01, 22.84
4.51, 0.0060, 5.99, 4.63, -0.04, 0.02, 22.60
4.52, 0.0060, 5.99, 4.63, -0.04, 0.16, 22.63
4.53, 0.0060, 5.99, 4.63, -0.04, 0.26, 22.93
4.53, 0.0080, 5.99, 4.63, -0.04, 0.25, 23.15
4.54, 0.0060, 5.99, 4.64, -0.04, 0.20, 23.19
4.55, 0.0060, 5.99, 4.64, -0.04, 0.18, 23.11
4.55, 0.0070, 5.99, 4.64, -0.04, 0.19, 23.10
4.56, 0.0060, 5.99, 4.64, -0.04, 0.18, 23.13
4.56, 0.0060, 5.99, 4.64, -0.04, 0.15, 23.13
4.57, 0.0080, 5.99, 4.64, -0.04, 0.10, 23.09
4.58, 0.0060, 5.99, 4.64, -0.04, 0.07, 23.01
4.58, 0.0060, 5.99, 4.64, -0.04, 0.07, 22.96
4.59, 0.0070, 5.99, 4.64, -0.04, 0.07, 22.97
4.60, 0.0060, 5.99, 4.64, -0.04, 0.03, 22.97
4.60, 0.0060, 5.99, 4.64, -0.04, -0.01, 22.89
4.61, 0.0070, 5.99, 4.64, -0.04, 0.02, 22.82
4.62, 0.0070, 5.99, 4.64, -0.04, 0.09, 22.89
4.62, 0.0060, 5.99, 4.64, -0.04, 0.12, 23.03
4.63, 0.0070, 5.99, 4.64, -0.04, 0.12, 23.12
4.64, 0.0060, 5.99, 4.64, -0.04, 0.09, 23.13
4.64, 0.0060, 5.99, 4.65, -0.04, 0.09, 23.08
4.65, 0.0060, 5.99, 4.65, -0.04, 0.10, 23.08
4.66, 0.0080, 5.99, 4.65, -0.04, 0.09, 23.11
4.66, 0.0060, 5.99, 4.65, -0.04, 0.06, 23.11
4.67, 0.0060, 5.99, 4.65, -0.04, 0.04, 23.06
4.67, 0.0070, 5.99, 4.65, -0.04, 0.04, 23.02
4.68, 0.0060, 5.99, 4.65, -0.04, 0.05, 23.04
4.69, 0.0060, 5.99, 4.65, -0.04, 0.06, 23.06
4.69, 0.0070, 5.99, 4.65, -0.04, 0.07, 23.08
4.70, 0.0070, 5.99, 4.65, -0.04, 0.09, 23.12
4.71, 0.0060, 5.99, 4.65, -0.04, 0.09, 23.16
4.71, 0.0070, 5.99, 4.65, -0.04, 0.07, 23.18
4.72, 0.0060, 5.99, 4.65, -0.04, 0.06, 23.15
4.73, 0.0060, 5.99, 4.65, -0.04, 0.05, 23.12
4.73, 0.0070, 5.99, 4.65, -0.04, 0.04, 23.11
4.74, 0.0070, 5.99, 4.65, -0.04, 0.05, 23.12
4.75, 0.0060, 5.99, 4.65, -0.04, 0.06, 23.12
4.75, 0.0070, 5.99, 4.65, -0.04, 0.08, 23.16
4.76, 0.0060, 5.99, 4.65, -0.04, 0.09, 23.20
4.76, 0.0060, 5.99, 4.65, -0.04, 0.10, 23.24
4.77, 0.0070, 5.99, 4.65, -0.04, 0.10, 23.27
4.78, 0.0060, 5.99, 4.65, -0.04, 0.10, 23.29
4.78, 0.0070, 5.99, 4.66, -0.04, 0.09, 23.30
4.79, 0.0060, 5.99, 4.66, -0.04, 0.08, 23.28
4.80, 0.0070, 5.99, 4.66, -0.04, 0.11, 23.27
4.80, 0.0060, 5.99, 4.66, -0.04, 0.06, 23.36
4.81, 0.0060, 5.99, 4.66, -0.04, 0.03, 23.27
4.82, 0.0070, 5.99, 4.66, -0.04, 0.12, 23.21
4.82, 0.0060, 5.99, 4.66, -0.04, 0.15, 23.41
4.83, 0.0070, 5.99, 4.66, -0.04, 0.13, 23.49
4.84, 0.0070, 5.99, 4.66, -0.04, 0.12, 23.46
4.84, 0.0060, 5.99, 4.66, -0.04, 0.09, 23.45
4.85, 0.0060, 5.99, 4.66, -0.04, 0.06, 23.42
4.86, 0.0070, 5.99, 4.66, -0.04, 0.02, 23.36
4.86, 0.0060, 5.99, 4.66, -0.04, -0.01, 23.27
4.87, 0.0070, 5.99, 4.66, -0.04, -0.01, 23.21
4.88, 0.0070, 5.99, 4.66, -0.04, 0.03, 23.23
4.88, 0.0060, 5.99, 4.66, -0.04, 0.04, 23.30
4.89, 0.0060, 5.99, 4.66, -0.04, -0.05, 23.34
4.89, 0.0070, 5.99, 4.66, -0.04, -0.30, 23.13
4.90, 0.0060, 5.99, 4.66, -0.04, -0.71, 22.59
4.91, 0.0060, 5.99, 4.65, -0.04, -1.19, 21.68
4.91, 0.0080, 5.99, 4.64, -0.04, -1.64, 20.59
4.92, 0.0060, 5.99, 4.62, -0.04, -2.01, 19.43
4.93, 0.0060, 5.99, 4.61, -0.04, -2.28, 18.45
4.93, 0.0070, 5.99, 4.59, -0.04, -2.50, 17.64
4.94, 0.0060, 5.99, 4.58, -0.04, -2.74, 16.83
4.95, 0.0060, 5.99, 4.56, -0.04, -3.02, 16.02
4.95, 0.0080, 5.99, 4.53, -0.04, -3.32, 15.11
4.96, 0.0060, 5.99, 4.51, -0.04, -3.64, 13.98
4.97, 0.0060, 5.99, 4.49, -0.04, -3.96, 12.91
4.97, 0.0070, 5.99, 4.46, -0.04, -4.27, 11.79
4.98, 0.0060, 5.99, 4.43, -0.04, -4.56, 10.56
4.99, 0.0060, 5.99, 4.40, -0.04, -4.79, 9.44
4.99, 0.0070, 5.99, 4.36, -0.04, -5.01, 8.40
5.00, 0.0070, 5.99, 4.33, -0.04, -5.08, 7.26
5.01, 0.0060, 5.99, 4.30, -0.04, -5.16, 6.41
5.01, 0.0070, 5.99, 4.26, -0.04, -5.39, 5.64
5.02, 0.0060, 5.99, 4.23, -0.04, -5.59, 4.43
5.02, 0.0060, 5.99, 4.19, -0.04, -5.79, 3.34
5.03, 0.0060, 5.99, 4.16, -0.04, -6.04, 2.25
5.04, 0.0070, 5.99, 4.11, -0.04, -6.28, 1.04
5.04, 0.0070, 5.99, 4.07, -0.04, -6.52, -0.33
5.05, 0.0060, 5.99, 4.03, -0.04, -6.74, -1.73
5.06, 0.0070, 5.99, 3.98, -0.04, -6.96, -2.98
5.06, 0.0060, 5.99, 3.93, -0.04, -7.20, -4.40
5.07, 0.0060, 5.99, 3.89, -0.04, -7.45, -5.74
5.07, 0.0060, 5.99, 3.84, -0.04, -7.67, -7.12
5.08, 0.0080, 5.99, 3.78, -0.04, -7.79, -8.49
5.09, 0.0060, 5.99, 3.73, -0.04, -7.76, -9.96
5.09, 0.0060, 5.99, 3.69, -0.04, -7.59, -10.84
5.10, 0.0070, 5.99, 3.64, -0.04, -7.40, -11.42
5.11, 0.0060, 5.99, 3.59, -0.04, -7.25, -12.07
5.11, 0.0060, 5.99, 3.55, -0.04, -7.18, -12.64
5.12, 0.0070, 5.99, 3.50, -0.04, -7.21, -13.36
5.13, 0.0070, 5.99, 3.45, -0.04, -7.25, -14.42
5.13, 0.0060, 5.99, 3.41, -0.04, -7.26, -15.53
5.14, 0.0070, 5.99, 3.35, -0.04, -7.20, -16.41
5.15, 0.0060, 5.99, 3.31, -0.04, -7.10, -17.31
5.15, 0.0060, 5.99, 3.27, -0.04, -6.98, -17.96
5.16, 0.0070, 5.99, 3.22, -0.04, -6.89, -18.56
5.17, 0.0070, 5.99, 3.17, -0.04, -6.82, -19.33
5.17, 0.0060, 5.99, 3.13, -0.04, -6.80, -20.15
5.18, 0.0070, 5.99, 3.09, -0.04, -6.83, -20.93
5.19, 0.0060, 5.99, 3.04, -0.04, -6.89, -21.94
5.19, 0.0060, 5.99, 3.00, -0.04, -6.99, -22.90
5.20, 0.0070, 5.99, 2.95, -0.04, -7.09, -23.94
5.20, 0.0060, 5.99, 2.91, -0.04, -7.15, -25.12
5.21, 0.0070, 5.99, 2.86, -0.04, -7.18, -26.11
5.22, 0.0070, 5.99, 2.81, -0.04, -7.18, -27.17
5.22, 0.0060, 5.99, 2.77, -0.04, -7.16, -28.17
5.23, 0.0060, 5.99, 2.72, -0.04, -7.14, -28.99
5.24, 0.0070, 5.99, 2.67, -0.04, -7.11, -29.80
5.24, 0.0060, 5.99, 2.63, -0.04, -7.09, -30.75
5.25, 0.0080, 5.99, 2.57, -0.04, -7.09, -31.56
5.26, 0.0060, 5.99, 2.53, -0.04, -7.09, -32.69
5.26, 0.0060, 5.99, 2.49, -0.04, -7.08, -33.54
5.27, 0.0070, 5.99, 2.44, -0.04, -7.04, -34.38
5.28, 0.0060, 5.99, 2.40, -0.04, -6.90, -35.27
5.28, 0.0060, 5.99, 2.36, -0.04, -6.66, -35.81
5.29, 0.0070, 5.99, 2.31, -0.04, -6.38, -36.15
5.30, 0.0070, 5.99, 2.27, -0.04, -6.11, -36.47
5.30, 0.0060, 5.99, 2.24, -0.04, -5.95, -36.80
5.31, 0.0070, 5.99, 2.19, -0.04, -5.87, -37.18
5.32, 0.0060, 5.99, 2.16, -0.04, -5.78, -37.84
5.32, 0.0060, 5.99, 2.13, -0.04, -5.60, -38.37
5.33, 0.0070, 5.99, 2.09, -0.04, -5.33, -38.68
5.34, 0.0060, 5.99, 2.06, -0.04, -4.96, -38.87
5.34, 0.0070, 5.99, 2.03, -0.04, -4.59, -38.73
5.35, 0.0070, 5.99, 2.00, -0.04, -4.28, -38.64
5.35, 0.0060, 5.99, 1.97, -0.04, -4.01, -38.61
5.36, 0.0060, 5.99, 1.95, -0.04, -3.74, -38.56
5.37, 0.0070, 5.99, 1.93, -0.04, -3.39, -38.47
5.37, 0.0060, 5.99, 1.91, -0.04, -2.92, -38.24
5.38, 0.0070, 5.99, 1.89, -0.04, -2.41, -37.65
5.39, 0.0070, 5.99, 1.88, -0.04, -1.96, -36.96
5.39, 0.0060, 5.99, 1.87, -0.04, -1.67, -36.35
5.40, 0.0060, 5.99, 1.86, -0.04, -1.51, -35.97
5.41, 0.0070, 5.99, 1.85, -0.04, -1.36, -35.81
5.41, 0.0060, 5.99, 1.84, -0.04, -1.12, -35.70
5.42, 0.0060, 5.99, 1.84, -0.04, -0.74, -35.37
5.43, 0.0080, 5.99, 1.84, -0.04, -0.25, -34.71
5.43, 0.0060, 5.99, 1.84, -0.04, 0.32, -33.77
5.44, 0.0060, 5.99, 1.84, -0.04, 0.83, -32.59
5.45, 0.0070, 5.99, 1.85, -0.04, 1.21, -31.46
5.45, 0.0060, 5.99, 1.86, -0.04, 1.47, -30.53
5.46, 0.0060, 5.99, 1.87, -0.04, 1.66, -29.84
5.47, 0.0080, 5.99, 1.89, -0.04, 1.83, -29.26
5.47, 0.0060, 5.99, 1.90, -0.04, 1.97, -28.62
5.48, 0.0060, 5.99, 1.91, -0.04, 2.06, -28.10
5.48, 0.0070, 5.99, 1.92, -0.04, 2.10, -27.68
5.49, 0.0060, 5.99, 1.94, -0.04, 2.19, -27.30
5.50, 0.0060, 5.99, 1.95, -0.04, 2.38, -26.87
5.50, 0.0070, 5.99, 1.97, -0.04, 2.68, -26.19
5.51, 0.0070, 5.99, 1.99, -0.04, 2.96, -25.22
5.52, 0.0060, 5.99, 2.01, -0.04, 3.09, -24.25
5.52, 0.0070, 5.99, 2.03, -0.04, 3.00, -23.62
5.53, 0.0060, 5.99, 2.05, -0.04, 2.75, -23.37
5.54, 0.0060, 5.99, 2.06, -0.04, 2.44, -23.56
5.54, 0.0070, 5.99, 2.08, -0.04, 2.24, -23.86
5.55, 0.0060, 5.99, 2.09, -0.04, 2.17, -23.95
5.56, 0.0070, 5.99, 2.11, -0.04, 2.18, -23.84
5.56, 0.0070, 5.99, 2.12, -0.04, 2.11, -23.52
5.57, 0.0060, 5.99, 2.13, -0.04, 1.83, -23.36
5.57, 0.0070, 5.99, 2.14, -0.04, 1.40, -23.69
5.58, 0.0060, 5.99, 2.15, -0.04, 0.92, -24.37
5.59, 0.0060, 5.99, 2.15, -0.04, 0.56, -25.21
5.59, 0.0080, 5.99, 2.15, -0.04, 0.34, -25.88
5.60, 0.0060, 5.99, 2.15, -0.04, 0.21, -26.25
5.61, 0.0060, 5.99, 2.16, -0.04, 0.07, -26.48
5.61, 0.0060, 5.99, 2.15, -0.04, -0.18, -26.75
5.62, 0.0070, 5.99, 2.15, -0.04, -0.59, -27.27
5.63, 0.0060, 5.99, 2.14, -0.04, -1.16, -28.19
5.63, 0.0060, 5.99, 2.13, -0.04, -1.73, -29.45
5.64, 0.0080, 5.99, 2.12, -0.04, -2.16, -30.80
5.65, 0.0060, 5.99, 2.10, -0.04, -2.45, -32.01
5.65, 0.0060, 5.99, 2.08, -0.04, -2.66, -32.89
5.66, 0.0070, 5.99, 2.06, -0.04, -2.90, -33.63
5.67, 0.0060, 5.99, 2.05, -0.04, -3.20, -34.51
5.67, 0.0060, 5.99, 2.02, -0.04, -3.52, -35.50
5.68, 0.0080, 5.99, 1.99, -0.04, -3.79, -36.57
5.69, 0.0060, 5.99, 1.97, -0.04, -3.98, -37.70
5.69, 0.0060, 5.99, 1.95, -0.04, -4.14, -38.56
5.70, 0.0070, 5.99, 1.91, -0.04, -4.35, -39.38
5.71, 0.0060, 5.99, 1.89, -0.04, -4.66, -40.42
5.71, 0.0070, 5.99, 1.85, -0.04, -4.99, -41.60
5.72, 0.0060, 5.99, 1.82, -0.04, -5.23, -42.95
5.73, 0.0070, 5.99, 1.78, -0.04, -5.33, -44.05
5.73, 0.0070, 5.99, 1.75, -0.04, -5.32, -45.01
5.74, 0.0060, 5.99, 1.71, -0.04, -5.26, -45.72
5.74, 0.0060, 5.99, 1.68, -0.04, -5.21, -46.25
5.75, 0.0070, 5.99, 1.65, -0.04, -5.18, -46.77
5.76, 0.0060, 5.99, 1.62, -0.04, -5.16, -47.44
5.76, 0.0070, 5.99, 1.58, -0.04, -5.11, -48.01
5.77, 0.0070, 5.99, 1.54, -0.04, -5.06, -48.62
5.78, 0.0060, 5.99, 1.51, -0.04, -4.98, -49.23
5.78, 0.0060, 5.99, 1.49, -0.04, -4.87, -49.67
5.79, 0.0070, 5.99, 1.45, -0.04, -4.65, -50.02
5.80, 0.0060, 5.99, 1.43, -0.04, -4.36, -50.25
5.80, 0.0060, 5.99, 1.40, -0.04, -4.02, -50.19
5.81, 0.0080, 5.99, 1.37, -0.04, -3.69, -49.99
5.82, 0.0060, 5.99, 1.35, -0.04, -3.39, -49.92
5.82, 0.0060, 5.99, 1.33, -0.04, -3.10, -49.72
5.83, 0.0070, 5.99, 1.31, -0.04, -2.84, -49.52
5.83, 0.0060, 5.99, 1.30, -0.04, -2.59, -49.39
5.84, 0.0060, 5.99, 1.28, -0.04, -2.31, -49.21
5.85, 0.0070, 5.99, 1.27, -0.04, -1.95, -48.92
5.85, 0.0070, 5.99, 1.26, -0.04, -1.47, -48.47
5.86, 0.0060, 5.99, 1.26, -0.04, -0.93, -47.72
5.87, 0.0060, 5.99, 1.25, -0.04, -0.44, -46.75
5.87, 0.0070, 5.99, 1.25, -0.04, -0.12, -45.82
5.88, 0.0060, 5.99, 1.25, -0.04, 0.02, -45.21
5.89, 0.0060, 5.99, 1.25, -0.04, 0.09, -44.92
5.89, 0.0080, 5.99, 1.25, -0.04, 0.26, -44.76
5.90, 0.0060, 5.99, 1.26, -0.04, 0.64, -44.39
5.91, 0.0060, 5.99, 1.27, -0.04, 1.15, -43.56
5.91, 0.0070, 5.99, 1.28, -0.04, 1.68, -42.39
5.92, 0.0060, 5.99, 1.29, -0.04, 2.06, -41.10
5.93, 0.0060, 5.99, 1.30, -0.04, 2.26, -40.08
5.93, 0.0070, 5.99, 1.32, -0.04, 2.30, -39.42
5.94, 0.0070, 5.99, 1.34, -0.04, 2.28, -39.02
5.95, 0.0060, 5.99, 1.35, -0.04, 2.29, -38.73
5.95, 0.0070, 5.99, 1.37, -0.04, 2.34, -38.45
5.96, 0.0060, 5.99, 1.38, -0.04, 2.48, -38.01
5.96, 0.0060, 5.99, 1.40, -0.04, 2.70, -37.45
5.97, 0.0070, 5.99, 1.42, -0.04, 2.95, -36.67
5.98, 0.0070, 5.99, 1.44, -0.04, 3.11, -35.76
5.98, 0.0060, 5.99, 1.46, -0.04, 3.07, -35.00
5.99, 0.0070, 5.99, 1.48, -0.04, 2.87, -34.72
6.00, 0.0060, 5.99, 1.49, -0.04, 2.58, -34.72
6.00, 0.0060, 5.99, 1.51, -0.04, 2.31, -34.99
6.01, 0.0070, 5.99, 1.52, -0.04, 2.14, -35.24
6.02, 0.0060, 5.99, 1.53, -0.04, 2.06, -35.28
6.02, 0.0070, 5.99, 1.55, -0.04, 2.03, -35.21
6.03, 0.0070, 5.99, 1.56, -0.04, 1.98, -34.99
6.03, 0.0060, 5.99, 1.57, -0.04, 1.82, -34.80
6.04, 0.0060, 5.99, 1.58, -0.04, 1.50, -34.90
6.05, 0.0060, 5.99, 1.59, -0.04, 0.96, -35.36
6.05, 0.0070, 5.99, 1.59, -0.04, 0.28, -36.33
6.06, 0.0060, 5.99, 1.59, -0.04, -0.48, -37.65
6.07, 0.0070, 5.99, 1.58, -0.04, -1.11, -39.24
6.07, 0.0070, 5.99, 1.57, -0.04, -1.54, -40.65
6.08, 0.0060, 5.99, 1.56, -0.04, -1.70, -41.73
6.09, 0.0060, 5.99, 1.55, -0.04, -1.70, -42.23
6.09, 0.0070, 5.99, 1.54, -0.04, -1.76, -42.44
6.10, 0.0060, 5.99, 1.52, -0.04, -2.15, -42.81
6.11, 0.0070, 5.99, 1.50, -0.04, -2.93, -43.86
6.11, 0.0070, 5.99, 1.47, -0.04, -3.95, -45.82
6.12, 0.0060, 5.99, 1.44, -0.04, -4.92, -48.42
6.13, 0.0060, 5.99, 1.41, -0.04, -5.66, -50.94
6.13, 0.0070, 5.99, 1.37, -0.04, -6.15, -53.11
6.14, 0.0060, 5.99, 1.33, -0.04, -6.32, -54.95
6.15, 0.0060, 5.99, 1.29, -0.04, -6.30, -56.04
6.15, 0.0080, 5.99, 1.24, -0.04, -6.31, -56.75
6.16, 0.0060, 5.99, 1.20, -0.04, -6.57, -57.78
6.17, 0.0060, 5.99, 1.16, -0.04, -7.16, -59.10
6.17, 0.0070, 5.99, 1.10, -0.04, -7.82, -61.14
6.18, 0.0060, 5.99, 1.05, -0.04, -8.32, -63.56
6.18, 0.0060, 5.99, 1.00, -0.04, -8.57, -65.56
6.19, 0.0080, 5.99, 0.93, -0.04, -8.53, -67.08
6.20, 0.0060, 5.99, 0.88, -0.04, -8.34, -68.36
6.20, 0.0060, 5.99, 0.84, -0.04, -8.17, -68.98
6.21, 0.0070, 5.99, 0.78, -0.04, -8.22, -69.62
6.22, 0.0060, 5.99, 0.73, -0.04, -8.45, -70.87
6.22, 0.0060, 5.99, 0.68, -0.04, -8.71, -72.36
6.23, 0.0070, 5.99, 0.61, -0.04, -8.81, -73.92
6.24, 0.0070, 5.99, 0.55, -0.04, -8.58, -75.35
6.24, 0.0070, 5.99, 0.50, -0.04, -8.02, -76.09
6.25, 0.0060, 5.99, 0.45, -0.04, -7.27, -76.10
6.26, 0.0060, 5.99, 0.41, -0.04, -6.53, -75.47
6.26, 0.0070, 5.99, 0.37, -0.04, -6.02, -74.77
6.27, 0.0060, 5.99, 0.34, -0.04, -5.72, -74.59
6.28, 0.0070, 5.99, 0.30, -0.04, -5.56, -74.68
6.28, 0.0070, 5.99, 0.26, -0.04, -5.45, -75.14
6.29, 0.0060, 5.99, 0.23, -0.04, -5.17, -75.68
6.30, 0.0060, 5.99, 0.20, -0.04, -4.58, -75.74
6.30, 0.0070, 5.99, 0.18, -0.04, -3.70, -75.12
6.31, 0.0060, 5.99, 0.16, -0.04, -2.63, -73.87
6.32, 0.0060, 5.99, 0.15, -0.04, -1.62, -72.04
6.32, 0.0080, 5.99, 0.14, -0.04, -0.81, -70.21
6.33, 0.0060, 5.99, 0.14, -0.04, -0.27, -68.74
6.33, 0.0060, 5.99, 0.14, -0.04, -0.03, -67.69
6.34, 0.0070, 5.99, 0.14, -0.04, 0.11, -67.21
6.35, 0.0060, 5.99, 0.15, -0.04, 0.39, -66.90
6.35, 0.0060, 5.99, 0.15, -0.04, 1.02, -66.29
6.36, 0.0070, 5.99, 0.17, -0.04, 1.99, -64.91
6.37, 0.0070, 5.99, 0.19, -0.04, 2.98, -62.70
6.37, 0.0060, 5.99, 0.21, -0.04, 3.69, -60.30
6.38, 0.0060, 5.99, 0.23, -0.04, 4.08, -58.44
6.39, 0.0070, 5.99, 0.26, -0.04, 4.13, -57.18
6.39, 0.0060, 5.99, 0.29, -0.04, 4.01, -56.49
6.40, 0.0060, 5.99, 0.31, -0.04, 3.96, -56.24
6.41, 0.0080, 5.99, 0.34, -0.04, 4.18, -55.87
6.41, 0.0060, 5.99, 0.37, -0.04, 4.63, -54.77
6.42, 0.0070, 5.99, 0.41, -0.04, 5.14, -53.31
6.42, 0.0060, 5.99, 0.44, -0.04, 5.49, -51.58
6.43, 0.0060, 5.99, 0.47, -0.04, 5.51, -50.22
6.44, 0.0070, 5.99, 0.51, -0.04, 5.24, -49.52
6.44, 0.0060, 5.99, 0.54, -0.04, 4.84, -49.32
6.45, 0.0070, 5.99, 0.57, -0.04, 4.54, -49.54
6.46, 0.0070, 5.99, 0.60, -0.04, 4.44, -49.51
6.46, 0.0060, 5.99, 0.63, -0.04, 4.39, -49.09
6.47, 0.0060, 5.99, 0.65, -0.04, 4.18, -48.67
6.48, 0.0070, 5.99, 0.68, -0.04, 3.76, -48.57
6.48, 0.0060, 5.99, 0.70, -0.04, 3.15, -48.90
6.49, 0.0070, 5.99, 0.72, -0.04, 2.50, -49.73
6.50, 0.0070, 5.99, 0.73, -0.04, 1.98, -50.68
6.50, 0.0060, 5.99, 0.74, -0.04, 1.56, -51.45
6.51, 0.0060, 5.99, 0.75, -0.04, 1.19, -52.09
6.51, 0.0070, 5.99, 0.75, -0.04, 0.80, -52.70
6.52, 0.0060, 5.99, 0.75, -0.04, 0.30, -53.36
6.53, 0.0060, 5.99, 0.75, -0.04, -0.31, -54.32
6.53, 0.0080, 5.99, 0.74, -0.04, -1.08, -55.58
6.54, 0.0060, 5.99, 0.73, -0.04, -1.95, -57.29
6.55, 0.0060, 5.99, 0.71, -0.04, -2.81, -59.27
6.55, 0.0070, 5.99, 0.69, -0.04, -3.67, -61.32
6.56, 0.0060, 5.99, 0.66, -0.04, -4.48, -63.57
6.57, 0.0060, 5.99, 0.63, -0.04, -5.20, -65.71
6.57, 0.0080, 5.99, 0.58, -0.04, -5.84, -67.77
6.58, 0.0060, 5.99, 0.55, -0.04, -6.39, -70.00
6.59, 0.0060, 5.99, 0.51, -0.04, -6.79, -71.86
6.59, 0.0070, 5.99, 0.46, -0.04, -7.08, -73.49
6.60, 0.0060, 5.99, 0.41, -0.04, -7.55, -75.04
6.61, 0.0060, 5.99, 0.36, -0.04, -8.46, -76.89
6.61, 0.0070, 5.99, 0.29, -0.04, -9.65, -79.73
6.62, 0.0070, 5.99, 0.22, -0.04, -10.88, -83.46
6.63, 0.0060, 5.99, 0.15, -0.04, -11.80, -87.44
6.63, 0.0070, 5.99, 0.06, -0.04, -12.33, -90.70
6.64, 0.0060, 5.99, -0.02, -0.04, -12.45, -93.48
6.65, 0.0070, 5.99, -0.10, -0.04, -12.29, -95.23
6.65, 0.0060, 5.99, -0.17, -0.04, -12.10, -96.61
6.66, 0.0060, 5.99, -0.25, -0.04, -12.28, -97.69
6.67, 0.0080, 5.99, -0.35, -0.04, -12.82, -99.53
6.67, 0.0060, 5.99, -0.43, -0.04, -13.54, -102.65
6.68, 0.0070, 5.99, -0.53, -0.04, -14.18, -105.72
6.68, 0.0060, 5.99, -0.62, -0.04, -14.63, -108.99
6.69, 0.0070, 5.99, -0.72, -0.04, -14.83, -111.63
6.70, 0.0060, 5.99, -0.81, -0.04, -14.82, -114.13
6.71, 0.0070, 5.99, -0.91, -0.04, -14.66, -115.89
6.71, 0.0070, 5.99, -1.02, -0.04, -14.42, -117.62
6.72, 0.0060, 5.99, -1.10, -0.04, -14.08, -119.14
6.72, 0.0070, 5.99, -1.20, -0.04, -13.75, -120.16
6.73, 0.0060, 5.99, -1.28, -0.04, -13.48, -121.42
6.74, 0.0070, 5.99, -1.37, -0.04, -13.30, -122.49
6.74, 0.0060, 5.99, -1.45, -0.04, -13.26, -124.00
6.75, 0.0080, 5.99, -1.56, -0.04, -13.31, -125.51
6.76, 0.0060, 5.99, -1.64, -0.04, -13.39, -127.74
6.76, 0.0060, 5.99, -1.72, -0.04, -13.37, -129.51
6.77, 0.0070, 5.99, -1.81, -0.04, -13.23, -131.07
6.78, 0.0060, 5.99, -1.89, -0.04, -12.88, -132.65
6.78, 0.0070, 5.99, -1.97, -0.04, -12.26, -133.50
6.79, 0.0070, 5.99, -2.05, -0.04, -11.67, -133.97
6.80, 0.0070, 5.99, -2.13, -0.04, -11.17, -134.42
6.80, 0.0060, 5.99, -2.20, -0.04, -10.90, -134.98
6.81, 0.0070, 5.99, -2.27, -0.04, -10.66, -135.76
6.82, 0.0060, 5.99, -2.33, -0.04, -10.36, -136.77
6.82, 0.0070, 5.99, -2.40, -0.04, -10.04, -137.42
6.83, 0.0070, 5.99, -2.47, -0.04, -9.51, -138.19
6.84, 0.0060, 5.99, -2.52, -0.04, -8.66, -138.45
6.84, 0.0070, 5.99, -2.58, -0.04, -7.84, -137.78
6.85, 0.0060, 5.99, -2.62, -0.04, -7.53, -137.25
6.86, 0.0070, 5.99, -2.68, -0.04, -7.50, -137.53
6.86, 0.0060, 5.99, -2.72, -0.04, -7.49, -138.53
6.87, 0.0060, 5.99, -2.76, -0.04, -7.08, -139.39
6.88, 0.0080, 5.99, -2.81, -0.04, -6.31, -139.42
6.88, 0.0060, 5.99, -2.85, -0.04, -5.33, -138.91
6.89, 0.0070, 5.99, -2.88, -0.04, -4.37, -137.58
6.90, 0.0060, 5.99, -2.90, -0.04, -3.69, -136.26
6.90, 0.0060, 5.99, -2.92, -0.04, -3.49, -135.35
6.91, 0.0070, 5.99, -2.94, -0.04, -3.63, -135.36
6.92, 0.0070, 5.99, -2.97, -0.04, -3.86, -136.15
6.92, 0.0060, 5.99, -3.00, -0.04, -3.85, -137.15
6.93, 0.0070, 5.99, -3.02, -0.04, -3.42, -137.61
6.94, 0.0060, 5.99, -3.03, -0.04, -2.60, -137.22
6.94, 0.0070, 5.99, -3.05, -0.04, -1.69, -135.90
6.95, 0.0060, 5.99, -3.05, -0.04, -0.91, -134.31
6.96, 0.0060, 5.99, -3.05, -0.04, -0.37, -132.86
6.96, 0.0080, 5.99, -3.05, -0.04, -0.05, -131.83
6.97, 0.0060, 5.99, -3.05, -0.04, 0.19, -131.19
6.97, 0.0060, 5.99, -3.05, -0.04, 0.30, -130.70
6.98, 0.0070, 5.99, -3.05, -0.04, 0.20, -130.43
6.99, 0.0060, 5.99, -3.05, -0.04, 0.16, -130.61
6.99, 0.0070, 5.99, -3.05, -0.04, 0.40, -130.67
7.00, 0.0060, 5.99, -3.04, -0.04, 1.16, -130.12
7.01, 0.0070, 5.99, -3.03, -0.04, 2.02, -128.47
7.01, 0.0070, 5.99, -3.01, -0.04, 2.68, -126.47
7.02, 0.0060, 5.99, -2.99, -0.04, 3.03, -124.77
7.03, 0.0060, 5.99, -2.97, -0.04, 2.88, -123.71
7.03, 0.0070, 5.99, -2.96, -0.04, 2.17, -123.66
7.04, 0.0060, 5.99, -2.95, -0.04, 1.40, -124.77
7.05, 0.0070, 5.99, -2.94, -0.04, 1.22, -126.15
7.05, 0.0070, 5.99, -2.93, -0.04, 1.74, -126.33
7.06, 0.0060, 5.99, -2.91, -0.04, 2.51, -125.05
7.07, 0.0070, 5.99, -2.89, -0.04, 2.92, -123.21
7.07, 0.0060, 5.99, -2.87, -0.04, 2.74, -121.99
7.08, 0.0060, 5.99, -2.86, -0.04, 2.07, -122.02
7.09, 0.0070, 5.99, -2.85, -0.04, 1.15, -123.10
7.09, 0.0070, 5.99, -2.85, -0.04, 0.41, -124.80
7.10, 0.0070, 5.99, -2.85, -0.04, 0.20, -126.22
7.10, 0.0060, 5.99, -2.85, -0.04, 0.49, -126.61
7.11, 0.0060, 5.99, -2.84, -0.04, 0.96, -125.97
7.12, 0.0070, 5.99, -2.83, -0.04, 1.14, -124.91
7.12, 0.0060, 5.99, -2.83, -0.04, 0.68, -124.40
7.13, 0.0070, 5.99, -2.83, -0.04, -0.39, -125.23
7.14, 0.0070, 5.99, -2.84, -0.04, -1.62, -127.41
7.14, 0.0060, 5.99, -2.86, -0.04, -2.55, -130.12
7.15, 0.0070, 5.99, -2.88, -0.04, -2.97, -132.27
7.16, 0.0060, 5.99, -2.90, -0.04, -2.96, -133.53
7.16, 0.0060, 5.99, -2.91, -0.04, -2.79, -133.86
7.17, 0.0070, 5.99, -2.93, -0.04, -2.81, -133.85
7.18, 0.0070, 5.99, -2.96, -0.04, -3.27, -134.30
7.18, 0.0070, 5.99, -2.99, -0.04, -4.18, -135.67
7.19, 0.0060, 5.99, -3.02, -0.04, -5.29, -138.07
7.20, 0.0060, 5.99, -3.06, -0.04, -6.26, -140.93
7.20, 0.0070, 5.99, -3.10, -0.04, -6.88, -143.62
7.21, 0.0060, 5.99, -3.15, -0.04, -7.15, -145.83
7.22, 0.0080, 5.99, -3.20, -0.04, -7.29, -147.21
7.22, 0.0060, 5.99, -3.25, -0.04, -7.55, -148.67
7.23, 0.0060, 5.99, -3.30, -0.04, -8.09, -150.10
7.24, 0.0070, 5.99, -3.36, -0.04, -8.88, -152.15
7.24, 0.0060, 5.99, -3.42, -0.04, -9.73, -154.96
7.25, 0.0070, 5.99, -3.49, -0.04, -10.41, -157.84
7.26, 0.0060, 5.99, -3.56, -0.04, -10.87, -160.65
7.26, 0.0080, 5.99, -3.65, -0.04, -11.15, -162.87
7.27, 0.0060, 5.99, -3.71, -0.04, -11.48, -165.21
7.28, 0.0060, 5.99, -3.79, -0.04, -11.92, -167.27
7.28, 0.0070, 5.99, -3.87, -0.04, -12.37, -169.57
7.29, 0.0060, 5.99, -3.95, -0.04, -12.77, -172.19
7.29, 0.0070, 5.99, -4.04, -0.04, -13.11, -174.53
7.30, 0.0070, 5.99, -4.14, -0.04, -13.52, -177.05
7.31, 0.0070, 5.99, -4.23, -0.04, -14.03, -179.76
7.31, 0.0060, 5.99, -4.32, -0.04, -14.60, -182.75
7.32, 0.0060, 5.99, -4.41, -0.04, -15.19, -185.63
7.33, 0.0070, 5.99, -4.52, -0.04, -15.65, -188.65
7.33, 0.0060, 5.99, -4.62, -0.04, -16.02, -191.74
7.34, 0.0070, 5.99, -4.73, -0.04, -16.24, -194.40
7.35, 0.0070, 5.99, -4.85, -0.04, -16.31, -197.13
7.35, 0.0070, 5.99, -4.96, -0.04, -16.29, -199.55
7.36, 0.0060, 5.99, -5.06, -0.04, -16.44, -201.80
7.37, 0.0070, 5.99, -5.18, -0.04, -16.91, -204.06
7.37, 0.0060, 5.99, -5.28, -0.04, -17.53, -207.38
7.38, 0.0060, 5.99, -5.39, -0.04, -18.03, -210.73
7.39, 0.0080, 5.99, -5.54, -0.04, -18.24, -213.89
7.39, 0.0060, 5.99, -5.65, -0.04, -18.26, -217.22
7.40, 0.0070, 5.99, -5.77, -0.04, -18.15, -219.44
7.41, 0.0060, 5.99, -5.88, -0.04, -18.09, -221.77
7.41, 0.0070, 5.99, -6.01, -0.04, -18.19, -223.82
7.42, 0.0060, 5.99, -6.12, -0.04, -18.44, -226.56
7.43, 0.0080, 5.99, -6.27, -0.04, -18.68, -229.27
7.43, 0.0060, 5.99, -6.38, -0.04, -19.12, -232.74
7.44, 0.0060, 5.99, -6.50, -0.04, -19.61, -235.92
7.45, 0.0070, 5.99, -6.64, -0.04, -20.12, -239.25
7.45, 0.0060, 5.99, -6.76, -0.04, -20.33, -243.09
7.46, 0.0070, 5.99, -6.91, -0.04, -20.19, -245.95
7.47, 0.0060, 5.99, -7.03, -0.04, -19.95, -248.50
7.47, 0.0080, 5.99, -7.19, -0.04, -20.04, -250.41
7.48, 0.0060, 5.99, -7.31, -0.04, -20.67, -253.80
7.49, 0.0070, 5.99, -7.46, -0.04, -21.64, -257.53
7.49, 0.0060, 5.99, -7.60, -0.04, -22.68, -262.50
7.50, 0.0060, 5.99, -7.74, -0.04, -23.51, -267.31
7.51, 0.0070, 5.99, -7.91, -0.04, -23.85, -271.78
7.51, 0.0060, 5.99, -8.05, -0.04, -23.71, -275.81
7.52, 0.0080, 5.99, -8.23, -0.04, -23.03, -278.38
7.53, 0.0060, 5.99, -8.37, -0.04, -22.69, -280.71
7.53, 0.0070, 5.99, -8.53, -0.04, -23.04, -282.74
7.54, 0.0060, 5.99, -8.67, -0.04, -24.09, -286.66
7.55, 0.0070, 5.99, -8.85, -0.04, -25.61, -291.65
7.55, 0.0060, 5.99, -9.02, -0.04, -27.07, -298.28
7.56, 0.0080, 5.99, -9.24, -0.04, -28.00, -304.44
7.57, 0.0060, 5.99, -9.41, -0.04, -28.21, -310.80
7.57, 0.0070, 5.99, -9.61, -0.04, -28.11, -314.60
7.58, 0.0060, 5.99, -9.78, -0.04, -28.51, -318.33
7.59, 0.0060, 5.99, -9.95, -0.04, -29.36, -322.55
7.59, 0.0070, 5.99, -10.17, -0.04, -30.50, -327.77
7.60, 0.0070, 5.99, -10.39, -0.04, -31.52, -334.33
7.61, 0.0070, 5.99, -10.61, -0.04, -32.05, -340.78
7.61, 0.0060, 5.99, -10.80, -0.04, -32.24, -346.32
7.62, 0.0070, 5.99, -11.03, -0.04, -32.31, -350.57
7.63, 0.0060, 5.99, -11.23, -0.04, -32.41, -355.24
7.63, 0.0070, 5.99, -11.45, -0.04, -32.38, -359.33
7.64, 0.0060, 5.99, -11.65, -0.04, -32.23, -363.80
7.65, 0.0080, 5.99, -11.90, -0.04, -31.46, -367.38
7.65, 0.0060, 5.99, -12.08, -0.04, -30.73, -370.85
7.66, 0.0070, 5.99, -12.29, -0.04, -30.16, -373.08
7.67, 0.0060, 5.99, -12.47, -0.04, -29.29, -376.17
7.67, 0.0070, 5.99, -12.66, -0.04, -27.60, -377.94
7.68, 0.0060, 5.99, -12.81, -0.04, -25.18, -378.43
7.69, 0.0080, 5.99, -12.99, -0.04, -22.43, -376.62
7.69, 0.0070, 5.99, -13.13, -0.04, -19.68, -374.70
7.70, 0.0060, 5.99, -13.23, -0.04, -17.11, -371.95
7.71, 0.0070, 5.99, -13.34, -0.04, -14.84, -368.86
7.71, 0.0060, 5.99, -13.41, -0.04, -12.81, -366.40
7.72, 0.0070, 5.99, -13.49, -0.04, -10.74, -363.88
7.73, 0.0060, 5.99, -13.54, -0.04, -7.98, -361.24
7.73, 0.0080, 5.99, -13.57, -0.04, -4.39, -356.69
7.74, 0.0060, 5.99, -13.57, -0.04, -0.32, -350.20
7.75, 0.0060, 5.99, -13.55, -0.04, 3.93, -342.11
7.75, 0.0070, 5.99, -13.50, -0.04, 7.59, -333.13
7.76, 0.0060, 5.99, -13.43, -0.04, 10.69, -324.74
7.76, 0.0070, 5.99, -13.34, -0.04, 13.44, -317.26
7.77, 0.0070, 5.99, -13.22, -0.04, 16.41, -309.89
7.78, 0.0070, 5.99, -13.08, -0.04, 20.06, -301.65
7.78, 0.0060, 5.99, -12.94, -0.04, 24.07, -291.55
7.79, 0.0070, 5.99, -12.74, -0.04, 28.09, -280.63
7.80, 0.0060, 5.99, -12.55, -0.04, 31.95, -268.66
7.80, 0.0070, 5.99, -12.30, -0.04, 35.58, -257.11
7.81, 0.0070, 5.99, -12.03, -0.04, 39.40, -244.86
7.82, 0.0070, 5.99, -11.72, -0.04, 43.46, -231.71
7.82, 0.0060, 5.99, -11.44, -0.04, 47.67, -217.50
7.83, 0.0070, 5.99, -11.07, -0.04, 51.92, -203.36
7.84, 0.0060, 5.99, -10.74, -0.04, 56.03, -187.60
7.84, 0.0070, 5.99, -10.32, -0.04, 59.50, -172.65
7.85, 0.0060, 5.99, -9.94, -0.04, 62.87, -157.39
7.86, 0.0080, 5.99, -9.41, -0.04, 66.29, -143.09
7.86, 0.0060, 5.99, -8.99, -0.04, 69.67, -125.64
7.87, 0.0070, 5.99, -8.48, -0.04, 72.77, -110.54
7.88, 0.0060, 5.99, -8.03, -0.04, 75.61, -94.13
7.88, 0.0060, 5.99, -7.56, -0.04, 78.09, -79.38
7.89, 0.0070, 5.99, -7.00, -0.04, 80.25, -65.06
7.90, 0.0070, 5.99, -6.42, -0.04, 82.18, -49.50
7.90, 0.0070, 5.99, -5.84, -0.04, 83.97, -34.14
7.91, 0.0060, 5.99, -5.32, -0.04, 85.88, -18.79
7.92, 0.0060, 5.99, -4.80, -0.04, 87.69, -4.67
7.92, 0.0070, 5.99, -4.17, -0.04, 89.51, 9.47
7.93, 0.0060, 5.99, -3.62, -0.04, 91.32, 25.64
7.94, 0.0060, 5.99, -3.06, -0.04, 93.16, 40.22
7.94, 0.0080, 5.99, -2.30, -0.04, 94.85, 55.09
7.95, 0.0060, 5.99, -1.72, -0.04, 96.51, 73.63
7.96, 0.0070, 5.99, -1.04, -0.04, 98.05, 88.54
7.96, 0.0060, 5.99, -0.44, -0.04, 99.46, 105.34
7.97, 0.0060, 5.99, 0.16, -0.04, 100.64, 120.11
7.98, 0.0070, 5.99, 0.88, -0.04, 101.80, 134.54
7.98, 0.0070, 5.99, 1.60, -0.04, 102.95, 151.10
7.99, 0.0070, 5.99, 2.33, -0.04, 104.29, 167.81
8.00, 0.0060, 5.99, 2.96, -0.04, 105.53, 185.09
8.00, 0.0070, 5.99, 3.70, -0.04, 106.45, 200.23
8.01, 0.0060, 5.99, 4.35, -0.04, 106.83, 216.98
8.02, 0.0070, 5.99, 5.09, -0.04, 106.82, 230.56
8.02, 0.0060, 5.99, 5.73, -0.04, 106.66, 245.50
8.03, 0.0080, 5.99, 6.59, -0.04, 106.53, 257.98
8.03, 0.0060, 5.99, 7.22, -0.04, 106.44, 274.76
8.04, 0.0070, 5.99, 7.97, -0.04, 106.27, 287.36
8.05, 0.0060, 5.99, 8.60, -0.04, 105.83, 301.90
8.06, 0.0070, 5.99, 9.34, -0.04, 105.11, 313.71
8.06, 0.0060, 5.99, 9.96, -0.04, 104.13, 327.00
8.07, 0.0070, 5.99, 10.68, -0.04, 103.10, 337.53
8.07, 0.0070, 5.99, 11.40, -0.04, 102.15, 349.89
8.08, 0.0060, 5.99, 12.01, -0.04, 101.40, 362.30
8.09, 0.0070, 5.99, 12.71, -0.04, 100.62, 372.96
8.10, 0.0060, 5.99, 13.31, -0.04, 99.71, 385.50
8.10, 0.0070, 5.99, 14.00, -0.04, 98.54, 395.64
8.11, 0.0060, 5.99, 14.58, -0.04, 97.14, 407.10
8.11, 0.0080, 5.99, 15.35, -0.04, 95.54, 415.95
8.12, 0.0060, 5.99, 15.91, -0.04, 93.78, 428.04
8.13, 0.0070, 5.99, 16.55, -0.04, 91.85, 435.77
8.14, 0.0060, 5.99, 17.09, -0.04, 89.85, 444.78
8.14, 0.0070, 5.99, 17.71, -0.04, 87.85, 451.55
8.15, 0.0060, 5.99, 18.22, -0.04, 85.94, 459.86
8.15, 0.0080, 5.99, 18.90, -0.04, 84.12, 466.35
8.16, 0.0060, 5.99, 19.39, -0.04, 82.33, 476.16
8.17, 0.0070, 5.99, 19.95, -0.04, 80.54, 482.46
8.17, 0.0060, 5.99, 20.43, -0.04, 78.66, 490.17
8.18, 0.0060, 5.99, 20.89, -0.04, 76.69, 495.85
8.19, 0.0070, 5.99, 21.41, -0.04, 74.55, 501.11
8.19, 0.0060, 5.99, 21.84, -0.04, 72.27, 507.27
8.20, 0.0080, 5.99, 22.40, -0.04, 69.88, 511.37
8.21, 0.0060, 5.99, 22.81, -0.04, 67.49, 517.77
8.21, 0.0070, 5.99, 23.26, -0.04, 65.25, 521.09
8.22, 0.0060, 5.99, 23.64, -0.04, 63.09, 525.75
8.23, 0.0070, 5.99, 24.07, -0.04, 60.98, 529.00
8.23, 0.0060, 5.99, 24.42, -0.04, 58.78, 533.32
8.24, 0.0080, 5.99, 24.87, -0.04, 56.52, 535.98
8.25, 0.0060, 5.99, 25.20, -0.04, 54.24, 540.50
8.25, 0.0070, 5.99, 25.56, -0.04, 51.96, 542.44
8.26, 0.0060, 5.99, 25.86, -0.04, 49.66, 545.16
8.27, 0.0070, 5.99, 26.19, -0.04, 47.25, 546.51
8.27, 0.0060, 5.99, 26.46, -0.04, 44.74, 548.30
8.28, 0.0080, 5.99, 26.80, -0.04, 42.21, 548.65
8.29, 0.0060, 5.99, 27.04, -0.04, 39.84, 550.35
8.29, 0.0070, 5.99, 27.30, -0.04, 37.66, 550.40
8.30, 0.0060, 5.99, 27.51, -0.04, 35.64, 551.31
8.31, 0.0060, 5.99, 27.71, -0.04, 33.62, 551.55
8.31, 0.0070, 5.99, 27.94, -0.04, 31.53, 551.53
8.32, 0.0060, 5.99, 28.11, -0.04, 29.36, 551.76
8.33, 0.0080, 5.99, 28.33, -0.04, 27.18, 550.96
8.33, 0.0060, 5.99, 28.48, -0.04, 25.05, 550.95
8.34, 0.0070, 5.99, 28.64, -0.04, 22.98, 549.69
8.35, 0.0060, 5.99, 28.77, -0.04, 20.99, 548.77
8.35, 0.0070, 5.99, 28.90, -0.04, 19.00, 547.31
8.36, 0.0060, 5.99, 29.00, -0.04, 16.99, 545.98
8.37, 0.0080, 5.99, 29.12, -0.04, 14.99, 544.01
8.37, 0.0060, 5.99, 29.20, -0.04, 12.95, 542.39
8.38, 0.0070, 5.99, 29.28, -0.04, 10.98, 539.88
8.39, 0.0060, 5.99, 29.33, -0.04, 9.02, 537.47
8.39, 0.0060, 5.99, 29.37, -0.04, 7.05, 534.64
8.40, 0.0070, 5.99, 29.41, -0.04, 5.09, 531.55
8.41, 0.0060, 5.99, 29.43, -0.04, 3.20, 528.34
8.41, 0.0080, 5.99, 29.44, -0.04, 1.40, 524.94
8.42, 0.0060, 5.99, 29.44, -0.04, -0.30, 521.55
8.43, 0.0060, 5.99, 29.42, -0.04, -1.96, 518.13
8.43, 0.0070, 5.99, 29.40, -0.04, -3.64, 514.57
8.44, 0.0060, 5.99, 29.37, -0.04, -5.37, 510.70
8.44, 0.0070, 5.99, 29.32, -0.04, -7.05, 506.60
8.45, 0.0070, 5.99, 29.26, -0.04, -8.65, 502.26
8.46, 0.0070, 5.99, 29.19, -0.04, -10.14, 497.84
8.47, 0.0060, 5.99, 29.12, -0.04, -11.57, 493.44
8.47, 0.0070, 5.99, 29.03, -0.04, -13.03, 489.18
8.48, 0.0060, 5.99, 28.94, -0.04, -14.43, 484.45
8.48, 0.0070, 5.99, 28.83, -0.04, -15.77, 479.92
8.49, 0.0060, 5.99, 28.73, -0.04, -16.97, 475.03
8.50, 0.0070, 5.99, 28.60, -0.04, -18.08, 470.60
8.51, 0.0070, 5.99, 28.47, -0.04, -19.22, 465.83
8.51, 0.0060, 5.99, 28.34, -0.04, -20.37, 460.88
8.52, 0.0070, 5.99, 28.19, -0.04, -21.53, 456.13
8.52, 0.0060, 5.99, 28.06, -0.04, -22.62, 450.79
8.53, 0.0070, 5.99, 27.89, -0.04, -23.65, 445.89
8.54, 0.0070, 5.99, 27.72, -0.04, -24.62, 440.52
8.55, 0.0070, 5.99, 27.54, -0.04, -25.56, 435.14
8.55, 0.0060, 5.99, 27.38, -0.04, -26.41, 429.69
8.56, 0.0070, 5.99, 27.19, -0.04, -27.15, 424.80
8.56, 0.0060, 5.99, 27.02, -0.04, -27.78, 419.53
8.57, 0.0070, 5.99, 26.83, -0.04, -28.31, 414.94
8.58, 0.0060, 5.99, 26.65, -0.04, -28.87, 409.92
8.59, 0.0080, 5.99, 26.42, -0.04, -29.46, 405.32
8.59, 0.0060, 5.99, 26.24, -0.04, -30.02, 399.43
8.60, 0.0070, 5.99, 26.02, -0.04, -30.53, 394.71
8.60, 0.0060, 5.99, 25.84, -0.04, -31.00, 389.43
8.61, 0.0070, 5.99, 25.62, -0.04, -31.53, 384.76
8.62, 0.0060, 5.99, 25.42, -0.04, -32.10, 379.29
8.63, 0.0080, 5.99, 25.16, -0.04, -32.65, 374.29
8.63, 0.0060, 5.99, 24.97, -0.04, -33.06, 367.97
8.64, 0.0070, 5.99, 24.73, -0.04, -33.30, 363.18
8.65, 0.0060, 5.99, 24.53, -0.04, -33.49, 358.04
8.65, 0.0070, 5.99, 24.30, -0.04, -33.67, 353.64
8.66, 0.0060, 5.99, 24.09, -0.04, -33.91, 348.56
8.67, 0.0080, 5.99, 23.82, -0.04, -34.10, 344.02
8.67, 0.0060, 5.99, 23.61, -0.04, -34.18, 338.17
8.68, 0.0070, 5.99, 23.37, -0.04, -34.24, 333.92
8.69, 0.0060, 5.99, 23.17, -0.04, -34.33, 329.00
8.69, 0.0070, 5.99, 22.93, -0.04, -34.53, 324.70
8.70, 0.0060, 5.99, 22.72, -0.04, -34.71, 319.46
8.71, 0.0070, 5.99, 22.47, -0.04, -34.79, 314.95
8.71, 0.0070, 5.99, 22.23, -0.04, -34.72, 309.91
8.72, 0.0070, 5.99, 21.99, -0.04, -34.60, 305.20
8.72, 0.0060, 5.99, 21.78, -0.04, -34.46, 300.60
8.73, 0.0070, 5.99, 21.54, -0.04, -34.31, 296.74
8.74, 0.0060, 5.99, 21.34, -0.04, -34.17, 292.23
8.74, 0.0070, 5.99, 21.10, -0.04, -33.99, 288.42
8.75, 0.0070, 5.99, 20.86, -0.04, -33.85, 284.01
8.76, 0.0060, 5.99, 20.66, -0.04, -33.74, 279.55
8.76, 0.0070, 5.99, 20.42, -0.04, -33.65, 275.72
8.77, 0.0070, 5.99, 20.19, -0.04, -33.51, 271.19
8.78, 0.0060, 5.99, 19.99, -0.04, -33.24, 266.79
8.78, 0.0060, 5.99, 19.79, -0.04, -32.88, 263.34
8.79, 0.0070, 5.99, 19.57, -0.04, -32.48, 260.10
8.80, 0.0070, 5.99, 19.34, -0.04, -32.08, 256.36
8.80, 0.0070, 5.99, 19.12, -0.04, -31.66, 252.68
8.81, 0.0060, 5.99, 18.93, -0.04, -31.17, 249.07
8.82, 0.0070, 5.99, 18.72, -0.04, -30.62, 246.32
8.82, 0.0060, 5.99, 18.54, -0.04, -30.10, 243.12
8.83, 0.0070, 5.99, 18.33, -0.04, -29.65, 240.56
8.84, 0.0070, 5.99, 18.13, -0.04, -29.26, 237.31
8.84, 0.0070, 5.99, 17.92, -0.04, -28.85, 234.00
8.85, 0.0060, 5.99, 17.75, -0.04, -28.38, 230.77
8.86, 0.0070, 5.99, 17.56, -0.04, -27.81, 228.31
8.86, 0.0060, 5.99, 17.40, -0.04, -27.27, 225.55
8.87, 0.0070, 5.99, 17.21, -0.04, -26.75, 223.36
8.88, 0.0060, 5.99, 17.05, -0.04, -26.25, 220.66
8.88, 0.0080, 5.99, 16.84, -0.04, -25.70, 218.51
8.89, 0.0060, 5.99, 16.69, -0.04, -25.08, 215.50
8.90, 0.0070, 5.99, 16.52, -0.04, -24.46, 213.72
8.90, 0.0060, 5.99, 16.38, -0.04, -23.83, 211.53
8.91, 0.0070, 5.99, 16.22, -0.04, -23.25, 209.93
8.92, 0.0060, 5.99, 16.08, -0.04, -22.63, 207.84
