3.60, 3.5930, 5.51, 5.52, -0.04, 0.00, 0.00
3.60, 0.0070, 5.51, 5.52, -0.04, 0.00, 40.31
3.61, 0.0060, 5.51, 5.52, -0.04, 0.01, 40.32
3.62, 0.0060, 5.51, 5.52, -0.04, 0.01, 40.32
3.62, 0.0060, 5.51, 5.52, -0.04, 0.01, 40.33
3.63, 0.0070, 5.51, 5.52, -0.04, 0.02, 40.34
3.64, 0.0070, 5.51, 5.52, -0.04, 0.02, 40.36
3.64, 0.0060, 5.51, 5.52, -0.04, -0.01, 40.36
3.65, 0.0060, 5.51, 5.52, -0.04, -0.11, 40.29
3.65, 0.0070, 5.51, 5.51, -0.04, -0.29, 40.08
3.66, 0.0060, 5.51, 5.51, -0.04, -0.58, 39.68
3.67, 0.0060, 5.51, 5.50, -0.04, -0.92, 39.04
3.67, 0.0080, 5.51, 5.49, -0.04, -1.26, 38.24
3.68, 0.0060, 5.51, 5.48, -0.04, -1.52, 37.36
3.69, 0.0060, 5.51, 5.48, -0.04, -1.64, 36.66
3.69, 0.0070, 5.51, 5.46, -0.04, -1.66, 36.22
3.70, 0.0060, 5.51, 5.45, -0.04, -1.67, 35.94
3.71, 0.0060, 5.51, 5.44, -0.04, -1.78, 35.72
3.71, 0.0060, 5.51, 5.43, -0.04, -2.02, 35.30
3.72, 0.0080, 5.51, 5.41, -0.04, -2.37, 34.58
3.73, 0.0060, 5.51, 5.40, -0.04, -2.74, 33.49
3.73, 0.0060, 5.51, 5.38, -0.04, -3.06, 32.42
3.74, 0.0070, 5.51, 5.35, -0.04, -3.31, 31.42
3.74, 0.0060, 5.51, 5.33, -0.04, -3.51, 30.45
3.75, 0.0060, 5.51, 5.31, -0.04, -3.67, 29.64
3.76, 0.0080, 5.51, 5.28, -0.04, -3.79, 28.88
3.76, 0.0060, 5.51, 5.26, -0.04, -3.89, 28.02
3.77, 0.0060, 5.51, 5.23, -0.04, -3.99, 27.35
3.78, 0.0070, 5.51, 5.20, -0.04, -4.11, 26.67
3.78, 0.0060, 5.51, 5.18, -0.04, -4.25, 25.86
3.79, 0.0060, 5.51, 5.15, -0.04, -4.41, 25.07
3.80, 0.0070, 5.51, 5.12, -0.04, -4.55, 24.23
3.80, 0.0070, 5.51, 5.09, -0.04, -4.68, 23.30
3.81, 0.0060, 5.51, 5.06, -0.04, -4.78, 22.40
3.82, 0.0070, 5.51, 5.02, -0.04, -4.86, 21.63
3.82, 0.0060, 5.51, 5.00, -0.04, -4.94, 20.78
3.83, 0.0060, 5.51, 4.97, -0.04, -4.87, 20.02
3.84, 0.0070, 5.51, 4.93, -0.04, -4.71, 19.58
3.84, 0.0060, 5.51, 4.91, -0.04, -4.67, 19.23
3.85, 0.0080, 5.51, 4.87, -0.04, -4.75, 18.77
3.86, 0.0060, 5.51, 4.84, -0.04, -4.80, 17.85
3.86, 0.0060, 5.51, 4.81, -0.04, -4.59, 17.17
3.87, 0.0070, 5.51, 4.78, -0.04, -4.07, 17.03
3.87, 0.0060, 5.51, 4.76, -0.04, -3.56, 17.50
3.88, 0.0060, 5.51, 4.74, -0.04, -3.40, 18.10
3.89, 0.0080, 5.51, 4.71, -0.04, -3.56, 18.00
3.89, 0.0060, 5.51, 4.69, -0.04, -3.82, 17.12
3.90, 0.0060, 5.51, 4.67, -0.04, -3.93, 16.15
3.91, 0.0070, 5.51, 4.64, -0.04, -3.76, 15.45
3.91, 0.0060, 5.51, 4.62, -0.04, -3.36, 15.26
3.92, 0.0060, 5.51, 4.60, -0.04, -2.84, 15.66
3.93, 0.0070, 5.51, 4.59, -0.04, -2.35, 16.36
3.93, 0.0070, 5.51, 4.57, -0.04, -1.95, 17.01
3.94, 0.0060, 5.51, 4.56, -0.04, -1.66, 17.55
3.95, 0.0070, 5.51, 4.55, -0.04, -1.45, 17.92
3.95, 0.0060, 5.51, 4.54, -0.04, -1.30, 18.14
3.96, 0.0060, 5.51, 4.54, -0.04, -1.19, 18.28
3.97, 0.0070, 5.51, 4.53, -0.04, -1.06, 18.36
3.97, 0.0070, 5.51, 4.52, -0.04, -0.91, 18.47
3.98, 0.0060, 5.51, 4.52, -0.04, -0.77, 18.65
3.98, 0.0070, 5.51, 4.51, -0.04, -0.66, 18.84
3.99, 0.0060, 5.51, 4.51, -0.04, -0.58, 18.96
4.00, 0.0060, 5.51, 4.51, -0.04, -0.49, 19.05
4.00, 0.0070, 5.51, 4.51, -0.04, -0.35, 19.18
4.01, 0.0060, 5.51, 4.50, -0.04, -0.21, 19.39
4.02, 0.0070, 5.51, 4.50, -0.04, -0.09, 19.66
4.02, 0.0070, 5.51, 4.50, -0.04, -0.17, 19.87
4.03, 0.0060, 5.51, 4.50, -0.04, -0.31, 19.70
4.04, 0.0060, 5.51, 4.50, -0.04, -0.26, 19.38
4.04, 0.0060, 5.51, 4.50, -0.04, 0.03, 19.44
4.05, 0.0070, 5.51, 4.50, -0.04, 0.41, 20.03
4.06, 0.0060, 5.51, 4.50, -0.04, 0.57, 20.85
4.06, 0.0070, 5.51, 4.51, -0.04, 0.36, 21.24
4.07, 0.0070, 5.51, 4.51, -0.04, 0.06, 20.88
4.07, 0.0060, 5.51, 4.51, -0.04, -0.03, 20.28
4.08, 0.0060, 5.51, 4.51, -0.04, 0.10, 20.09
4.09, 0.0070, 5.51, 4.51, -0.04, 0.35, 20.36
4.09, 0.0060, 5.51, 4.51, -0.04, 0.56, 20.91
4.10, 0.0070, 5.51, 4.52, -0.04, 0.65, 21.41
4.11, 0.0070, 5.51, 4.52, -0.04, 0.62, 21.68
4.11, 0.0060, 5.51, 4.53, -0.04, 0.48, 21.70
4.12, 0.0060, 5.51, 4.53, -0.04, 0.32, 21.48
4.13, 0.0070, 5.51, 4.53, -0.04, 0.18, 21.19
4.13, 0.0060, 5.51, 4.53, -0.04, 0.10, 20.94
4.14, 0.0060, 5.51, 4.53, -0.04, 0.04, 20.79
4.15, 0.0080, 5.51, 4.53, -0.04, 0.00, 20.69
4.15, 0.0060, 5.51, 4.53, -0.04, -0.03, 20.61
4.16, 0.0060, 5.51, 4.53, -0.04, -0.08, 20.53
4.17, 0.0070, 5.51, 4.53, -0.04, -0.13, 20.42
4.17, 0.0060, 5.51, 4.53, -0.04, -0.13, 20.31
4.18, 0.0060, 5.51, 4.53, -0.04, -0.07, 20.29
4.19, 0.0070, 5.51, 4.53, -0.04, 0.01, 20.40
4.19, 0.0070, 5.51, 4.53, -0.04, 0.06, 20.57
4.20, 0.0060, 5.51, 4.53, -0.04, 0.03, 20.67
4.21, 0.0060, 5.51, 4.53, -0.04, -0.03, 20.62
4.21, 0.0070, 5.51, 4.53, -0.04, -0.06, 20.50
4.22, 0.0060, 5.51, 4.53, -0.04, -0.07, 20.42
4.23, 0.0060, 5.51, 4.53, -0.04, -0.05, 20.41
4.23, 0.0080, 5.51, 4.53, -0.04, -0.05, 20.44
4.24, 0.0060, 5.51, 4.53, -0.04, -0.09, 20.42
4.24, 0.0060, 5.51, 4.52, -0.04, -0.14, 20.33
4.25, 0.0070, 5.51, 4.52, -0.04, -0.16, 20.21
4.26, 0.0060, 5.51, 4.52, -0.04, -0.12, 20.15
4.26, 0.0060, 5.51, 4.52, -0.04, -0.06, 20.22
4.27, 0.0080, 5.51, 4.52, -0.04, 0.01, 20.34
4.28, 0.0060, 5.51, 4.52, -0.04, 0.06, 20.48
4.28, 0.0060, 5.51, 4.52, -0.04, 0.08, 20.58
4.29, 0.0070, 5.51, 4.52, -0.04, 0.07, 20.63
4.30, 0.0060, 5.51, 4.52, -0.04, 0.05, 20.62
4.30, 0.0060, 5.51, 4.52, -0.04, 0.03, 20.58
4.31, 0.0070, 5.51, 4.52, -0.04, 0.02, 20.55
4.32, 0.0070, 5.51, 4.52, -0.04, 0.01, 20.53
4.32, 0.0060, 5.51, 4.52, -0.04, 0.01, 20.52
4.33, 0.0070, 5.51, 4.52, -0.04, 0.00, 20.50
4.33, 0.0060, 5.51, 4.52, -0.04, 0.01, 20.49
4.34, 0.0060, 5.51, 4.52, -0.04, 0.03, 20.51
4.35, 0.0070, 5.51, 4.53, -0.04, 0.06, 20.56
4.35, 0.0060, 5.51, 4.53, -0.04, 0.08, 20.62
4.36, 0.0070, 5.51, 4.53, -0.04, 0.08, 20.67
4.37, 0.0070, 5.51, 4.53, -0.04, 0.08, 20.70
4.37, 0.0060, 5.51, 4.53, -0.04, 0.07, 20.71
4.38, 0.0060, 5.51, 4.53, -0.04, 0.05, 20.69
4.39, 0.0070, 5.51, 4.53, -0.04, 0.04, 20.66
4.39, 0.0060, 5.51, 4.53, -0.04, 0.03, 20.64
4.40, 0.0070, 5.51, 4.53, -0.04, 0.03, 20.62
4.41, 0.0070, 5.51, 4.53, -0.04, 0.03, 20.62
4.41, 0.0060, 5.51, 4.53, -0.04, 0.03, 20.63
4.42, 0.0060, 5.51, 4.53, -0.04, 0.03, 20.64
4.43, 0.0070, 5.51, 4.53, -0.04, 0.04, 20.65
4.43, 0.0060, 5.51, 4.53, -0.04, 0.05, 20.67
4.44, 0.0060, 5.51, 4.53, -0.04, 0.05, 20.69
4.45, 0.0080, 5.51, 4.53, -0.04, 0.05, 20.70
4.45, 0.0060, 5.51, 4.53, -0.04, 0.04, 20.70
4.46, 0.0060, 5.51, 4.53, -0.04, 0.03, 20.69
4.46, 0.0070, 5.51, 4.53, -0.04, 0.02, 20.67
4.47, 0.0060, 5.51, 4.53, -0.04, 0.02, 20.66
4.48, 0.0060, 5.51, 4.53, -0.04, 0.03, 20.67
4.48, 0.0080, 5.51, 4.53, -0.04, 0.03, 20.68
4.49, 0.0060, 5.51, 4.53, -0.04, 0.04, 20.70
4.50, 0.0060, 5.51, 4.53, -0.04, 0.05, 20.72
4.50, 0.0070, 5.51, 4.53, -0.04, 0.05, 20.73
4.51, 0.0060, 5.51, 4.53, -0.04, 0.05, 20.75
4.52, 0.0060, 5.51, 4.53, -0.04, 0.05, 20.75
4.52, 0.0060, 5.51, 4.53, -0.04, 0.04, 20.75
4.53, 0.0080, 5.51, 4.53, -0.04, 0.04, 20.75
4.54, 0.0060, 5.51, 4.53, -0.04, 0.04, 20.75
4.54, 0.0060, 5.51, 4.53, -0.04, 0.04, 20.75
4.55, 0.0070, 5.51, 4.53, -0.04, 0.04, 20.75
4.55, 0.0060, 5.51, 4.53, -0.04, 0.04, 20.76
4.56, 0.0060, 5.51, 4.53, -0.04, 0.04, 20.77
4.57, 0.0070, 5.51, 4.53, -0.04, 0.04, 20.78
4.57, 0.0070, 5.51, 4.54, -0.04, 0.05, 20.79
4.58, 0.0060, 5.51, 4.54, -0.04, 0.05, 20.80
4.59, 0.0070, 5.51, 4.54, -0.04, 0.05, 20.80
4.59, 0.0060, 5.51, 4.54, -0.04, 0.05, 20.81
4.60, 0.0060, 5.51, 4.54, -0.04, 0.04, 20.81
4.61, 0.0070, 5.51, 4.54, -0.04, 0.04, 20.82
4.61, 0.0070, 5.51, 4.54, -0.04, 0.05, 20.82
4.62, 0.0060, 5.51, 4.54, -0.04, 0.05, 20.83
4.63, 0.0070, 5.51, 4.54, -0.04, 0.05, 20.84
4.63, 0.0060, 5.51, 4.54, -0.04, 0.05, 20.85
4.64, 0.0060, 5.51, 4.54, -0.04, 0.05, 20.86
4.65, 0.0070, 5.51, 4.54, -0.04, 0.05, 20.87
4.65, 0.0060, 5.51, 4.54, -0.04, 0.05, 20.87
4.66, 0.0070, 5.51, 4.54, -0.04, 0.05, 20.88
4.67, 0.0070, 5.51, 4.54, -0.04, 0.05, 20.89
4.67, 0.0060, 5.51, 4.54, -0.04, 0.05, 20.89
4.68, 0.0060, 5.51, 4.54, -0.04, 0.05, 20.89
4.68, 0.0070, 5.51, 4.54, -0.04, 0.05, 20.90
4.69, 0.0060, 5.51, 4.54, -0.04, 0.05, 20.91
4.70, 0.0070, 5.51, 4.54, -0.04, 0.05, 20.91
4.70, 0.0070, 5.51, 4.54, -0.04, 0.05, 20.92
4.71, 0.0060, 5.51, 4.54, -0.04, 0.05, 20.93
4.72, 0.0060, 5.51, 4.54, -0.04, 0.05, 20.94
4.72, 0.0070, 5.51, 4.54, -0.04, 0.05, 20.95
4.73, 0.0060, 5.51, 4.54, -0.04, 0.05, 20.96
4.74, 0.0060, 5.51, 4.54, -0.04, 0.05, 20.96
4.74, 0.0080, 5.51, 4.54, -0.04, 0.05, 20.97
4.75, 0.0060, 5.51, 4.54, -0.04, 0.05, 20.98
4.76, 0.0060, 5.51, 4.54, -0.04, 0.05, 20.98
4.76, 0.0070, 5.51, 4.54, -0.04, 0.05, 20.98
4.77, 0.0060, 5.51, 4.54, -0.04, 0.05, 20.99
4.78, 0.0060, 5.51, 4.55, -0.04, 0.05, 21.00
4.78, 0.0080, 5.51, 4.55, -0.04, 0.04, 21.00
4.79, 0.0060, 5.51, 4.55, -0.04, 0.05, 21.00
4.80, 0.0060, 5.51, 4.55, -0.04, 0.05, 21.01
4.80, 0.0070, 5.51, 4.55, -0.04, 0.05, 21.02
4.81, 0.0060, 5.51, 4.55, -0.04, 0.05, 21.03
4.81, 0.0060, 5.51, 4.55, -0.04, 0.05, 21.03
4.82, 0.0070, 5.51, 4.55, -0.04, 0.05, 21.04
4.83, 0.0070, 5.51, 4.55, -0.04, 0.06, 21.06
4.83, 0.0060, 5.51, 4.55, -0.04, 0.06, 21.07
4.84, 0.0070, 5.51, 4.55, -0.04, 0.05, 21.07
4.85, 0.0060, 5.51, 4.55, -0.04, 0.05, 21.08
4.85, 0.0060, 5.51, 4.55, -0.04, 0.05, 21.08
4.86, 0.0070, 5.51, 4.55, -0.04, 0.05, 21.09
4.87, 0.0060, 5.51, 4.55, -0.04, 0.05, 21.10
4.87, 0.0070, 5.51, 4.55, -0.04, 0.05, 21.10
4.88, 0.0070, 5.51, 4.55, -0.04, 0.05, 21.11
4.89, 0.0060, 5.51, 4.55, -0.04, 0.06, 21.12
4.89, 0.0060, 5.51, 4.55, -0.04, 0.06, 21.14
4.90, 0.0070, 5.51, 4.55, -0.04, 0.06, 21.15
4.90, 0.0060, 5.51, 4.55, -0.04, 0.06, 21.15
4.91, 0.0070, 5.51, 4.55, -0.04, 0.06, 21.16
4.92, 0.0070, 5.51, 4.55, -0.04, 0.05, 21.16
4.92, 0.0060, 5.51, 4.55, -0.04, 0.05, 21.16
4.93, 0.0060, 5.51, 4.55, -0.04, 0.05, 21.17
4.94, 0.0070, 5.51, 4.55, -0.04, 0.06, 21.18
4.94, 0.0060, 5.51, 4.55, -0.04, 0.06, 21.19
4.95, 0.0060, 5.51, 4.55, -0.04, 0.07, 21.21
4.96, 0.0080, 5.51, 4.56, -0.04, 0.07, 21.23
4.96, 0.0060, 5.51, 4.56, -0.04, 0.07, 21.24
4.97, 0.0060, 5.51, 4.56, -0.04, 0.07, 21.25
4.98, 0.0070, 5.51, 4.56, -0.04, 0.07, 21.26
4.98, 0.0060, 5.51, 4.56, -0.04, 0.07, 21.27
4.99, 0.0060, 5.51, 4.56, -0.04, 0.07, 21.27
5.00, 0.0080, 5.51, 4.56, -0.04, 0.07, 21.28
5.00, 0.0060, 5.51, 4.56, -0.04, 0.07, 21.29
5.01, 0.0060, 5.51, 4.56, -0.04, 0.07, 21.30
5.01, 0.0070, 5.51, 4.56, -0.04, 0.07, 21.31
5.02, 0.0060, 5.51, 4.56, -0.04, 0.07, 21.32
5.03, 0.0060, 5.51, 4.56, -0.04, 0.07, 21.33
5.03, 0.0070, 5.51, 4.56, -0.04, 0.07, 21.34
5.04, 0.0070, 5.51, 4.56, -0.04, 0.07, 21.35
5.05, 0.0060, 5.51, 4.56, -0.04, 0.07, 21.36
5.05, 0.0070, 5.51, 4.56, -0.04, 0.07, 21.37
5.06, 0.0060, 5.51, 4.56, -0.04, 0.08, 21.38
5.07, 0.0060, 5.51, 4.56, -0.04, 0.08, 21.40
5.07, 0.0070, 5.51, 4.56, -0.04, 0.07, 21.42
5.08, 0.0060, 5.51, 4.56, -0.04, 0.05, 21.40
5.09, 0.0070, 5.51, 4.56, -0.04, 0.07, 21.37
5.09, 0.0070, 5.51, 4.56, -0.04, 0.12, 21.43
5.10, 0.0060, 5.51, 4.57, -0.04, 0.13, 21.54
5.11, 0.0060, 5.51, 4.57, -0.04, 0.12, 21.58
5.11, 0.0070, 5.51, 4.57, -0.04, 0.09, 21.56
5.12, 0.0060, 5.51, 4.57, -0.04, 0.07, 21.53
5.13, 0.0070, 5.51, 4.57, -0.04, 0.06, 21.49
5.13, 0.0070, 5.51, 4.57, -0.04, 0.05, 21.48
5.14, 0.0060, 5.51, 4.57, -0.04, 0.02, 21.46
5.14, 0.0060, 5.51, 4.57, -0.04, -0.05, 21.41
5.15, 0.0060, 5.51, 4.57, -0.04, -0.22, 21.26
5.16, 0.0070, 5.51, 4.56, -0.04, -0.48, 20.90
5.17, 0.0060, 5.51, 4.56, -0.04, -0.86, 20.30
5.17, 0.0080, 5.51, 4.55, -0.04, -1.32, 19.45
5.18, 0.0060, 5.51, 4.54, -0.04, -1.83, 18.31
5.18, 0.0060, 5.51, 4.52, -0.04, -2.33, 17.07
5.19, 0.0070, 5.51, 4.50, -0.04, -2.79, 15.79
5.20, 0.0060, 5.51, 4.48, -0.04, -3.20, 14.48
5.20, 0.0060, 5.51, 4.46, -0.04, -3.60, 13.28
5.21, 0.0080, 5.51, 4.43, -0.04, -4.05, 12.04
5.22, 0.0060, 5.51, 4.40, -0.04, -4.59, 10.49
5.22, 0.0060, 5.51, 4.37, -0.04, -5.23, 8.86
5.23, 0.0060, 5.51, 4.34, -0.04, -5.92, 6.95
5.24, 0.0070, 5.51, 4.29, -0.04, -6.59, 4.87
5.24, 0.0060, 5.51, 4.25, -0.04, -7.20, 2.60
5.25, 0.0060, 5.51, 4.20, -0.04, -7.70, 0.52
5.26, 0.0080, 5.51, 4.14, -0.04, -8.09, -1.41
5.26, 0.0060, 5.51, 4.08, -0.04, -8.40, -3.48
5.27, 0.0060, 5.51, 4.03, -0.04, -8.68, -5.11
5.27, 0.0060, 5.51, 3.98, -0.04, -8.99, -6.70
5.28, 0.0070, 5.51, 3.91, -0.04, -9.42, -8.41
5.29, 0.0060, 5.51, 3.85, -0.04, -9.95, -10.58
5.29, 0.0060, 5.51, 3.79, -0.04, -10.53, -12.84
5.30, 0.0080, 5.51, 3.70, -0.04, -11.14, -15.27
5.31, 0.0060, 5.51, 3.63, -0.04, -11.77, -18.27
5.31, 0.0070, 5.51, 3.54, -0.04, -12.39, -20.93
5.32, 0.0060, 5.51, 3.47, -0.04, -12.98, -23.91
5.33, 0.0060, 5.51, 3.38, -0.04, -13.53, -26.65
5.33, 0.0070, 5.51, 3.29, -0.04, -14.00, -29.37
5.34, 0.0070, 5.51, 3.19, -0.04, -14.42, -32.28
5.35, 0.0070, 5.51, 3.08, -0.04, -14.77, -35.13
5.35, 0.0060, 5.51, 2.99, -0.04, -15.08, -37.91
5.36, 0.0060, 5.51, 2.90, -0.04, -15.36, -40.33
5.36, 0.0070, 5.51, 2.79, -0.04, -15.58, -42.74
5.37, 0.0060, 5.51, 2.70, -0.04, -15.70, -45.36
5.38, 0.0060, 5.51, 2.60, -0.04, -15.67, -47.48
5.39, 0.0080, 5.51, 2.48, -0.04, -15.45, -49.29
5.39, 0.0060, 5.51, 2.39, -0.04, -15.17, -51.34
5.40, 0.0070, 5.51, 2.28, -0.04, -14.95, -52.59
5.40, 0.0060, 5.51, 2.19, -0.04, -14.85, -54.25
5.41, 0.0060, 5.51, 2.10, -0.04, -14.80, -55.82
5.42, 0.0070, 5.51, 2.00, -0.04, -14.63, -57.50
5.43, 0.0070, 5.51, 1.90, -0.04, -14.30, -59.22
5.43, 0.0070, 5.51, 1.81, -0.04, -13.79, -60.56
5.44, 0.0060, 5.51, 1.73, -0.04, -13.20, -61.47
5.44, 0.0060, 5.51, 1.65, -0.04, -12.61, -61.87
5.45, 0.0070, 5.51, 1.57, -0.04, -12.15, -62.20
5.46, 0.0060, 5.51, 1.49, -0.04, -11.82, -62.99
5.46, 0.0070, 5.51, 1.41, -0.04, -11.52, -63.73
5.47, 0.0070, 5.51, 1.34, -0.04, -11.18, -64.75
5.48, 0.0060, 5.51, 1.27, -0.04, -10.76, -65.64
5.48, 0.0070, 5.51, 1.20, -0.04, -10.24, -66.10
5.49, 0.0060, 5.51, 1.14, -0.04, -9.62, -66.49
5.50, 0.0070, 5.51, 1.08, -0.04, -8.87, -66.39
5.50, 0.0060, 5.51, 1.03, -0.04, -8.07, -66.14
5.51, 0.0070, 5.51, 0.98, -0.04, -7.27, -65.50
5.52, 0.0070, 5.51, 0.94, -0.04, -6.52, -64.93
5.52, 0.0060, 5.51, 0.90, -0.04, -5.81, -64.34
5.53, 0.0060, 5.51, 0.87, -0.04, -5.11, -63.62
5.53, 0.0070, 5.51, 0.84, -0.04, -4.40, -62.84
5.54, 0.0060, 5.51, 0.82, -0.04, -3.63, -62.02
5.55, 0.0060, 5.51, 0.80, -0.04, -2.81, -60.93
5.55, 0.0080, 5.51, 0.78, -0.04, -1.90, -59.62
5.56, 0.0060, 5.51, 0.78, -0.04, -0.95, -58.10
5.57, 0.0060, 5.51, 0.78, -0.04, -0.04, -56.32
5.57, 0.0070, 5.51, 0.78, -0.04, 0.70, -54.51
5.58, 0.0060, 5.51, 0.79, -0.04, 1.20, -52.92
5.59, 0.0060, 5.51, 0.80, -0.04, 1.54, -51.77
5.59, 0.0080, 5.51, 0.82, -0.04, 1.89, -50.92
5.60, 0.0060, 5.51, 0.83, -0.04, 2.41, -49.91
5.61, 0.0060, 5.51, 0.85, -0.04, 3.09, -48.58
5.61, 0.0070, 5.51, 0.87, -0.04, 3.76, -46.86
5.62, 0.0060, 5.51, 0.90, -0.04, 4.30, -44.99
5.63, 0.0060, 5.51, 0.93, -0.04, 4.65, -43.39
5.63, 0.0060, 5.51, 0.96, -0.04, 4.84, -42.13
5.64, 0.0080, 5.51, 1.00, -0.04, 4.93, -41.16
5.65, 0.0060, 5.51, 1.03, -0.04, 4.97, -40.20
5.65, 0.0060, 5.51, 1.06, -0.04, 5.03, -39.52
5.66, 0.0070, 5.51, 1.09, -0.04, 5.06, -38.81
5.67, 0.0060, 5.51, 1.12, -0.04, 5.08, -38.03
5.67, 0.0070, 5.51, 1.16, -0.04, 5.08, -37.37
5.68, 0.0070, 5.51, 1.19, -0.04, 5.06, -36.66
5.69, 0.0060, 5.51, 1.22, -0.04, 4.94, -36.01
5.69, 0.0070, 5.51, 1.26, -0.04, 4.71, -35.65
5.70, 0.0060, 5.51, 1.28, -0.04, 4.41, -35.46
5.70, 0.0060, 5.51, 1.31, -0.04, 4.09, -35.52
5.71, 0.0070, 5.51, 1.33, -0.04, 3.72, -35.68
5.72, 0.0060, 5.51, 1.35, -0.04, 3.33, -35.89
5.72, 0.0070, 5.51, 1.37, -0.04, 2.89, -36.28
5.73, 0.0070, 5.51, 1.39, -0.04, 2.43, -36.74
5.74, 0.0060, 5.51, 1.40, -0.04, 1.94, -37.34
5.74, 0.0060, 5.51, 1.41, -0.04, 1.42, -38.07
5.75, 0.0070, 5.51, 1.42, -0.04, 0.85, -38.94
5.76, 0.0060, 5.51, 1.42, -0.04, 0.19, -39.96
5.76, 0.0060, 5.51, 1.41, -0.04, -0.55, -41.26
5.77, 0.0080, 5.51, 1.40, -0.04, -1.33, -42.80
5.78, 0.0060, 5.51, 1.39, -0.04, -2.11, -44.59
5.78, 0.0060, 5.51, 1.37, -0.04, -2.83, -46.38
5.79, 0.0070, 5.51, 1.35, -0.04, -3.49, -48.17
5.79, 0.0060, 5.51, 1.33, -0.04, -4.13, -49.99
5.80, 0.0060, 5.51, 1.30, -0.04, -4.75, -51.76
5.81, 0.0080, 5.51, 1.25, -0.04, -5.35, -53.57
5.82, 0.0060, 5.51, 1.22, -0.04, -5.94, -55.62
5.82, 0.0070, 5.51, 1.17, -0.04, -6.57, -57.52
5.83, 0.0060, 5.51, 1.13, -0.04, -7.19, -59.69
5.83, 0.0060, 5.51, 1.08, -0.04, -7.79, -61.80
5.84, 0.0070, 5.51, 1.02, -0.04, -8.31, -63.93
5.85, 0.0060, 5.51, 0.97, -0.04, -8.83, -66.15
5.85, 0.0070, 5.51, 0.91, -0.04, -9.35, -68.24
5.86, 0.0070, 5.51, 0.84, -0.04, -9.84, -70.58
5.87, 0.0060, 5.51, 0.78, -0.04, -10.27, -72.95
5.87, 0.0060, 5.51, 0.71, -0.04, -10.61, -75.04
5.88, 0.0070, 5.51, 0.64, -0.04, -10.82, -77.00
5.89, 0.0060, 5.51, 0.57, -0.04, -10.89, -78.92
5.89, 0.0080, 5.51, 0.48, -0.04, -10.88, -80.37
5.90, 0.0060, 5.51, 0.42, -0.04, -10.85, -82.10
5.91, 0.0060, 5.51, 0.35, -0.04, -10.83, -83.34
5.91, 0.0070, 5.51, 0.28, -0.04, -10.85, -84.60
5.92, 0.0060, 5.51, 0.21, -0.04, -10.88, -86.15
5.93, 0.0060, 5.51, 0.15, -0.04, -10.87, -87.51
5.93, 0.0070, 5.51, 0.07, -0.04, -10.75, -88.80
5.94, 0.0070, 5.51, -0.00, -0.04, -10.50, -90.07
5.95, 0.0070, 5.51, -0.07, -0.04, -10.12, -91.03
5.95, 0.0060, 5.51, -0.13, -0.04, -9.68, -91.69
5.96, 0.0060, 5.51, -0.19, -0.04, -9.24, -91.97
5.96, 0.0070, 5.51, -0.25, -0.04, -8.79, -92.21
5.97, 0.0060, 5.51, -0.30, -0.04, -8.34, -92.54
5.98, 0.0070, 5.51, -0.35, -0.04, -7.80, -92.63
5.98, 0.0070, 5.51, -0.40, -0.04, -7.21, -92.66
5.99, 0.0060, 5.51, -0.44, -0.04, -6.58, -92.48
6.00, 0.0060, 5.51, -0.48, -0.04, -5.94, -92.00
6.00, 0.0070, 5.51, -0.52, -0.04, -5.38, -91.45
6.01, 0.0060, 5.51, -0.55, -0.04, -4.94, -91.08
6.02, 0.0060, 5.51, -0.57, -0.04, -4.48, -90.80
6.02, 0.0080, 5.51, -0.60, -0.04, -4.00, -90.41
6.03, 0.0060, 5.51, -0.62, -0.04, -3.42, -90.09
6.04, 0.0060, 5.51, -0.64, -0.04, -2.78, -89.33
6.04, 0.0070, 5.51, -0.66, -0.04, -2.08, -88.39
6.05, 0.0060, 5.51, -0.66, -0.04, -1.41, -87.29
6.05, 0.0060, 5.51, -0.67, -0.04, -0.83, -86.11
6.06, 0.0080, 5.51, -0.67, -0.04, -0.36, -85.05
6.07, 0.0060, 5.51, -0.67, -0.04, 0.01, -84.17
6.07, 0.0060, 5.51, -0.67, -0.04, 0.36, -83.43
6.08, 0.0070, 5.51, -0.67, -0.04, 0.66, -82.68
6.09, 0.0060, 5.51, -0.66, -0.04, 0.98, -81.99
6.09, 0.0060, 5.51, -0.65, -0.04, 1.35, -81.23
6.10, 0.0070, 5.51, -0.64, -0.04, 1.59, -80.34
6.11, 0.0070, 5.51, -0.63, -0.04, 1.73, -79.64
6.11, 0.0060, 5.51, -0.62, -0.04, 1.79, -79.11
6.12, 0.0070, 5.51, -0.60, -0.04, 1.85, -78.77
6.13, 0.0060, 5.51, -0.59, -0.04, 1.95, -78.40
6.13, 0.0060, 5.51, -0.58, -0.04, 2.11, -77.96
6.14, 0.0070, 5.51, -0.56, -0.04, 2.26, -77.39
6.15, 0.0060, 5.51, -0.55, -0.04, 2.40, -76.77
6.15, 0.0080, 5.51, -0.53, -0.04, 2.47, -76.20
6.16, 0.0060, 5.51, -0.52, -0.04, 2.40, -75.66
6.17, 0.0060, 5.51, -0.50, -0.04, 2.20, -75.52
6.17, 0.0070, 5.51, -0.49, -0.04, 1.82, -75.66
6.18, 0.0060, 5.51, -0.48, -0.04, 1.34, -76.17
6.19, 0.0060, 5.51, -0.48, -0.04, 0.91, -76.95
6.19, 0.0080, 5.51, -0.47, -0.04, 0.59, -77.71
6.20, 0.0060, 5.51, -0.47, -0.04, 0.39, -78.26
6.21, 0.0060, 5.51, -0.47, -0.04, 0.31, -78.61
6.21, 0.0070, 5.51, -0.47, -0.04, 0.13, -78.72
6.22, 0.0060, 5.51, -0.47, -0.04, -0.17, -79.07
6.22, 0.0060, 5.51, -0.47, -0.04, -0.75, -79.69
6.23, 0.0070, 5.51, -0.48, -0.04, -1.45, -80.95
6.24, 0.0070, 5.51, -0.50, -0.04, -2.47, -82.54
6.24, 0.0060, 5.51, -0.52, -0.04, -3.57, -84.93
6.25, 0.0070, 5.51, -0.55, -0.04, -4.55, -87.56
6.26, 0.0060, 5.51, -0.58, -0.04, -5.30, -90.17
6.26, 0.0060, 5.51, -0.62, -0.04, -5.48, -92.30
6.27, 0.0070, 5.51, -0.66, -0.04, -5.57, -93.31
6.28, 0.0070, 5.51, -0.70, -0.04, -5.76, -94.28
6.28, 0.0060, 5.51, -0.74, -0.04, -6.37, -95.45
6.29, 0.0070, 5.51, -0.79, -0.04, -7.54, -97.44
6.30, 0.0060, 5.51, -0.84, -0.04, -8.81, -100.83
6.30, 0.0060, 5.51, -0.90, -0.04, -9.99, -104.43
6.31, 0.0070, 5.51, -0.98, -0.04, -10.90, -107.99
6.32, 0.0060, 5.51, -1.05, -0.04, -11.48, -111.33
6.32, 0.0080, 5.51, -1.14, -0.04, -11.85, -113.88
6.33, 0.0060, 5.51, -1.21, -0.04, -12.23, -116.51
6.34, 0.0070, 5.51, -1.30, -0.04, -12.74, -118.73
6.34, 0.0060, 5.51, -1.38, -0.04, -13.56, -121.54
6.35, 0.0070, 5.51, -1.49, -0.04, -14.48, -124.80
6.35, 0.0060, 5.51, -1.58, -0.04, -15.19, -128.67
6.36, 0.0070, 5.51, -1.69, -0.04, -15.48, -131.92
6.37, 0.0070, 5.51, -1.79, -0.04, -15.43, -134.66
6.38, 0.0060, 5.51, -1.89, -0.04, -15.34, -136.72
6.38, 0.0070, 5.51, -1.99, -0.04, -15.64, -138.39
6.39, 0.0060, 5.51, -2.09, -0.04, -16.42, -141.17
6.39, 0.0070, 5.51, -2.22, -0.04, -17.71, -144.70
6.40, 0.0060, 5.51, -2.33, -0.04, -19.09, -149.76
6.41, 0.0080, 5.51, -2.49, -0.04, -20.10, -154.81
6.41, 0.0060, 5.51, -2.62, -0.04, -20.51, -160.05
6.42, 0.0060, 5.51, -2.74, -0.04, -20.03, -163.34
6.43, 0.0070, 5.51, -2.87, -0.04, -18.84, -164.77
6.43, 0.0060, 5.51, -2.97, -0.04, -17.55, -165.04
6.44, 0.0070, 5.51, -3.09, -0.04, -17.08, -164.55
6.45, 0.0070, 5.51, -3.21, -0.04, -17.29, -166.01
6.45, 0.0070, 5.51, -3.34, -0.04, -17.77, -168.85
6.46, 0.0060, 5.51, -3.45, -0.04, -18.39, -172.29
6.47, 0.0060, 5.51, -3.56, -0.04, -18.65, -175.74
6.47, 0.0070, 5.51, -3.69, -0.04, -18.50, -178.51
6.48, 0.0060, 5.51, -3.80, -0.04, -17.96, -180.80
6.49, 0.0070, 5.51, -3.92, -0.04, -17.10, -181.86
6.49, 0.0070, 5.51, -4.03, -0.04, -16.20, -182.54
6.50, 0.0070, 5.51, -4.14, -0.04, -15.39, -183.02
6.51, 0.0060, 5.51, -4.23, -0.04, -14.71, -183.55
6.51, 0.0070, 5.51, -4.33, -0.04, -14.21, -183.95
6.52, 0.0060, 5.51, -4.41, -0.04, -13.87, -184.94
6.53, 0.0060, 5.51, -4.49, -0.04, -13.55, -185.93
6.53, 0.0080, 5.51, -4.60, -0.04, -13.23, -186.92
6.54, 0.0060, 5.51, -4.67, -0.04, -12.74, -188.38
6.55, 0.0070, 5.51, -4.76, -0.04, -12.14, -188.93
6.55, 0.0060, 5.51, -4.83, -0.04, -11.51, -189.44
6.56, 0.0070, 5.51, -4.90, -0.04, -10.97, -189.55
6.57, 0.0060, 5.51, -4.97, -0.04, -10.48, -190.02
6.57, 0.0070, 5.51, -5.04, -0.04, -10.01, -190.29
6.58, 0.0070, 5.51, -5.10, -0.04, -9.46, -190.75
6.59, 0.0060, 5.51, -5.16, -0.04, -8.74, -190.97
6.59, 0.0070, 5.51, -5.21, -0.04, -7.68, -190.59
6.60, 0.0060, 5.51, -5.25, -0.04, -6.49, -189.53
6.61, 0.0070, 5.51, -5.29, -0.04, -5.36, -187.93
6.61, 0.0060, 5.51, -5.31, -0.04, -4.55, -186.44
6.62, 0.0070, 5.51, -5.34, -0.04, -4.33, -185.36
6.63, 0.0070, 5.51, -5.38, -0.04, -4.75, -185.52
6.63, 0.0060, 5.51, -5.41, -0.04, -5.06, -187.02
6.64, 0.0070, 5.51, -5.44, -0.04, -4.61, -188.25
6.64, 0.0060, 5.51, -5.46, -0.04, -3.67, -187.99
6.65, 0.0060, 5.51, -5.48, -0.04, -2.74, -186.56
6.66, 0.0070, 5.51, -5.49, -0.04, -2.17, -185.03
6.67, 0.0070, 5.51, -5.51, -0.04, -1.96, -184.18
6.67, 0.0070, 5.51, -5.52, -0.04, -1.99, -184.04
6.68, 0.0060, 5.51, -5.53, -0.04, -2.03, -184.39
6.68, 0.0060, 5.51, -5.54, -0.04, -1.94, -184.70
6.69, 0.0070, 5.51, -5.56, -0.04, -1.72, -184.75
6.70, 0.0060, 5.51, -5.56, -0.04, -1.46, -184.56
6.70, 0.0080, 5.51, -5.57, -0.04, -1.28, -184.22
6.71, 0.0060, 5.51, -5.58, -0.04, -1.16, -184.05
6.72, 0.0060, 5.51, -5.59, -0.04, -1.17, -183.96
6.72, 0.0070, 5.51, -5.60, -0.04, -1.33, -184.11
6.73, 0.0060, 5.51, -5.61, -0.04, -1.57, -184.63
6.74, 0.0070, 5.51, -5.62, -0.04, -1.79, -185.29
6.74, 0.0060, 5.51, -5.63, -0.04, -1.91, -185.99
6.75, 0.0070, 5.51, -5.65, -0.04, -2.01, -186.46
6.76, 0.0070, 5.51, -5.66, -0.04, -2.18, -186.93
6.76, 0.0060, 5.51, -5.68, -0.04, -2.53, -187.57
6.77, 0.0070, 5.51, -5.70, -0.04, -2.96, -188.59
6.78, 0.0060, 5.51, -5.72, -0.04, -3.30, -189.86
6.78, 0.0060, 5.51, -5.74, -0.04, -3.50, -190.94
6.79, 0.0080, 5.51, -5.77, -0.04, -3.74, -191.75
6.80, 0.0060, 5.51, -5.79, -0.04, -4.14, -192.83
6.80, 0.0070, 5.51, -5.83, -0.04, -4.81, -194.14
6.81, 0.0060, 5.51, -5.86, -0.04, -5.62, -196.15
6.82, 0.0060, 5.51, -5.90, -0.04, -6.38, -198.43
6.82, 0.0070, 5.51, -5.95, -0.04, -6.95, -200.73
6.83, 0.0060, 5.51, -5.99, -0.04, -7.51, -202.85
6.84, 0.0080, 5.51, -6.06, -0.04, -8.17, -204.85
6.84, 0.0060, 5.51, -6.11, -0.04, -8.99, -207.48
6.85, 0.0060, 5.51, -6.17, -0.04, -9.74, -210.20
6.85, 0.0070, 5.51, -6.24, -0.04, -10.37, -212.87
6.86, 0.0060, 5.51, -6.31, -0.04, -10.95, -215.58
6.87, 0.0070, 5.51, -6.39, -0.04, -11.65, -218.05
6.88, 0.0070, 5.51, -6.48, -0.04, -12.56, -221.08
6.88, 0.0070, 5.51, -6.57, -0.04, -13.56, -224.68
6.89, 0.0060, 5.51, -6.66, -0.04, -14.45, -228.56
6.89, 0.0070, 5.51, -6.76, -0.04, -15.08, -232.08
6.90, 0.0060, 5.51, -6.86, -0.04, -15.50, -235.46
6.91, 0.0060, 5.51, -6.95, -0.04, -15.94, -238.15
6.91, 0.0070, 5.51, -7.07, -0.04, -16.63, -240.94
6.92, 0.0070, 5.51, -7.19, -0.04, -17.63, -244.65
6.93, 0.0070, 5.51, -7.33, -0.04, -18.89, -249.12
6.93, 0.0060, 5.51, -7.45, -0.04, -20.12, -254.27
6.94, 0.0070, 5.51, -7.59, -0.04, -21.21, -259.15
6.95, 0.0060, 5.51, -7.73, -0.04, -22.10, -264.31
6.95, 0.0070, 5.51, -7.89, -0.04, -22.80, -268.73
6.96, 0.0070, 5.51, -8.05, -0.04, -23.38, -273.33
6.97, 0.0070, 5.51, -8.22, -0.04, -24.08, -277.76
6.97, 0.0060, 5.51, -8.37, -0.04, -25.08, -282.54
6.98, 0.0060, 5.51, -8.53, -0.04, -26.52, -287.54
6.99, 0.0070, 5.51, -8.72, -0.04, -28.08, -293.62
6.99, 0.0060, 5.51, -8.90, -0.04, -29.45, -300.66
7.00, 0.0070, 5.51, -9.11, -0.04, -30.36, -306.94
7.01, 0.0070, 5.51, -9.33, -0.04, -30.91, -313.00
7.01, 0.0070, 5.51, -9.55, -0.04, -31.30, -318.44
7.02, 0.0060, 5.51, -9.74, -0.04, -31.78, -323.60
7.03, 0.0070, 5.51, -9.97, -0.04, -32.43, -328.37
7.03, 0.0060, 5.51, -10.17, -0.04, -33.21, -334.21
7.04, 0.0070, 5.51, -10.41, -0.04, -34.09, -339.75
7.05, 0.0070, 5.51, -10.65, -0.04, -35.03, -346.28
7.05, 0.0070, 5.51, -10.90, -0.04, -35.77, -353.08
7.06, 0.0060, 5.51, -11.12, -0.04, -36.01, -359.55
7.07, 0.0070, 5.51, -11.37, -0.04, -35.98, -364.35
7.07, 0.0060, 5.51, -11.58, -0.04, -35.78, -369.33
7.08, 0.0070, 5.51, -11.83, -0.04, -35.63, -373.23
7.09, 0.0070, 5.51, -12.08, -0.04, -35.56, -377.91
7.09, 0.0070, 5.51, -12.33, -0.04, -35.50, -382.75
7.10, 0.0060, 5.51, -12.54, -0.04, -35.17, -387.60
7.11, 0.0070, 5.51, -12.78, -0.04, -34.62, -391.16
7.11, 0.0060, 5.51, -12.99, -0.04, -33.83, -394.91
7.12, 0.0070, 5.51, -13.21, -0.04, -32.62, -397.38
7.13, 0.0060, 5.51, -13.40, -0.04, -30.88, -399.54
7.13, 0.0080, 5.51, -13.63, -0.04, -28.81, -399.77
7.14, 0.0060, 5.51, -13.79, -0.04, -26.61, -400.24
7.15, 0.0070, 5.51, -13.96, -0.04, -24.82, -399.03
7.15, 0.0060, 5.51, -14.10, -0.04, -23.41, -398.91
7.16, 0.0070, 5.51, -14.26, -0.04, -22.14, -398.92
7.17, 0.0060, 5.51, -14.38, -0.04, -20.36, -399.47
7.17, 0.0080, 5.51, -14.52, -0.04, -17.86, -398.36
7.18, 0.0060, 5.51, -14.61, -0.04, -14.64, -396.20
7.19, 0.0070, 5.51, -14.69, -0.04, -11.03, -391.54
7.19, 0.0060, 5.51, -14.73, -0.04, -7.35, -385.85
7.20, 0.0070, 5.51, -14.76, -0.04, -3.91, -379.38
7.21, 0.0060, 5.51, -14.77, -0.04, -0.86, -373.05
7.21, 0.0070, 5.51, -14.75, -0.04, 1.68, -367.04
7.22, 0.0070, 5.51, -14.73, -0.04, 4.08, -361.72
7.23, 0.0060, 5.51, -14.68, -0.04, 7.01, -356.35
7.23, 0.0070, 5.51, -14.61, -0.04, 10.87, -349.66
7.24, 0.0060, 5.51, -14.51, -0.04, 15.50, -340.42
7.25, 0.0070, 5.51, -14.37, -0.04, 20.40, -329.30
7.25, 0.0060, 5.51, -14.22, -0.04, 24.98, -316.65
7.26, 0.0080, 5.51, -13.99, -0.04, 28.73, -304.48
7.27, 0.0060, 5.51, -13.80, -0.04, 32.10, -292.39
7.27, 0.0070, 5.51, -13.55, -0.04, 35.48, -281.79
7.28, 0.0060, 5.51, -13.32, -0.04, 39.14, -270.07
7.28, 0.0070, 5.51, -13.02, -0.04, 43.03, -258.06
7.29, 0.0060, 5.51, -12.73, -0.04, 47.05, -244.25
7.30, 0.0080, 5.51, -12.33, -0.04, 50.75, -230.56
7.31, 0.0060, 5.51, -12.00, -0.04, 54.15, -215.04
7.31, 0.0070, 5.51, -11.60, -0.04, 57.43, -201.75
7.32, 0.0060, 5.51, -11.24, -0.04, 60.81, -187.13
7.32, 0.0070, 5.51, -10.79, -0.04, 64.28, -173.09
7.33, 0.0060, 5.51, -10.38, -0.04, 67.88, -157.14
7.34, 0.0070, 5.51, -9.88, -0.04, 71.42, -141.80
7.34, 0.0070, 5.51, -9.35, -0.04, 75.03, -124.72
7.35, 0.0070, 5.51, -8.80, -0.04, 78.60, -107.01
7.36, 0.0060, 5.51, -8.31, -0.04, 82.05, -88.86
7.36, 0.0060, 5.51, -7.80, -0.04, 85.24, -72.10
7.37, 0.0070, 5.51, -7.18, -0.04, 88.10, -55.51
7.38, 0.0060, 5.51, -6.64, -0.04, 90.92, -37.44
7.39, 0.0080, 5.51, -5.89, -0.04, 93.66, -20.89
7.39, 0.0060, 5.51, -5.31, -0.04, 96.28, -0.43
7.40, 0.0060, 5.51, -4.72, -0.04, 98.51, 16.36
7.40, 0.0070, 5.51, -4.02, -0.04, 100.47, 32.66
7.41, 0.0060, 5.51, -3.40, -0.04, 102.42, 50.62
7.42, 0.0070, 5.51, -2.67, -0.04, 104.41, 66.81
7.43, 0.0060, 5.51, -2.03, -0.04, 106.29, 85.41
7.43, 0.0080, 5.51, -1.17, -0.04, 107.80, 101.92
7.44, 0.0060, 5.51, -0.52, -0.04, 108.95, 122.20
7.44, 0.0070, 5.51, 0.25, -0.04, 109.65, 137.57
7.45, 0.0060, 5.51, 0.91, -0.04, 110.07, 154.34
7.46, 0.0070, 5.51, 1.69, -0.04, 110.51, 168.37
7.46, 0.0060, 5.51, 2.35, -0.04, 110.97, 184.73
7.47, 0.0080, 5.51, 3.24, -0.04, 111.39, 198.97
7.48, 0.0060, 5.51, 3.91, -0.04, 111.57, 217.63
7.48, 0.0070, 5.51, 4.69, -0.04, 111.48, 231.38
7.49, 0.0060, 5.51, 5.36, -0.04, 111.03, 246.81
7.50, 0.0070, 5.51, 6.13, -0.04, 110.47, 259.23
7.50, 0.0060, 5.51, 6.79, -0.04, 109.97, 273.56
7.51, 0.0070, 5.51, 7.56, -0.04, 109.52, 285.77
7.52, 0.0070, 5.51, 8.32, -0.04, 108.83, 300.19
7.52, 0.0060, 5.51, 8.97, -0.04, 107.72, 314.05
7.53, 0.0070, 5.51, 9.71, -0.04, 106.07, 324.76
7.54, 0.0060, 5.51, 10.33, -0.04, 104.05, 336.31
7.54, 0.0070, 5.51, 11.05, -0.04, 102.01, 344.76
7.55, 0.0070, 5.51, 11.75, -0.04, 100.09, 354.96
7.56, 0.0070, 5.51, 12.44, -0.04, 98.31, 365.13
7.56, 0.0070, 5.51, 13.11, -0.04, 96.46, 375.34
7.57, 0.0060, 5.51, 13.68, -0.04, 94.40, 385.15
7.58, 0.0070, 5.51, 14.32, -0.04, 91.93, 392.34
7.58, 0.0060, 5.51, 14.86, -0.04, 89.11, 400.27
7.59, 0.0060, 5.51, 15.37, -0.04, 86.10, 405.33
7.60, 0.0070, 5.51, 15.96, -0.04, 83.28, 409.65
7.60, 0.0070, 5.51, 16.52, -0.04, 80.67, 415.67
7.61, 0.0070, 5.51, 17.07, -0.04, 78.20, 421.73
7.62, 0.0060, 5.51, 17.52, -0.04, 75.64, 427.74
7.62, 0.0070, 5.51, 18.03, -0.04, 72.79, 431.70
7.63, 0.0060, 5.51, 18.45, -0.04, 69.67, 436.18
7.64, 0.0070, 5.51, 18.91, -0.04, 66.44, 438.31
7.64, 0.0070, 5.51, 19.36, -0.04, 63.36, 441.14
7.65, 0.0070, 5.51, 19.78, -0.04, 60.46, 443.87
7.66, 0.0060, 5.51, 20.13, -0.04, 57.61, 446.52
7.66, 0.0070, 5.51, 20.51, -0.04, 54.82, 447.75
7.67, 0.0060, 5.51, 20.82, -0.04, 52.03, 449.84
7.68, 0.0070, 5.51, 21.17, -0.04, 49.33, 450.50
7.68, 0.0070, 5.51, 21.49, -0.04, 46.68, 452.01
7.69, 0.0070, 5.51, 21.80, -0.04, 44.02, 453.24
7.70, 0.0060, 5.51, 22.05, -0.04, 41.22, 454.08
7.70, 0.0070, 5.51, 22.32, -0.04, 38.29, 453.44
7.71, 0.0060, 5.51, 22.53, -0.04, 35.25, 452.94
7.72, 0.0070, 5.51, 22.75, -0.04, 32.20, 451.08
7.72, 0.0060, 5.51, 22.93, -0.04, 29.18, 449.48
7.73, 0.0080, 5.51, 23.14, -0.04, 26.29, 446.95
7.74, 0.0060, 5.51, 23.28, -0.04, 23.55, 445.37
7.74, 0.0070, 5.51, 23.43, -0.04, 20.82, 442.72
7.75, 0.0060, 5.51, 23.54, -0.04, 18.09, 440.18
7.76, 0.0070, 5.51, 23.64, -0.04, 15.23, 436.88
7.76, 0.0060, 5.51, 23.72, -0.04, 12.31, 433.31
7.77, 0.0080, 5.51, 23.79, -0.04, 9.48, 428.94
7.78, 0.0060, 5.51, 23.83, -0.04, 6.85, 424.80
7.78, 0.0060, 5.51, 23.86, -0.04, 4.41, 420.36
7.79, 0.0070, 5.51, 23.87, -0.04, 2.08, 416.01
7.80, 0.0060, 5.51, 23.87, -0.04, -0.32, 411.64
7.80, 0.0070, 5.51, 23.85, -0.04, -2.74, 406.81
7.81, 0.0060, 5.51, 23.82, -0.04, -5.19, 401.59
7.82, 0.0080, 5.51, 23.76, -0.04, -7.64, 396.05
7.82, 0.0060, 5.51, 23.70, -0.04, -10.02, 389.92
7.83, 0.0060, 5.51, 23.63, -0.04, -12.29, 383.97
7.84, 0.0070, 5.51, 23.53, -0.04, -14.42, 377.96
7.84, 0.0060, 5.51, 23.43, -0.04, -16.46, 371.67
7.85, 0.0070, 5.51, 23.30, -0.04, -18.46, 365.61
7.86, 0.0070, 5.51, 23.15, -0.04, -20.46, 359.03
7.86, 0.0070, 5.51, 23.00, -0.04, -22.48, 352.17
7.87, 0.0060, 5.51, 22.85, -0.04, -24.49, 344.98
7.88, 0.0070, 5.51, 22.67, -0.04, -26.43, 338.03
7.88, 0.0060, 5.51, 22.50, -0.04, -28.30, 330.44
7.89, 0.0070, 5.51, 22.28, -0.04, -30.10, 323.32
7.90, 0.0060, 5.51, 22.09, -0.04, -31.84, 315.50
7.90, 0.0080, 5.51, 21.83, -0.04, -33.54, 308.19
7.91, 0.0060, 5.51, 21.61, -0.04, -35.10, 299.43
7.92, 0.0070, 5.51, 21.36, -0.04, -36.47, 292.09
7.92, 0.0060, 5.51, 21.13, -0.04, -37.68, 284.24
7.93, 0.0070, 5.51, 20.86, -0.04, -38.76, 277.32
7.94, 0.0060, 5.51, 20.62, -0.04, -39.87, 269.71
7.94, 0.0080, 5.51, 20.30, -0.04, -40.95, 262.72
7.95, 0.0060, 5.51, 20.04, -0.04, -42.00, 254.01
7.96, 0.0070, 5.51, 19.74, -0.04, -42.92, 246.87
7.96, 0.0060, 5.51, 19.48, -0.04, -43.70, 239.01
7.97, 0.0070, 5.51, 19.17, -0.04, -44.38, 232.21
7.98, 0.0060, 5.51, 18.90, -0.04, -45.00, 224.65
7.98, 0.0080, 5.51, 18.54, -0.04, -45.57, 217.99
7.99, 0.0060, 5.51, 18.26, -0.04, -46.02, 209.56
8.00, 0.0070, 5.51, 17.94, -0.04, -46.25, 203.14
8.00, 0.0060, 5.51, 17.66, -0.04, -46.29, 196.21
8.01, 0.0070, 5.51, 17.33, -0.04, -46.19, 190.58
8.01, 0.0060, 5.51, 17.06, -0.04, -46.05, 184.31
8.02, 0.0070, 5.51, 16.74, -0.04, -45.96, 179.07
8.03, 0.0070, 5.51, 16.41, -0.04, -45.93, 172.81
8.03, 0.0070, 5.51, 16.09, -0.04, -45.91, 166.44
8.04, 0.0060, 5.51, 15.82, -0.04, -45.83, 160.05
8.05, 0.0060, 5.51, 15.54, -0.04, -45.69, 154.70
8.05, 0.0070, 5.51, 15.23, -0.04, -45.39, 149.52
8.06, 0.0060, 5.51, 14.96, -0.04, -44.98, 143.76
8.07, 0.0080, 5.51, 14.60, -0.04, -44.45, 139.19
8.07, 0.0060, 5.51, 14.34, -0.04, -43.88, 133.13
8.08, 0.0070, 5.51, 14.03, -0.04, -43.33, 129.00
8.09, 0.0060, 5.51, 13.78, -0.04, -42.75, 124.04
8.09, 0.0070, 5.51, 13.48, -0.04, -42.15, 120.06
8.10, 0.0060, 5.51, 13.23, -0.04, -41.52, 115.35
8.11, 0.0070, 5.51, 12.95, -0.04, -40.89, 111.64
8.11, 0.0070, 5.51, 12.67, -0.04, -40.33, 107.18
8.12, 0.0070, 5.51, 12.39, -0.04, -39.80, 102.65
8.13, 0.0060, 5.51, 12.15, -0.04, -39.25, 98.14
8.13, 0.0070, 5.51, 11.88, -0.04, -38.64, 94.53
8.14, 0.0060, 5.51, 11.65, -0.04, -37.94, 90.35
8.15, 0.0070, 5.51, 11.39, -0.04, -37.18, 87.19
8.15, 0.0070, 5.51, 11.14, -0.04, -36.36, 83.51
8.16, 0.0060, 5.51, 10.93, -0.04, -35.58, 80.04
8.17, 0.0070, 5.51, 10.68, -0.04, -34.84, 77.33
8.17, 0.0060, 5.51, 10.48, -0.04, -34.18, 73.94
8.18, 0.0070, 5.51, 10.24, -0.04, -33.54, 71.16
8.19, 0.0060, 5.51, 10.04, -0.04, -32.97, 67.74
8.19, 0.0070, 5.51, 9.82, -0.04, -32.45, 64.93
8.20, 0.0070, 5.51, 9.59, -0.04, -31.96, 61.42
8.21, 0.0060, 5.51, 9.40, -0.04, -31.45, 57.93
8.21, 0.0070, 5.51, 9.19, -0.04, -30.83, 55.18
8.22, 0.0060, 5.51, 9.01, -0.04, -30.13, 52.11
8.23, 0.0060, 5.51, 8.83, -0.04, -29.43, 49.88
8.23, 0.0070, 5.51, 8.63, -0.04, -28.78, 47.76
8.24, 0.0070, 5.51, 8.43, -0.04, -28.22, 45.02
8.25, 0.0070, 5.51, 8.24, -0.04, -27.72, 42.19
8.25, 0.0060, 5.51, 8.07, -0.04, -27.22, 39.31
8.26, 0.0060, 5.51, 7.91, -0.04, -26.67, 37.05
8.27, 0.0070, 5.51, 7.73, -0.04, -26.09, 34.94
8.27, 0.0060, 5.51, 7.58, -0.04, -25.48, 32.44
8.28, 0.0070, 5.51, 7.40, -0.04, -24.85, 30.62
8.28, 0.0070, 5.51, 7.24, -0.04, -24.24, 28.40
8.29, 0.0060, 5.51, 7.09, -0.04, -23.66, 26.23
8.30, 0.0070, 5.51, 6.93, -0.04, -23.17, 24.54
8.31, 0.0060, 5.51, 6.79, -0.04, -22.73, 22.29
8.31, 0.0070, 5.51, 6.64, -0.04, -22.25, 20.44
8.32, 0.0060, 5.51, 6.51, -0.04, -21.73, 18.27
8.32, 0.0070, 5.51, 6.36, -0.04, -21.15, 16.71
8.33, 0.0070, 5.51, 6.22, -0.04, -20.54, 14.92
8.34, 0.0060, 5.51, 6.10, -0.04, -20.00, 13.26
8.34, 0.0070, 5.51, 5.96, -0.04, -19.54, 11.94
8.35, 0.0060, 5.51, 5.84, -0.04, -19.22, 10.11
8.36, 0.0060, 5.51, 5.73, -0.04, -18.93, 8.45
8.36, 0.0070, 5.51, 5.60, -0.04, -18.62, 6.77
8.37, 0.0070, 5.51, 5.47, -0.04, -18.21, 4.78
8.38, 0.0060, 5.51, 5.37, -0.04, -17.76, 3.04
8.38, 0.0070, 5.51, 5.25, -0.04, -17.25, 1.82
8.39, 0.0060, 5.51, 5.15, -0.04, -16.73, 0.42
8.40, 0.0060, 5.51, 5.05, -0.04, -16.26, -0.55
8.40, 0.0070, 5.51, 4.94, -0.04, -15.83, -1.56
8.41, 0.0070, 5.51, 4.83, -0.04, -15.50, -2.93
8.42, 0.0060, 5.51, 4.74, -0.04, -15.15, -4.42
8.42, 0.0070, 5.51, 4.63, -0.04, -14.76, -5.54
8.43, 0.0060, 5.51, 4.55, -0.04, -14.30, -6.83
8.44, 0.0060, 5.51, 4.47, -0.04, -13.81, -7.64
8.44, 0.0070, 5.51, 4.37, -0.04, -13.29, -8.31
8.45, 0.0060, 5.51, 4.30, -0.04, -12.81, -9.12
8.46, 0.0080, 5.51, 4.20, -0.04, -12.39, -9.71
8.46, 0.0060, 5.51, 4.12, -0.04, -12.04, -10.84
8.47, 0.0060, 5.51, 4.05, -0.04, -11.73, -11.58
8.47, 0.0070, 5.51, 3.97, -0.04, -11.41, -12.38
8.48, 0.0060, 5.51, 3.91, -0.04, -11.04, -13.34
8.49, 0.0060, 5.51, 3.84, -0.04, -10.59, -13.92
8.49, 0.0080, 5.51, 3.76, -0.04, -10.07, -14.29
8.50, 0.0060, 5.51, 3.71, -0.04, -9.53, -14.87
8.51, 0.0070, 5.51, 3.64, -0.04, -9.02, -14.92
8.51, 0.0060, 5.51, 3.59, -0.04, -8.57, -15.16
8.52, 0.0060, 5.51, 3.54, -0.04, -8.19, -15.30
8.53, 0.0070, 5.51, 3.49, -0.04, -7.84, -15.52
8.53, 0.0060, 5.51, 3.44, -0.04, -7.47, -15.91
8.54, 0.0070, 5.51, 3.39, -0.04, -7.06, -16.06
8.55, 0.0070, 5.51, 3.35, -0.04, -6.60, -16.24
8.55, 0.0060, 5.51, 3.31, -0.04, -6.10, -16.25
8.56, 0.0060, 5.51, 3.28, -0.04, -5.58, -15.98
8.56, 0.0070, 5.51, 3.24, -0.04, -5.06, -15.61
8.57, 0.0060, 5.51, 3.22, -0.04, -4.54, -15.27
8.58, 0.0060, 5.51, 3.19, -0.04, -4.04, -14.78
8.59, 0.0080, 5.51, 3.16, -0.04, -3.59, -14.27
8.59, 0.0060, 5.51, 3.14, -0.04, -3.18, -13.94
8.60, 0.0070, 5.51, 3.12, -0.04, -2.80, -13.50
8.60, 0.0060, 5.51, 3.11, -0.04, -2.42, -13.13
8.61, 0.0060, 5.51, 3.10, -0.04, -2.01, -12.66
8.62, 0.0070, 5.51, 3.09, -0.04, -1.56, -12.09
8.62, 0.0070, 5.51, 3.08, -0.04, -1.09, -11.41
8.63, 0.0060, 5.51, 3.07, -0.04, -0.60, -10.62
8.64, 0.0070, 5.51, 3.07, -0.04, -0.13, -9.71
8.64, 0.0060, 5.51, 3.08, -0.04, 0.31, -8.78
8.65, 0.0060, 5.51, 3.08, -0.04, 0.71, -7.87
8.66, 0.0060, 5.51, 3.09, -0.04, 1.08, -6.99
8.66, 0.0070, 5.51, 3.10, -0.04, 1.44, -6.12
8.67, 0.0070, 5.51, 3.11, -0.04, 1.80, -5.20
8.68, 0.0060, 5.51, 3.12, -0.04, 2.16, -4.22
8.68, 0.0060, 5.51, 3.14, -0.04, 2.53, -3.24
8.69, 0.0070, 5.51, 3.16, -0.04, 2.89, -2.20
8.69, 0.0060, 5.51, 3.18, -0.04, 3.24, -1.08
8.70, 0.0060, 5.51, 3.20, -0.04, 3.56, 0.01
8.71, 0.0070, 5.51, 3.23, -0.04, 3.87, 1.09
8.71, 0.0070, 5.51, 3.25, -0.04, 4.15, 2.24
8.72, 0.0060, 5.51, 3.28, -0.04, 4.40, 3.38
8.73, 0.0060, 5.51, 3.31, -0.04, 4.64, 4.42
8.73, 0.0070, 5.51, 3.34, -0.04, 4.86, 5.44
8.74, 0.0060, 5.51, 3.37, -0.04, 5.07, 6.57
8.75, 0.0060, 5.51, 3.40, -0.04, 5.28, 7.60
8.75, 0.0070, 5.51, 3.44, -0.04, 5.48, 8.65
8.76, 0.0070, 5.51, 3.48, -0.04, 5.66, 9.81
8.77, 0.0060, 5.51, 3.52, -0.04, 5.82, 10.96
8.77, 0.0060, 5.51, 3.55, -0.04, 5.95, 11.98
8.78, 0.0070, 5.51, 3.60, -0.04, 6.07, 12.97
8.78, 0.0060, 5.51, 3.63, -0.04, 6.17, 14.05
8.79, 0.0060, 5.51, 3.67, -0.04, 6.27, 15.00
8.80, 0.0080, 5.51, 3.72, -0.04, 6.34, 15.94
8.80, 0.0060, 5.51, 3.76, -0.04, 6.41, 17.11
8.81, 0.0060, 5.51, 3.80, -0.04, 6.46, 18.01
8.82, 0.0070, 5.51, 3.84, -0.04, 6.49, 18.87
8.82, 0.0060, 5.51, 3.88, -0.04, 6.51, 19.86
8.83, 0.0060, 5.51, 3.92, -0.04, 6.52, 20.68
8.84, 0.0080, 5.51, 3.97, -0.04, 6.51, 21.47
8.84, 0.0060, 5.51, 4.01, -0.04, 6.49, 22.50
8.85, 0.0060, 5.51, 4.05, -0.04, 6.46, 23.24
8.86, 0.0070, 5.51, 4.10, -0.04, 6.41, 23.95
8.86, 0.0060, 5.51, 4.13, -0.04, 6.33, 24.74
8.87, 0.0060, 5.51, 4.17, -0.04, 6.23, 25.34
8.88, 0.0070, 5.51, 4.21, -0.04, 6.13, 25.90
8.88, 0.0070, 5.51, 4.26, -0.04, 6.03, 26.55
8.89, 0.0060, 5.51, 4.29, -0.04, 5.93, 27.19
8.90, 0.0070, 5.51, 4.33, -0.04, 5.84, 27.71
8.90, 0.0060, 5.51, 4.37, -0.04, 5.75, 28.35
8.91, 0.0060, 5.51, 4.40, -0.04, 5.66, 28.86
8.91, 0.0070, 5.51, 4.44, -0.04, 5.56, 29.36
8.92, 0.0070, 5.51, 4.48, -0.04, 5.46, 29.94
8.93, 0.0060, 5.51, 4.51, -0.04, 5.34, 30.50
8.93, 0.0070, 5.51, 4.55, -0.04, 5.22, 30.91
8.94, 0.0060, 5.51, 4.58, -0.04, 5.10, 31.40
8.95, 0.0060, 5.51, 4.61, -0.04, 4.98, 31.77
8.95, 0.0070, 5.51, 4.64, -0.04, 4.87, 32.13
8.96, 0.0060, 5.51, 4.67, -0.04, 4.75, 32.58
8.97, 0.0070, 5.51, 4.70, -0.04, 4.65, 32.92
8.97, 0.0070, 5.51, 4.74, -0.04, 4.54, 33.36
8.98, 0.0060, 5.51, 4.76, -0.04, 4.44, 33.78
8.99, 0.0060, 5.51, 4.79, -0.04, 4.33, 34.11
8.99, 0.0070, 5.51, 4.82, -0.04, 4.22, 34.42
9.00, 0.0060, 5.51, 4.84, -0.04, 4.11, 34.79
9.01, 0.0060, 5.51, 4.87, -0.04, 4.02, 35.06
9.01, 0.0080, 5.51, 4.90, -0.04, 3.95, 35.36
9.02, 0.0060, 5.51, 4.92, -0.04, 3.91, 35.85
9.02, 0.0060, 5.51, 4.94, -0.04, 3.90, 36.25
9.03, 0.0070, 5.51, 4.97, -0.04, 3.91, 36.69
9.04, 0.0060, 5.51, 5.00, -0.04, 3.93, 37.25
9.04, 0.0060, 5.51, 5.02, -0.04, 3.97, 37.77
9.05, 0.0080, 5.51, 5.05, -0.04, 4.02, 38.33
9.06, 0.0060, 5.51, 5.08, -0.04, 4.07, 39.07
9.06, 0.0060, 5.51, 5.10, -0.04, 4.11, 39.66
9.07, 0.0070, 5.51, 5.13, -0.04, 4.16, 40.24
9.08, 0.0060, 5.51, 5.15, -0.04, 4.20, 40.90
9.08, 0.0060, 5.51, 5.18, -0.04, 4.24, 41.49
9.09, 0.0070, 5.51, 5.21, -0.04, 4.31, 42.08
9.10, 0.0070, 5.51, 5.24, -0.04, 4.40, 42.83
9.10, 0.0060, 5.51, 5.27, -0.04, 4.52, 43.63
9.11, 0.0070, 5.51, 5.30, -0.04, 4.66, 44.41
9.11, 0.0060, 5.51, 5.33, -0.04, 4.82, 45.33
9.12, 0.0060, 5.51, 5.36, -0.04, 5.00, 46.24
9.13, 0.0070, 5.51, 5.40, -0.04, 5.20, 47.20
9.14, 0.0070, 5.51, 5.43, -0.04, 5.38, 48.32
9.14, 0.0060, 5.51, 5.47, -0.04, 5.53, 49.44
9.15, 0.0070, 5.51, 5.51, -0.04, 5.66, 50.40
9.15, 0.0060, 5.51, 5.54, -0.04, 5.81, 51.46
9.16, 0.0060, 5.51, 5.58, -0.04, 5.99, 52.45
9.17, 0.0070, 5.51, 5.62, -0.04, 6.21, 53.53
9.17, 0.0060, 5.51, 5.66, -0.04, 6.46, 54.85
9.18, 0.0070, 5.51, 5.71, -0.04, 6.71, 56.12
9.19, 0.0070, 5.51, 5.76, -0.04, 6.96, 57.55
9.19, 0.0060, 5.51, 5.80, -0.04, 7.22, 59.04
9.20, 0.0060, 5.51, 5.84, -0.04, 7.47, 60.41
9.21, 0.0070, 5.51, 5.90, -0.04, 7.71, 61.80
9.21, 0.0060, 5.51, 5.95, -0.04, 7.96, 63.38
9.22, 0.0070, 5.51, 6.00, -0.04, 8.21, 64.82
9.23, 0.0070, 5.51, 6.06, -0.04, 8.45, 66.47
9.23, 0.0060, 5.51, 6.11, -0.04, 8.68, 68.14
9.24, 0.0060, 5.51, 6.17, -0.04, 8.90, 69.63
9.25, 0.0070, 5.51, 6.23, -0.04, 9.11, 71.14
9.25, 0.0060, 5.51, 6.29, -0.04, 9.32, 72.85
9.26, 0.0060, 5.51, 6.34, -0.04, 9.53, 74.39
9.27, 0.0080, 5.51, 6.42, -0.04, 9.74, 75.95
9.27, 0.0060, 5.51, 6.48, -0.04, 9.94, 77.91
9.28, 0.0060, 5.51, 6.54, -0.04, 10.17, 79.51
9.28, 0.0070, 5.51, 6.62, -0.04, 10.41, 81.20
9.29, 0.0060, 5.51, 6.68, -0.04, 10.68, 83.14
9.30, 0.0060, 5.51, 6.75, -0.04, 10.94, 84.96
9.30, 0.0070, 5.51, 6.82, -0.04, 11.17, 86.78
9.31, 0.0070, 5.51, 6.90, -0.04, 11.35, 88.81
9.32, 0.0070, 5.51, 6.98, -0.04, 11.50, 90.77
9.32, 0.0060, 5.51, 7.05, -0.04, 11.62, 92.67
9.33, 0.0060, 5.51, 7.12, -0.04, 11.74, 94.31
9.34, 0.0070, 5.51, 7.21, -0.04, 11.89, 95.96
9.34, 0.0060, 5.51, 7.28, -0.04, 12.05, 97.93
9.35, 0.0070, 5.51, 7.37, -0.04, 12.24, 99.69
9.36, 0.0070, 5.51, 7.45, -0.04, 12.39, 101.79
9.36, 0.0060, 5.51, 7.53, -0.04, 12.56, 103.82
9.37, 0.0070, 5.51, 7.62, -0.04, 12.65, 105.67
9.38, 0.0060, 5.51, 7.69, -0.04, 12.74, 107.62
9.38, 0.0070, 5.51, 7.78, -0.04, 12.80, 109.33
9.39, 0.0060, 5.51, 7.86, -0.04, 12.81, 111.23
9.40, 0.0070, 5.51, 7.95, -0.04, 12.79, 112.80
9.40, 0.0070, 5.51, 8.04, -0.04, 12.72, 114.54
9.41, 0.0060, 5.51, 8.11, -0.04, 12.62, 116.18
9.42, 0.0070, 5.51, 8.20, -0.04, 12.52, 117.50
9.42, 0.0060, 5.51, 8.28, -0.04, 12.45, 119.06
9.43, 0.0070, 5.51, 8.36, -0.04, 12.38, 120.41
9.44, 0.0070, 5.51, 8.45, -0.04, 12.32, 122.00
9.44, 0.0060, 5.51, 8.52, -0.04, 12.26, 123.60
9.45, 0.0070, 5.51, 8.61, -0.04, 12.16, 124.95
9.46, 0.0060, 5.51, 8.68, -0.04, 12.00, 126.45
9.46, 0.0070, 5.51, 8.76, -0.04, 11.82, 127.58
9.47, 0.0060, 5.51, 8.83, -0.04, 11.63, 128.86
9.48, 0.0080, 5.51, 8.92, -0.04, 11.42, 129.88
9.48, 0.0060, 5.51, 8.99, -0.04, 11.16, 131.29
9.49, 0.0060, 5.51, 9.05, -0.04, 10.87, 132.10
9.49, 0.0070, 5.51, 9.13, -0.04, 10.55, 132.84
9.50, 0.0060, 5.51, 9.19, -0.04, 10.23, 133.67
9.51, 0.0070, 5.51, 9.26, -0.04, 9.93, 134.26
9.52, 0.0060, 5.51, 9.32, -0.04, 9.64, 135.05
9.52, 0.0080, 5.51, 9.39, -0.04, 9.37, 135.63
9.53, 0.0060, 5.51, 9.45, -0.04, 9.07, 136.58
9.53, 0.0060, 5.51, 9.50, -0.04, 8.74, 137.07
9.54, 0.0070, 5.51, 9.56, -0.04, 8.38, 137.47
9.55, 0.0060, 5.51, 9.61, -0.04, 7.96, 137.92
9.55, 0.0060, 5.51, 9.65, -0.04, 7.55, 138.04
9.56, 0.0070, 5.51, 9.70, -0.04, 7.10, 138.13
9.57, 0.0070, 5.51, 9.75, -0.04, 6.74, 138.21
9.57, 0.0070, 5.51, 9.79, -0.04, 6.37, 138.44
9.58, 0.0060, 5.51, 9.83, -0.04, 6.05, 138.59
9.59, 0.0060, 5.51, 9.86, -0.04, 5.71, 138.67
9.59, 0.0070, 5.51, 9.90, -0.04, 5.35, 138.68
9.60, 0.0060, 5.51, 9.93, -0.04, 4.97, 138.70
