3.60, 3.5950, 7.60, 7.61, -0.04, 0.00, 0.00
3.60, 0.0060, 7.60, 7.61, -0.04, 0.00, 82.19
3.61, 0.0060, 7.60, 7.61, -0.04, 0.00, 82.19
3.62, 0.0070, 7.60, 7.61, -0.04, 0.00, 82.19
3.62, 0.0060, 7.60, 7.61, -0.04, 0.01, 82.19
3.63, 0.0070, 7.60, 7.61, -0.04, 0.02, 82.20
3.64, 0.0060, 7.60, 7.61, -0.04, 0.04, 82.23
3.64, 0.0070, 7.60, 7.61, -0.04, -0.02, 82.27
3.65, 0.0060, 7.60, 7.61, -0.04, -0.33, 82.15
3.66, 0.0060, 7.60, 7.60, -0.04, -0.94, 81.50
3.66, 0.0060, 7.60, 7.59, -0.04, -1.85, 80.15
3.67, 0.0070, 7.60, 7.57, -0.04, -2.99, 78.11
3.68, 0.0070, 7.60, 7.54, -0.04, -4.16, 75.41
3.68, 0.0060, 7.60, 7.51, -0.04, -5.16, 72.48
3.69, 0.0070, 7.60, 7.47, -0.04, -5.86, 69.87
3.69, 0.0060, 7.60, 7.43, -0.04, -6.11, 67.66
3.70, 0.0060, 7.60, 7.40, -0.04, -6.06, 66.42
3.71, 0.0070, 7.60, 7.35, -0.04, -5.97, 65.79
3.71, 0.0060, 7.60, 7.32, -0.04, -6.35, 65.15
3.72, 0.0070, 7.60, 7.26, -0.04, -7.32, 63.62
3.73, 0.0070, 7.60, 7.20, -0.04, -8.67, 60.66
3.73, 0.0060, 7.60, 7.14, -0.04, -9.99, 56.73
3.74, 0.0060, 7.60, 7.08, -0.04, -11.05, 52.89
3.75, 0.0060, 7.60, 7.01, -0.04, -11.85, 49.46
3.75, 0.0070, 7.60, 6.92, -0.04, -12.41, 46.43
3.76, 0.0070, 7.60, 6.83, -0.04, -12.80, 43.58
3.77, 0.0070, 7.60, 6.74, -0.04, -13.13, 41.01
3.77, 0.0060, 7.60, 6.66, -0.04, -13.49, 38.50
3.78, 0.0060, 7.60, 6.57, -0.04, -14.07, 36.16
3.79, 0.0070, 7.60, 6.47, -0.04, -14.77, 33.32
3.79, 0.0060, 7.60, 6.38, -0.04, -15.50, 29.85
3.80, 0.0060, 7.60, 6.28, -0.04, -16.08, 26.52
3.81, 0.0080, 7.60, 6.15, -0.04, -16.41, 23.43
3.81, 0.0060, 7.60, 6.05, -0.04, -16.52, 20.15
3.82, 0.0070, 7.60, 5.93, -0.04, -16.51, 17.96
3.82, 0.0060, 7.60, 5.83, -0.04, -16.57, 15.65
3.83, 0.0060, 7.60, 5.73, -0.04, -16.81, 13.54
3.84, 0.0070, 7.60, 5.61, -0.04, -17.11, 11.06
3.85, 0.0070, 7.60, 5.49, -0.04, -17.19, 8.06
3.85, 0.0070, 7.60, 5.38, -0.04, -16.86, 5.49
3.86, 0.0060, 7.60, 5.28, -0.04, -16.00, 3.78
3.86, 0.0060, 7.60, 5.19, -0.04, -14.67, 3.59
3.87, 0.0070, 7.60, 5.10, -0.04, -13.13, 4.49
3.88, 0.0060, 7.60, 5.03, -0.04, -11.81, 5.74
3.88, 0.0060, 7.60, 4.96, -0.04, -11.05, 6.96
3.89, 0.0070, 7.60, 4.89, -0.04, -10.93, 7.16
3.90, 0.0070, 7.60, 4.81, -0.04, -11.14, 5.85
3.90, 0.0060, 7.60, 4.74, -0.04, -11.26, 3.87
3.91, 0.0070, 7.60, 4.67, -0.04, -10.64, 2.29
3.92, 0.0060, 7.60, 4.61, -0.04, -9.35, 2.04
3.92, 0.0060, 7.60, 4.56, -0.04, -7.73, 3.50
3.93, 0.0060, 7.60, 4.53, -0.04, -6.24, 5.82
3.94, 0.0080, 7.60, 4.49, -0.04, -5.12, 8.04
3.94, 0.0060, 7.60, 4.46, -0.04, -4.17, 9.46
3.95, 0.0060, 7.60, 4.44, -0.04, -3.38, 10.86
3.95, 0.0070, 7.60, 4.42, -0.04, -2.70, 12.04
3.96, 0.0060, 7.60, 4.41, -0.04, -2.18, 13.01
3.97, 0.0060, 7.60, 4.40, -0.04, -1.76, 13.79
3.97, 0.0080, 7.60, 4.39, -0.04, -1.21, 14.42
3.98, 0.0060, 7.60, 4.38, -0.04, -0.50, 15.33
3.99, 0.0060, 7.60, 4.39, -0.04, 0.32, 16.68
3.99, 0.0070, 7.60, 4.39, -0.04, 1.03, 18.36
4.00, 0.0060, 7.60, 4.40, -0.04, 1.52, 19.93
4.01, 0.0060, 7.60, 4.41, -0.04, 1.79, 21.10
4.01, 0.0060, 7.60, 4.43, -0.04, 1.94, 21.85
4.02, 0.0080, 7.60, 4.44, -0.04, 2.13, 22.39
4.03, 0.0060, 7.60, 4.46, -0.04, 2.45, 23.11
4.03, 0.0060, 7.60, 4.47, -0.04, 2.85, 24.04
4.04, 0.0070, 7.60, 4.50, -0.04, 3.25, 25.17
4.04, 0.0060, 7.60, 4.52, -0.04, 3.59, 26.42
4.05, 0.0060, 7.60, 4.54, -0.04, 3.77, 27.55
4.06, 0.0080, 7.60, 4.57, -0.04, 3.76, 28.35
4.06, 0.0060, 7.60, 4.59, -0.04, 3.54, 28.93
4.07, 0.0060, 7.60, 4.61, -0.04, 3.27, 28.92
4.08, 0.0070, 7.60, 4.63, -0.04, 3.22, 28.79
4.08, 0.0060, 7.60, 4.65, -0.04, 3.36, 29.12
4.09, 0.0060, 7.60, 4.68, -0.04, 3.59, 29.82
4.10, 0.0070, 7.60, 4.70, -0.04, 3.75, 30.71
4.10, 0.0070, 7.60, 4.73, -0.04, 3.69, 31.55
4.11, 0.0060, 7.60, 4.75, -0.04, 3.54, 31.95
4.12, 0.0070, 7.60, 4.77, -0.04, 3.40, 32.06
4.12, 0.0060, 7.60, 4.79, -0.04, 3.32, 32.26
4.13, 0.0060, 7.60, 4.81, -0.04, 3.32, 32.51
4.14, 0.0070, 7.60, 4.84, -0.04, 3.23, 32.89
4.14, 0.0070, 7.60, 4.86, -0.04, 3.07, 33.18
4.15, 0.0060, 7.60, 4.87, -0.04, 2.90, 33.29
4.16, 0.0060, 7.60, 4.89, -0.04, 2.81, 33.30
4.16, 0.0070, 7.60, 4.91, -0.04, 2.89, 33.44
4.17, 0.0060, 7.60, 4.93, -0.04, 3.17, 34.02
4.17, 0.0060, 7.60, 4.95, -0.04, 3.25, 34.96
4.18, 0.0070, 7.60, 4.97, -0.04, 3.05, 35.51
4.19, 0.0070, 7.60, 4.99, -0.04, 2.61, 35.53
4.19, 0.0060, 7.60, 5.00, -0.04, 2.11, 35.02
4.20, 0.0070, 7.60, 5.01, -0.04, 1.68, 34.27
4.21, 0.0060, 7.60, 5.02, -0.04, 1.34, 33.64
4.21, 0.0060, 7.60, 5.03, -0.04, 1.15, 33.13
4.22, 0.0070, 7.60, 5.04, -0.04, 1.05, 32.88
4.23, 0.0060, 7.60, 5.04, -0.04, 1.02, 32.82
4.23, 0.0070, 7.60, 5.05, -0.04, 0.98, 32.89
4.24, 0.0070, 7.60, 5.06, -0.04, 0.87, 32.95
4.25, 0.0060, 7.60, 5.06, -0.04, 0.70, 32.85
4.25, 0.0060, 7.60, 5.06, -0.04, 0.48, 32.59
4.26, 0.0060, 7.60, 5.06, -0.04, 0.29, 32.22
4.26, 0.0070, 7.60, 5.07, -0.04, 0.14, 31.86
4.27, 0.0070, 7.60, 5.07, -0.04, 0.01, 31.59
4.28, 0.0060, 7.60, 5.06, -0.04, -0.12, 31.33
4.28, 0.0070, 7.60, 5.06, -0.04, -0.28, 31.05
4.29, 0.0060, 7.60, 5.06, -0.04, -0.47, 30.69
4.30, 0.0060, 7.60, 5.06, -0.04, -0.66, 30.26
4.30, 0.0070, 7.60, 5.05, -0.04, -0.83, 29.81
4.31, 0.0060, 7.60, 5.04, -0.04, -0.97, 29.34
4.32, 0.0070, 7.60, 5.04, -0.04, -1.09, 28.94
4.32, 0.0070, 7.60, 5.03, -0.04, -1.17, 28.56
4.33, 0.0060, 7.60, 5.02, -0.04, -1.26, 28.22
4.34, 0.0060, 7.60, 5.01, -0.04, -1.38, 27.89
4.34, 0.0070, 7.60, 5.00, -0.04, -1.53, 27.48
4.35, 0.0060, 7.60, 4.99, -0.04, -1.63, 26.99
4.36, 0.0070, 7.60, 4.98, -0.04, -1.74, 26.59
4.36, 0.0070, 7.60, 4.97, -0.04, -1.95, 26.12
4.37, 0.0060, 7.60, 4.95, -0.04, -1.98, 25.43
4.38, 0.0060, 7.60, 4.94, -0.04, -1.82, 25.13
4.38, 0.0070, 7.60, 4.93, -0.04, -1.46, 25.24
4.39, 0.0060, 7.60, 4.93, -0.04, -1.06, 25.75
4.40, 0.0060, 7.60, 4.92, -0.04, -0.74, 26.42
4.40, 0.0080, 7.60, 4.92, -0.04, -0.55, 26.98
4.41, 0.0060, 7.60, 4.92, -0.04, -0.46, 27.26
4.41, 0.0060, 7.60, 4.91, -0.04, -0.39, 27.38
4.42, 0.0070, 7.60, 4.91, -0.04, -0.37, 27.47
4.43, 0.0060, 7.60, 4.91, -0.04, -0.35, 27.46
4.43, 0.0060, 7.60, 4.91, -0.04, -0.32, 27.47
4.44, 0.0070, 7.60, 4.90, -0.04, -0.31, 27.49
4.45, 0.0070, 7.60, 4.90, -0.04, -0.34, 27.46
4.45, 0.0060, 7.60, 4.90, -0.04, -0.36, 27.37
4.46, 0.0070, 7.60, 4.90, -0.04, -0.33, 27.28
4.47, 0.0060, 7.60, 4.90, -0.04, -0.21, 27.29
4.47, 0.0060, 7.60, 4.90, -0.04, -0.05, 27.49
4.48, 0.0070, 7.60, 4.90, -0.04, 0.09, 27.81
4.49, 0.0070, 7.60, 4.90, -0.04, 0.17, 28.11
4.49, 0.0060, 7.60, 4.90, -0.04, 0.18, 28.29
4.50, 0.0060, 7.60, 4.90, -0.04, 0.18, 28.34
4.50, 0.0070, 7.60, 4.90, -0.04, 0.19, 28.36
4.51, 0.0060, 7.60, 4.90, -0.04, 0.19, 28.40
4.52, 0.0060, 7.60, 4.90, -0.04, 0.20, 28.42
4.52, 0.0070, 7.60, 4.91, -0.04, 0.33, 28.47
4.53, 0.0070, 7.60, 4.91, -0.04, 0.49, 28.77
4.54, 0.0060, 7.60, 4.91, -0.04, 0.60, 29.17
4.54, 0.0070, 7.60, 4.92, -0.04, 0.53, 29.46
4.55, 0.0060, 7.60, 4.92, -0.04, 0.28, 29.39
4.56, 0.0060, 7.60, 4.92, -0.04, -0.11, 28.92
4.56, 0.0070, 7.60, 4.91, -0.04, -0.56, 28.14
4.57, 0.0070, 7.60, 4.91, -0.04, -1.06, 27.15
4.58, 0.0060, 7.60, 4.90, -0.04, -1.58, 26.01
4.58, 0.0070, 7.60, 4.88, -0.04, -2.13, 24.77
4.59, 0.0060, 7.60, 4.87, -0.04, -2.68, 23.38
4.59, 0.0060, 7.60, 4.85, -0.04, -3.22, 21.95
4.60, 0.0070, 7.60, 4.82, -0.04, -3.81, 20.49
4.61, 0.0060, 7.60, 4.79, -0.04, -4.46, 18.78
4.61, 0.0070, 7.60, 4.76, -0.04, -5.11, 16.93
4.62, 0.0070, 7.60, 4.72, -0.04, -5.73, 14.93
4.63, 0.0060, 7.60, 4.68, -0.04, -6.32, 12.88
4.63, 0.0060, 7.60, 4.64, -0.04, -6.90, 10.94
4.64, 0.0070, 7.60, 4.59, -0.04, -7.47, 8.95
4.65, 0.0060, 7.60, 4.54, -0.04, -8.03, 6.77
4.65, 0.0060, 7.60, 4.49, -0.04, -8.58, 4.68
4.66, 0.0070, 7.60, 4.42, -0.04, -9.13, 2.55
4.67, 0.0070, 7.60, 4.35, -0.04, -9.66, 0.18
4.67, 0.0060, 7.60, 4.29, -0.04, -10.18, -2.24
4.68, 0.0060, 7.60, 4.23, -0.04, -10.64, -4.50
4.69, 0.0070, 7.60, 4.15, -0.04, -11.03, -6.69
4.69, 0.0060, 7.60, 4.08, -0.04, -11.36, -9.01
4.70, 0.0070, 7.60, 4.00, -0.04, -11.67, -11.04
4.71, 0.0070, 7.60, 3.92, -0.04, -12.01, -13.29
4.71, 0.0060, 7.60, 3.84, -0.04, -12.51, -15.67
4.72, 0.0070, 7.60, 3.75, -0.04, -13.27, -18.17
4.72, 0.0060, 7.60, 3.67, -0.04, -14.12, -21.54
4.73, 0.0060, 7.60, 3.58, -0.04, -14.92, -24.94
4.74, 0.0070, 7.60, 3.47, -0.04, -15.50, -28.33
4.75, 0.0070, 7.60, 3.36, -0.04, -15.83, -31.65
4.75, 0.0070, 7.60, 3.24, -0.04, -15.99, -34.53
4.76, 0.0060, 7.60, 3.15, -0.04, -16.10, -37.10
4.76, 0.0060, 7.60, 3.05, -0.04, -16.22, -39.23
4.77, 0.0070, 7.60, 2.94, -0.04, -16.39, -41.42
4.78, 0.0060, 7.60, 2.84, -0.04, -16.58, -44.06
4.78, 0.0080, 7.60, 2.70, -0.04, -16.68, -46.43
4.79, 0.0060, 7.60, 2.60, -0.04, -16.62, -49.30
4.80, 0.0060, 7.60, 2.51, -0.04, -16.33, -51.17
4.80, 0.0070, 7.60, 2.39, -0.04, -15.91, -52.55
4.81, 0.0060, 7.60, 2.30, -0.04, -15.53, -53.94
4.82, 0.0060, 7.60, 2.21, -0.04, -15.32, -55.05
4.82, 0.0070, 7.60, 2.10, -0.04, -15.28, -56.46
4.83, 0.0070, 7.60, 2.00, -0.04, -15.26, -58.53
4.84, 0.0070, 7.60, 1.89, -0.04, -15.10, -60.61
4.84, 0.0060, 7.60, 1.80, -0.04, -14.70, -62.41
4.85, 0.0060, 7.60, 1.72, -0.04, -14.10, -63.37
4.86, 0.0070, 7.60, 1.62, -0.04, -13.40, -63.87
4.86, 0.0060, 7.60, 1.55, -0.04, -12.77, -64.33
4.87, 0.0080, 7.60, 1.45, -0.04, -12.38, -64.62
4.88, 0.0060, 7.60, 1.37, -0.04, -12.17, -65.81
4.88, 0.0060, 7.60, 1.30, -0.04, -12.00, -66.85
4.89, 0.0070, 7.60, 1.22, -0.04, -11.72, -67.96
4.90, 0.0060, 7.60, 1.15, -0.04, -11.26, -69.04
4.90, 0.0070, 7.60, 1.08, -0.04, -10.65, -69.46
4.91, 0.0060, 7.60, 1.02, -0.04, -9.97, -69.75
4.92, 0.0070, 7.60, 0.95, -0.04, -9.23, -69.57
4.92, 0.0070, 7.60, 0.89, -0.04, -8.56, -69.39
4.93, 0.0060, 7.60, 0.85, -0.04, -7.91, -69.25
4.93, 0.0060, 7.60, 0.80, -0.04, -7.24, -68.90
4.94, 0.0070, 7.60, 0.76, -0.04, -6.55, -68.43
4.95, 0.0060, 7.60, 0.72, -0.04, -5.75, -67.97
4.95, 0.0070, 7.60, 0.69, -0.04, -4.90, -67.05
4.96, 0.0070, 7.60, 0.66, -0.04, -3.98, -66.03
4.97, 0.0060, 7.60, 0.64, -0.04, -3.05, -64.76
4.97, 0.0060, 7.60, 0.63, -0.04, -2.17, -63.27
4.98, 0.0070, 7.60, 0.62, -0.04, -1.42, -61.76
4.99, 0.0060, 7.60, 0.61, -0.04, -0.87, -60.47
4.99, 0.0060, 7.60, 0.61, -0.04, -0.47, -59.46
5.00, 0.0080, 7.60, 0.61, -0.04, -0.14, -58.73
5.01, 0.0060, 7.60, 0.61, -0.04, 0.33, -58.07
5.01, 0.0060, 7.60, 0.62, -0.04, 1.05, -57.09
5.02, 0.0070, 7.60, 0.63, -0.04, 1.96, -55.53
5.02, 0.0060, 7.60, 0.65, -0.04, 2.84, -53.45
5.03, 0.0060, 7.60, 0.67, -0.04, 3.48, -51.35
5.04, 0.0080, 7.60, 0.70, -0.04, 3.80, -49.63
5.04, 0.0060, 7.60, 0.72, -0.04, 3.83, -48.40
5.05, 0.0060, 7.60, 0.75, -0.04, 3.76, -47.88
5.06, 0.0070, 7.60, 0.77, -0.04, 3.76, -47.57
5.06, 0.0060, 7.60, 0.80, -0.04, 3.97, -47.05
5.07, 0.0060, 7.60, 0.82, -0.04, 4.29, -46.15
5.08, 0.0070, 7.60, 0.85, -0.04, 4.54, -45.00
5.08, 0.0070, 7.60, 0.89, -0.04, 4.58, -43.85
5.09, 0.0060, 7.60, 0.91, -0.04, 4.39, -43.12
5.10, 0.0070, 7.60, 0.94, -0.04, 4.10, -42.99
5.10, 0.0060, 7.60, 0.96, -0.04, 3.86, -42.99
5.11, 0.0060, 7.60, 0.99, -0.04, 3.73, -43.00
5.11, 0.0070, 7.60, 1.01, -0.04, 3.73, -42.81
5.12, 0.0060, 7.60, 1.03, -0.04, 3.71, -42.30
5.13, 0.0070, 7.60, 1.06, -0.04, 3.52, -41.89
5.14, 0.0070, 7.60, 1.08, -0.04, 3.17, -41.77
5.14, 0.0060, 7.60, 1.10, -0.04, 2.62, -42.04
5.15, 0.0060, 7.60, 1.11, -0.04, 2.02, -42.82
5.15, 0.0070, 7.60, 1.12, -0.04, 1.43, -43.78
5.16, 0.0060, 7.60, 1.12, -0.04, 0.88, -44.77
5.17, 0.0070, 7.60, 1.13, -0.04, 0.36, -45.76
5.17, 0.0070, 7.60, 1.13, -0.04, -0.14, -46.74
5.18, 0.0060, 7.60, 1.12, -0.04, -0.59, -47.75
5.19, 0.0060, 7.60, 1.12, -0.04, -1.07, -48.74
5.19, 0.0070, 7.60, 1.10, -0.04, -1.56, -49.82
5.20, 0.0060, 7.60, 1.09, -0.04, -2.14, -51.03
5.21, 0.0060, 7.60, 1.08, -0.04, -2.83, -52.43
5.21, 0.0080, 7.60, 1.05, -0.04, -3.58, -54.15
5.22, 0.0060, 7.60, 1.02, -0.04, -4.32, -56.22
5.23, 0.0060, 7.60, 0.99, -0.04, -4.95, -58.22
5.23, 0.0070, 7.60, 0.95, -0.04, -5.46, -60.07
5.24, 0.0060, 7.60, 0.92, -0.04, -5.86, -61.86
5.25, 0.0060, 7.60, 0.88, -0.04, -6.31, -63.36
5.25, 0.0080, 7.60, 0.83, -0.04, -6.84, -65.02
5.26, 0.0060, 7.60, 0.78, -0.04, -7.44, -67.18
5.26, 0.0060, 7.60, 0.73, -0.04, -7.99, -69.27
5.27, 0.0070, 7.60, 0.67, -0.04, -8.44, -71.33
5.28, 0.0060, 7.60, 0.62, -0.04, -8.75, -73.41
5.28, 0.0060, 7.60, 0.57, -0.04, -9.02, -75.09
5.29, 0.0070, 7.60, 0.50, -0.04, -9.29, -76.71
5.30, 0.0070, 7.60, 0.43, -0.04, -9.59, -78.56
5.30, 0.0060, 7.60, 0.38, -0.04, -9.89, -80.48
5.31, 0.0070, 7.60, 0.30, -0.04, -10.16, -82.28
5.32, 0.0060, 7.60, 0.24, -0.04, -10.36, -84.24
5.32, 0.0060, 7.60, 0.18, -0.04, -10.41, -85.87
5.33, 0.0070, 7.60, 0.11, -0.04, -10.38, -87.24
5.34, 0.0060, 7.60, 0.04, -0.04, -10.34, -88.63
5.34, 0.0080, 7.60, -0.04, -0.04, -10.34, -89.78
5.35, 0.0060, 7.60, -0.10, -0.04, -10.34, -91.43
5.36, 0.0060, 7.60, -0.16, -0.04, -10.32, -92.68
5.36, 0.0070, 7.60, -0.23, -0.04, -10.18, -93.87
5.37, 0.0060, 7.60, -0.29, -0.04, -9.92, -95.01
5.38, 0.0070, 7.60, -0.36, -0.04, -9.60, -95.69
5.38, 0.0070, 7.60, -0.42, -0.04, -9.29, -96.39
5.39, 0.0060, 7.60, -0.48, -0.04, -9.03, -97.07
5.40, 0.0070, 7.60, -0.54, -0.04, -8.77, -97.65
5.40, 0.0060, 7.60, -0.59, -0.04, -8.51, -98.35
5.41, 0.0060, 7.60, -0.64, -0.04, -8.16, -98.85
5.41, 0.0070, 7.60, -0.70, -0.04, -7.80, -99.13
5.42, 0.0060, 7.60, -0.74, -0.04, -7.41, -99.50
5.43, 0.0070, 7.60, -0.79, -0.04, -6.98, -99.60
5.43, 0.0070, 7.60, -0.83, -0.04, -6.56, -99.74
5.44, 0.0060, 7.60, -0.87, -0.04, -6.09, -99.80
5.45, 0.0060, 7.60, -0.90, -0.04, -5.58, -99.60
5.45, 0.0070, 7.60, -0.94, -0.04, -5.10, -99.25
5.46, 0.0060, 7.60, -0.97, -0.04, -4.67, -98.99
5.47, 0.0070, 7.60, -1.00, -0.04, -4.29, -98.69
5.47, 0.0060, 7.60, -1.02, -0.04, -4.01, -98.55
5.48, 0.0070, 7.60, -1.05, -0.04, -3.66, -98.46
5.49, 0.0060, 7.60, -1.07, -0.04, -3.33, -98.28
5.49, 0.0070, 7.60, -1.09, -0.04, -2.93, -98.00
5.50, 0.0060, 7.60, -1.10, -0.04, -2.51, -97.63
5.51, 0.0060, 7.60, -1.12, -0.04, -2.12, -97.09
5.51, 0.0080, 7.60, -1.13, -0.04, -1.78, -96.57
5.52, 0.0060, 7.60, -1.14, -0.04, -1.50, -96.17
5.53, 0.0060, 7.60, -1.15, -0.04, -1.23, -95.79
5.53, 0.0070, 7.60, -1.15, -0.04, -0.96, -95.40
5.54, 0.0060, 7.60, -1.16, -0.04, -0.68, -94.98
5.54, 0.0060, 7.60, -1.16, -0.04, -0.51, -94.52
5.55, 0.0080, 7.60, -1.16, -0.04, -0.41, -94.22
5.56, 0.0060, 7.60, -1.17, -0.04, -0.33, -94.10
5.56, 0.0060, 7.60, -1.17, -0.04, -0.20, -93.97
5.57, 0.0070, 7.60, -1.17, -0.04, -0.22, -93.73
5.58, 0.0060, 7.60, -1.17, -0.04, -0.35, -93.81
5.58, 0.0060, 7.60, -1.17, -0.04, -0.50, -94.10
5.59, 0.0070, 7.60, -1.18, -0.04, -0.62, -94.47
5.60, 0.0070, 7.60, -1.18, -0.04, -0.85, -94.80
5.60, 0.0060, 7.60, -1.19, -0.04, -1.20, -95.38
5.61, 0.0070, 7.60, -1.20, -0.04, -1.60, -96.23
5.62, 0.0060, 7.60, -1.21, -0.04, -1.85, -97.25
5.62, 0.0070, 7.60, -1.23, -0.04, -1.78, -97.97
5.63, 0.0060, 7.60, -1.24, -0.04, -1.75, -98.09
5.64, 0.0070, 7.60, -1.25, -0.04, -2.03, -98.22
5.64, 0.0070, 7.60, -1.27, -0.04, -2.95, -99.07
5.65, 0.0060, 7.60, -1.30, -0.04, -4.09, -101.33
5.66, 0.0060, 7.60, -1.33, -0.04, -5.17, -104.09
5.66, 0.0070, 7.60, -1.37, -0.04, -5.99, -106.88
5.67, 0.0060, 7.60, -1.41, -0.04, -6.35, -109.36
5.68, 0.0070, 7.60, -1.45, -0.04, -6.44, -110.85
5.68, 0.0070, 7.60, -1.50, -0.04, -6.36, -111.93
5.69, 0.0060, 7.60, -1.54, -0.04, -6.65, -112.65
5.69, 0.0070, 7.60, -1.59, -0.04, -7.34, -114.03
5.70, 0.0060, 7.60, -1.64, -0.04, -8.42, -116.43
5.71, 0.0070, 7.60, -1.71, -0.04, -9.64, -119.60
5.71, 0.0060, 7.60, -1.77, -0.04, -10.79, -123.39
5.72, 0.0060, 7.60, -1.84, -0.04, -11.74, -126.99
5.73, 0.0080, 7.60, -1.94, -0.04, -12.25, -130.30
5.73, 0.0060, 7.60, -2.01, -0.04, -12.20, -133.29
5.74, 0.0070, 7.60, -2.10, -0.04, -11.94, -134.65
5.75, 0.0060, 7.60, -2.17, -0.04, -12.33, -135.80
5.75, 0.0070, 7.60, -2.27, -0.04, -13.62, -138.05
5.76, 0.0060, 7.60, -2.36, -0.04, -15.55, -142.54
5.77, 0.0080, 7.60, -2.50, -0.04, -17.30, -148.27
5.77, 0.0060, 7.60, -2.61, -0.04, -18.27, -154.54
5.78, 0.0060, 7.60, -2.72, -0.04, -18.31, -158.67
5.79, 0.0070, 7.60, -2.84, -0.04, -17.90, -160.95
5.79, 0.0060, 7.60, -2.94, -0.04, -16.89, -162.63
5.80, 0.0070, 7.60, -3.06, -0.04, -16.16, -162.63
5.81, 0.0070, 7.60, -3.17, -0.04, -16.50, -163.44
5.81, 0.0070, 7.60, -3.30, -0.04, -17.68, -166.43
5.82, 0.0060, 7.60, -3.41, -0.04, -19.27, -171.26
5.83, 0.0070, 7.60, -3.55, -0.04, -20.39, -176.76
5.83, 0.0060, 7.60, -3.68, -0.04, -20.71, -181.85
5.84, 0.0060, 7.60, -3.80, -0.04, -19.92, -184.97
5.85, 0.0070, 7.60, -3.93, -0.04, -18.69, -185.79
5.85, 0.0070, 7.60, -4.05, -0.04, -17.68, -185.95
5.86, 0.0070, 7.60, -4.17, -0.04, -17.37, -186.41
5.87, 0.0060, 7.60, -4.28, -0.04, -17.78, -188.21
5.87, 0.0070, 7.60, -4.41, -0.04, -18.52, -191.16
5.88, 0.0060, 7.60, -4.53, -0.04, -19.20, -195.23
5.89, 0.0070, 7.60, -4.66, -0.04, -19.29, -198.90
5.89, 0.0070, 7.60, -4.79, -0.04, -18.91, -201.77
5.90, 0.0060, 7.60, -4.90, -0.04, -18.22, -203.67
5.91, 0.0070, 7.60, -5.02, -0.04, -17.56, -204.47
5.91, 0.0060, 7.60, -5.13, -0.04, -16.98, -205.61
5.92, 0.0070, 7.60, -5.24, -0.04, -16.52, -206.49
5.93, 0.0060, 7.60, -5.34, -0.04, -16.28, -207.89
5.93, 0.0070, 7.60, -5.45, -0.04, -16.37, -209.36
5.94, 0.0070, 7.60, -5.57, -0.04, -16.55, -211.82
5.95, 0.0070, 7.60, -5.68, -0.04, -16.20, -214.50
5.95, 0.0060, 7.60, -5.78, -0.04, -15.26, -216.07
5.96, 0.0070, 7.60, -5.87, -0.04, -14.00, -216.03
5.96, 0.0060, 7.60, -5.95, -0.04, -12.89, -215.46
5.97, 0.0060, 7.60, -6.02, -0.04, -12.39, -214.78
5.98, 0.0080, 7.60, -6.13, -0.04, -12.56, -215.27
5.99, 0.0060, 7.60, -6.20, -0.04, -12.93, -217.63
5.99, 0.0070, 7.60, -6.30, -0.04, -13.47, -219.92
6.00, 0.0060, 7.60, -6.38, -0.04, -13.43, -222.89
6.00, 0.0070, 7.60, -6.46, -0.04, -12.34, -224.42
6.01, 0.0060, 7.60, -6.53, -0.04, -10.94, -223.96
6.02, 0.0070, 7.60, -6.60, -0.04, -9.91, -222.47
6.02, 0.0070, 7.60, -6.67, -0.04, -9.49, -221.79
6.03, 0.0060, 7.60, -6.72, -0.04, -9.45, -222.28
6.04, 0.0070, 7.60, -6.79, -0.04, -9.60, -223.34
6.04, 0.0060, 7.60, -6.85, -0.04, -9.65, -224.99
6.05, 0.0070, 7.60, -6.91, -0.04, -9.47, -226.26
6.06, 0.0060, 7.60, -6.97, -0.04, -9.20, -227.22
6.06, 0.0070, 7.60, -7.03, -0.04, -9.05, -227.78
6.07, 0.0070, 7.60, -7.10, -0.04, -9.23, -228.75
6.08, 0.0060, 7.60, -7.15, -0.04, -9.63, -230.40
6.08, 0.0070, 7.60, -7.22, -0.04, -10.02, -232.36
6.09, 0.0060, 7.60, -7.29, -0.04, -10.07, -234.53
6.10, 0.0060, 7.60, -7.34, -0.04, -9.67, -235.84
6.10, 0.0070, 7.60, -7.41, -0.04, -8.98, -236.20
6.11, 0.0070, 7.60, -7.47, -0.04, -8.49, -236.08
6.12, 0.0070, 7.60, -7.53, -0.04, -8.69, -236.29
6.12, 0.0060, 7.60, -7.58, -0.04, -9.50, -237.91
6.13, 0.0060, 7.60, -7.65, -0.04, -10.61, -240.66
6.14, 0.0070, 7.60, -7.73, -0.04, -11.61, -244.16
6.14, 0.0060, 7.60, -7.80, -0.04, -12.07, -247.78
6.15, 0.0080, 7.60, -7.90, -0.04, -11.92, -250.15
6.16, 0.0060, 7.60, -7.96, -0.04, -11.49, -251.77
6.16, 0.0070, 7.60, -8.04, -0.04, -11.14, -252.29
6.17, 0.0060, 7.60, -8.11, -0.04, -11.22, -253.14
6.18, 0.0070, 7.60, -8.19, -0.04, -12.10, -254.64
6.18, 0.0060, 7.60, -8.28, -0.04, -13.37, -258.10
6.19, 0.0060, 7.60, -8.36, -0.04, -14.86, -262.24
6.20, 0.0080, 7.60, -8.49, -0.04, -16.14, -267.01
6.20, 0.0060, 7.60, -8.59, -0.04, -16.91, -272.15
6.21, 0.0070, 7.60, -8.72, -0.04, -17.18, -275.72
6.22, 0.0060, 7.60, -8.82, -0.04, -17.36, -278.65
6.22, 0.0070, 7.60, -8.95, -0.04, -18.15, -281.12
6.23, 0.0060, 7.60, -9.06, -0.04, -19.41, -285.23
6.24, 0.0080, 7.60, -9.23, -0.04, -20.86, -290.08
6.24, 0.0060, 7.60, -9.36, -0.04, -22.22, -296.32
6.25, 0.0060, 7.60, -9.50, -0.04, -23.39, -301.70
6.25, 0.0070, 7.60, -9.67, -0.04, -24.22, -306.85
6.26, 0.0060, 7.60, -9.82, -0.04, -24.91, -311.90
6.27, 0.0070, 7.60, -10.00, -0.04, -25.49, -316.27
6.28, 0.0060, 7.60, -10.16, -0.04, -26.17, -320.99
6.28, 0.0080, 7.60, -10.37, -0.04, -27.13, -325.51
6.29, 0.0060, 7.60, -10.55, -0.04, -28.46, -331.75
6.29, 0.0070, 7.60, -10.76, -0.04, -30.20, -337.84
6.30, 0.0060, 7.60, -10.95, -0.04, -32.14, -345.54
6.31, 0.0070, 7.60, -11.19, -0.04, -33.88, -353.28
6.32, 0.0060, 7.60, -11.40, -0.04, -35.22, -361.51
6.32, 0.0080, 7.60, -11.69, -0.04, -36.25, -368.40
6.33, 0.0060, 7.60, -11.91, -0.04, -37.00, -376.27
6.33, 0.0070, 7.60, -12.17, -0.04, -37.54, -382.21
6.34, 0.0060, 7.60, -12.40, -0.04, -38.14, -388.54
6.35, 0.0070, 7.60, -12.68, -0.04, -39.26, -394.31
6.35, 0.0060, 7.60, -12.92, -0.04, -40.84, -402.06
6.36, 0.0080, 7.60, -13.26, -0.04, -42.49, -410.11
6.37, 0.0060, 7.60, -13.52, -0.04, -43.56, -420.22
6.37, 0.0070, 7.60, -13.83, -0.04, -43.29, -427.58
6.38, 0.0060, 7.60, -14.08, -0.04, -42.54, -433.11
6.39, 0.0070, 7.60, -14.37, -0.04, -41.73, -436.70
6.39, 0.0060, 7.60, -14.62, -0.04, -41.52, -440.93
6.40, 0.0070, 7.60, -14.92, -0.04, -42.07, -445.50
6.41, 0.0070, 7.60, -15.22, -0.04, -42.97, -452.48
6.41, 0.0070, 7.60, -15.52, -0.04, -43.60, -460.30
6.42, 0.0060, 7.60, -15.78, -0.04, -43.51, -467.66
6.43, 0.0070, 7.60, -16.09, -0.04, -43.11, -472.70
6.43, 0.0060, 7.60, -16.34, -0.04, -42.64, -477.93
6.44, 0.0070, 7.60, -16.64, -0.04, -42.01, -482.11
6.45, 0.0070, 7.60, -16.92, -0.04, -41.22, -486.73
6.45, 0.0070, 7.60, -17.21, -0.04, -40.29, -490.93
6.46, 0.0060, 7.60, -17.44, -0.04, -39.16, -494.71
6.47, 0.0070, 7.60, -17.71, -0.04, -38.05, -497.14
6.47, 0.0060, 7.60, -17.93, -0.04, -37.09, -500.26
6.48, 0.0070, 7.60, -18.18, -0.04, -36.15, -502.79
6.49, 0.0060, 7.60, -18.39, -0.04, -34.94, -505.97
6.49, 0.0080, 7.60, -18.66, -0.04, -33.20, -507.74
6.50, 0.0060, 7.60, -18.85, -0.04, -31.22, -509.57
6.51, 0.0070, 7.60, -19.05, -0.04, -29.14, -509.36
6.51, 0.0060, 7.60, -19.21, -0.04, -26.88, -509.27
6.52, 0.0070, 7.60, -19.38, -0.04, -24.44, -507.97
6.53, 0.0060, 7.60, -19.51, -0.04, -22.04, -506.51
6.53, 0.0080, 7.60, -19.67, -0.04, -19.83, -504.36
6.54, 0.0060, 7.60, -19.78, -0.04, -17.80, -503.13
6.55, 0.0070, 7.60, -19.89, -0.04, -15.57, -501.20
6.55, 0.0060, 7.60, -19.97, -0.04, -13.22, -498.92
6.56, 0.0070, 7.60, -20.04, -0.04, -10.75, -495.80
6.57, 0.0060, 7.60, -20.09, -0.04, -8.25, -492.36
6.57, 0.0080, 7.60, -20.14, -0.04, -6.01, -488.35
6.58, 0.0060, 7.60, -20.16, -0.04, -3.95, -484.84
6.59, 0.0070, 7.60, -20.18, -0.04, -2.14, -481.20
6.59, 0.0060, 7.60, -20.18, -0.04, -0.27, -477.87
6.60, 0.0060, 7.60, -20.17, -0.04, 2.00, -474.16
6.61, 0.0070, 7.60, -20.14, -0.04, 4.81, -469.39
6.61, 0.0060, 7.60, -20.09, -0.04, 7.82, -463.09
6.62, 0.0080, 7.60, -20.00, -0.04, 10.74, -456.13
6.63, 0.0060, 7.60, -19.92, -0.04, 13.62, -448.58
6.63, 0.0070, 7.60, -19.81, -0.04, 16.55, -441.17
6.64, 0.0060, 7.60, -19.69, -0.04, 19.12, -433.01
6.65, 0.0070, 7.60, -19.54, -0.04, 21.51, -425.56
6.65, 0.0060, 7.60, -19.40, -0.04, 23.74, -417.77
6.66, 0.0080, 7.60, -19.19, -0.04, 26.08, -410.48
6.67, 0.0060, 7.60, -19.02, -0.04, 28.73, -401.61
6.67, 0.0070, 7.60, -18.79, -0.04, 31.76, -392.87
6.68, 0.0060, 7.60, -18.59, -0.04, 34.79, -382.36
6.69, 0.0070, 7.60, -18.32, -0.04, 37.49, -372.12
6.69, 0.0060, 7.60, -18.09, -0.04, 39.64, -361.48
6.70, 0.0070, 7.60, -17.79, -0.04, 41.68, -352.42
6.71, 0.0070, 7.60, -17.49, -0.04, 43.78, -342.51
6.71, 0.0070, 7.60, -17.16, -0.04, 45.99, -332.17
6.72, 0.0060, 7.60, -16.88, -0.04, 48.21, -321.31
6.73, 0.0060, 7.60, -16.57, -0.04, 50.35, -311.09
6.73, 0.0070, 7.60, -16.21, -0.04, 52.35, -300.77
6.74, 0.0060, 7.60, -15.88, -0.04, 54.29, -289.43
6.75, 0.0080, 7.60, -15.43, -0.04, 56.22, -279.05
6.75, 0.0060, 7.60, -15.08, -0.04, 58.54, -266.19
6.76, 0.0070, 7.60, -14.65, -0.04, 60.99, -254.53
6.77, 0.0060, 7.60, -14.27, -0.04, 63.34, -241.09
6.77, 0.0070, 7.60, -13.82, -0.04, 65.25, -228.79
6.78, 0.0060, 7.60, -13.41, -0.04, 67.03, -215.82
6.79, 0.0070, 7.60, -12.93, -0.04, 68.98, -204.24
6.79, 0.0070, 7.60, -12.43, -0.04, 71.12, -190.67
6.80, 0.0070, 7.60, -11.92, -0.04, 73.23, -176.43
6.81, 0.0060, 7.60, -11.47, -0.04, 74.97, -161.97
6.81, 0.0070, 7.60, -10.94, -0.04, 76.56, -149.49
6.82, 0.0060, 7.60, -10.47, -0.04, 78.25, -135.58
6.82, 0.0070, 7.60, -9.91, -0.04, 80.04, -122.81
6.83, 0.0070, 7.60, -9.33, -0.04, 81.69, -108.02
6.84, 0.0070, 7.60, -8.75, -0.04, 83.23, -93.28
6.84, 0.0060, 7.60, -8.24, -0.04, 84.63, -78.57
6.85, 0.0070, 7.60, -7.64, -0.04, 86.03, -65.60
6.86, 0.0060, 7.60, -7.12, -0.04, 87.28, -50.75
6.86, 0.0060, 7.60, -6.59, -0.04, 88.36, -37.80
6.87, 0.0070, 7.60, -5.96, -0.04, 89.32, -25.02
6.88, 0.0070, 7.60, -5.33, -0.04, 90.32, -10.60
6.89, 0.0060, 7.60, -4.78, -0.04, 91.41, 4.04
6.89, 0.0070, 7.60, -4.13, -0.04, 92.57, 17.20
6.90, 0.0060, 7.60, -3.57, -0.04, 93.65, 32.47
6.90, 0.0070, 7.60, -2.91, -0.04, 94.56, 45.87
6.91, 0.0060, 7.60, -2.34, -0.04, 95.41, 60.94
6.92, 0.0070, 7.60, -1.66, -0.04, 96.15, 74.08
6.92, 0.0070, 7.60, -0.99, -0.04, 96.83, 89.02
6.93, 0.0060, 7.60, -0.40, -0.04, 97.37, 103.94
6.94, 0.0070, 7.60, 0.28, -0.04, 97.72, 116.71
6.94, 0.0060, 7.60, 0.87, -0.04, 98.03, 131.09
6.95, 0.0060, 7.60, 1.46, -0.04, 98.19, 143.47
6.96, 0.0070, 7.60, 2.15, -0.04, 98.37, 155.58
6.96, 0.0070, 7.60, 2.84, -0.04, 98.32, 169.70
6.97, 0.0070, 7.60, 3.52, -0.04, 98.09, 183.36
6.98, 0.0060, 7.60, 4.11, -0.04, 97.65, 196.64
6.98, 0.0070, 7.60, 4.79, -0.04, 97.10, 207.49
6.99, 0.0060, 7.60, 5.37, -0.04, 96.51, 219.98
7.00, 0.0060, 7.60, 5.94, -0.04, 95.94, 230.38
7.00, 0.0080, 7.60, 6.71, -0.04, 95.30, 240.75
7.01, 0.0060, 7.60, 7.27, -0.04, 94.53, 254.71
7.02, 0.0070, 7.60, 7.93, -0.04, 93.56, 264.51
7.02, 0.0060, 7.60, 8.48, -0.04, 92.45, 275.67
7.03, 0.0070, 7.60, 9.12, -0.04, 91.29, 284.55
7.03, 0.0060, 7.60, 9.66, -0.04, 90.14, 295.01
7.04, 0.0060, 7.60, 10.20, -0.04, 89.00, 303.52
7.05, 0.0080, 7.60, 10.90, -0.04, 87.88, 311.92
7.06, 0.0060, 7.60, 11.42, -0.04, 86.80, 323.76
7.06, 0.0070, 7.60, 12.02, -0.04, 85.63, 332.00
7.07, 0.0060, 7.60, 12.53, -0.04, 84.42, 341.66
7.07, 0.0070, 7.60, 13.11, -0.04, 83.13, 349.36
7.08, 0.0060, 7.60, 13.60, -0.04, 81.67, 358.41
7.09, 0.0080, 7.60, 14.24, -0.04, 80.13, 365.31
7.10, 0.0060, 7.60, 14.71, -0.04, 78.48, 375.05
7.10, 0.0070, 7.60, 15.25, -0.04, 76.80, 381.16
7.11, 0.0060, 7.60, 15.70, -0.04, 75.06, 388.54
7.11, 0.0070, 7.60, 16.21, -0.04, 73.34, 394.08
7.12, 0.0060, 7.60, 16.64, -0.04, 71.66, 400.90
7.13, 0.0060, 7.60, 17.06, -0.04, 70.03, 406.14
7.14, 0.0080, 7.60, 17.61, -0.04, 68.46, 411.30
7.14, 0.0060, 7.60, 18.01, -0.04, 66.81, 419.09
7.15, 0.0070, 7.60, 18.47, -0.04, 65.05, 423.82
7.16, 0.0060, 7.60, 18.84, -0.04, 63.17, 429.41
7.16, 0.0070, 7.60, 19.27, -0.04, 61.28, 433.23
7.17, 0.0060, 7.60, 19.63, -0.04, 59.48, 438.03
7.18, 0.0080, 7.60, 20.09, -0.04, 57.78, 441.57
7.18, 0.0060, 7.60, 20.43, -0.04, 56.14, 447.41
7.19, 0.0070, 7.60, 20.81, -0.04, 54.48, 450.88
7.19, 0.0060, 7.60, 21.13, -0.04, 52.81, 455.17
7.20, 0.0070, 7.60, 21.49, -0.04, 51.23, 458.17
7.21, 0.0060, 7.60, 21.78, -0.04, 49.71, 462.17
7.22, 0.0080, 7.60, 22.17, -0.04, 48.22, 465.11
7.22, 0.0060, 7.60, 22.45, -0.04, 46.66, 469.84
7.23, 0.0060, 7.60, 22.72, -0.04, 44.98, 472.32
7.23, 0.0070, 7.60, 23.02, -0.04, 43.21, 474.36
7.24, 0.0060, 7.60, 23.27, -0.04, 41.40, 476.87
7.25, 0.0070, 7.60, 23.55, -0.04, 39.59, 478.21
7.26, 0.0060, 7.60, 23.77, -0.04, 37.83, 480.14
7.26, 0.0080, 7.60, 24.06, -0.04, 36.19, 481.16
7.27, 0.0060, 7.60, 24.27, -0.04, 34.59, 483.66
7.27, 0.0070, 7.60, 24.50, -0.04, 32.99, 484.63
7.28, 0.0060, 7.60, 24.69, -0.04, 31.37, 486.04
7.29, 0.0070, 7.60, 24.90, -0.04, 29.72, 486.57
7.29, 0.0060, 7.60, 25.07, -0.04, 28.07, 487.42
