3.59, 3.5890, 5.72, 5.72, -0.04, -0.00, 0.00
3.60, 0.0070, 5.72, 5.72, -0.04, -0.00, 44.39
3.61, 0.0060, 5.72, 5.72, -0.04, -0.00, 44.39
3.61, 0.0060, 5.72, 5.72, -0.04, -0.00, 44.39
3.62, 0.0060, 5.72, 5.72, -0.04, -0.00, 44.39
3.62, 0.0070, 5.72, 5.72, -0.04, 0.00, 44.38
3.63, 0.0070, 5.72, 5.72, -0.04, 0.02, 44.40
3.64, 0.0060, 5.72, 5.72, -0.04, 0.01, 44.42
3.64, 0.0060, 5.72, 5.72, -0.04, -0.07, 44.42
3.65, 0.0070, 5.72, 5.72, -0.04, -0.27, 44.26
3.66, 0.0060, 5.72, 5.71, -0.04, -0.65, 43.80
3.66, 0.0060, 5.72, 5.71, -0.04, -1.12, 42.97
3.67, 0.0070, 5.72, 5.70, -0.04, -1.59, 41.89
3.68, 0.0070, 5.72, 5.68, -0.04, -1.96, 40.73
3.68, 0.0060, 5.72, 5.67, -0.04, -2.15, 39.71
3.69, 0.0070, 5.72, 5.65, -0.04, -2.11, 39.07
3.70, 0.0060, 5.72, 5.64, -0.04, -1.95, 38.87
3.70, 0.0060, 5.72, 5.63, -0.04, -1.91, 38.94
3.71, 0.0060, 5.72, 5.62, -0.04, -2.11, 38.81
3.72, 0.0080, 5.72, 5.60, -0.04, -2.56, 38.15
3.72, 0.0060, 5.72, 5.58, -0.04, -3.10, 36.83
3.73, 0.0060, 5.72, 5.56, -0.04, -3.56, 35.38
3.73, 0.0070, 5.72, 5.53, -0.04, -3.89, 34.03
3.74, 0.0060, 5.72, 5.51, -0.04, -4.10, 32.82
3.75, 0.0060, 5.72, 5.48, -0.04, -4.21, 31.93
3.75, 0.0070, 5.72, 5.45, -0.04, -4.32, 31.20
3.76, 0.0070, 5.72, 5.42, -0.04, -4.44, 30.38
3.77, 0.0060, 5.72, 5.39, -0.04, -4.58, 29.50
3.77, 0.0070, 5.72, 5.36, -0.04, -4.70, 28.68
3.78, 0.0060, 5.72, 5.33, -0.04, -4.80, 27.79
3.79, 0.0060, 5.72, 5.30, -0.04, -4.92, 27.00
3.79, 0.0070, 5.72, 5.27, -0.04, -5.07, 26.18
3.80, 0.0060, 5.72, 5.23, -0.04, -5.24, 25.17
3.81, 0.0070, 5.72, 5.20, -0.04, -5.40, 24.20
3.81, 0.0070, 5.72, 5.16, -0.04, -5.50, 23.12
3.82, 0.0060, 5.72, 5.12, -0.04, -5.53, 22.16
3.83, 0.0060, 5.72, 5.09, -0.04, -5.49, 21.43
3.83, 0.0070, 5.72, 5.05, -0.04, -5.41, 20.84
3.84, 0.0060, 5.72, 5.02, -0.04, -5.31, 20.26
3.85, 0.0070, 5.72, 4.99, -0.04, -5.03, 19.82
3.85, 0.0070, 5.72, 4.96, -0.04, -4.46, 19.67
3.86, 0.0060, 5.72, 4.93, -0.04, -3.87, 20.19
3.86, 0.0060, 5.72, 4.91, -0.04, -3.55, 20.90
3.87, 0.0070, 5.72, 4.89, -0.04, -3.61, 21.12
3.88, 0.0060, 5.72, 4.86, -0.04, -3.83, 20.49
3.88, 0.0060, 5.72, 4.84, -0.04, -3.96, 19.60
3.89, 0.0080, 5.72, 4.81, -0.04, -3.93, 18.85
3.90, 0.0060, 5.72, 4.79, -0.04, -3.66, 18.29
3.90, 0.0060, 5.72, 4.77, -0.04, -3.27, 18.40
3.91, 0.0070, 5.72, 4.75, -0.04, -2.91, 18.77
3.92, 0.0060, 5.72, 4.73, -0.04, -2.55, 19.10
3.92, 0.0060, 5.72, 4.72, -0.04, -2.19, 19.50
3.93, 0.0080, 5.72, 4.70, -0.04, -1.84, 19.95
3.94, 0.0060, 5.72, 4.69, -0.04, -1.51, 20.36
3.94, 0.0060, 5.72, 4.69, -0.04, -1.26, 20.85
3.95, 0.0070, 5.72, 4.68, -0.04, -1.09, 21.20
3.95, 0.0060, 5.72, 4.67, -0.04, -0.99, 21.38
3.96, 0.0060, 5.72, 4.67, -0.04, -0.90, 21.47
3.97, 0.0070, 5.72, 4.66, -0.04, -0.80, 21.54
3.97, 0.0070, 5.72, 4.66, -0.04, -0.68, 21.62
3.98, 0.0060, 5.72, 4.65, -0.04, -0.55, 21.77
3.99, 0.0070, 5.72, 4.65, -0.04, -0.40, 21.97
3.99, 0.0060, 5.72, 4.65, -0.04, -0.26, 22.20
4.00, 0.0060, 5.72, 4.65, -0.04, -0.11, 22.45
4.01, 0.0070, 5.72, 4.65, -0.04, 0.04, 22.74
4.01, 0.0060, 5.72, 4.65, -0.04, 0.17, 23.05
4.02, 0.0070, 5.72, 4.65, -0.04, 0.23, 23.33
4.03, 0.0070, 5.72, 4.65, -0.04, 0.21, 23.49
4.03, 0.0060, 5.72, 4.65, -0.04, 0.15, 23.47
4.04, 0.0060, 5.72, 4.65, -0.04, -0.02, 23.36
4.05, 0.0070, 5.72, 4.65, -0.04, -0.32, 23.02
4.05, 0.0060, 5.72, 4.65, -0.04, -0.47, 22.38
4.06, 0.0070, 5.72, 4.65, -0.04, -0.29, 22.02
4.07, 0.0060, 5.72, 4.65, -0.04, 0.24, 22.34
4.07, 0.0070, 5.72, 4.65, -0.04, 0.82, 23.43
4.08, 0.0060, 5.72, 4.66, -0.04, 1.15, 24.71
4.08, 0.0060, 5.72, 4.67, -0.04, 1.13, 25.51
4.09, 0.0070, 5.72, 4.67, -0.04, 0.76, 25.59
4.10, 0.0060, 5.72, 4.67, -0.04, 0.35, 24.97
4.10, 0.0070, 5.72, 4.68, -0.04, 0.18, 24.19
4.11, 0.0070, 5.72, 4.68, -0.04, 0.22, 23.87
4.12, 0.0060, 5.72, 4.68, -0.04, 0.32, 23.99
4.12, 0.0060, 5.72, 4.68, -0.04, 0.40, 24.23
4.13, 0.0070, 5.72, 4.68, -0.04, 0.36, 24.43
4.14, 0.0060, 5.72, 4.69, -0.04, 0.27, 24.40
4.14, 0.0070, 5.72, 4.69, -0.04, 0.20, 24.24
4.15, 0.0070, 5.72, 4.69, -0.04, 0.19, 24.13
4.16, 0.0060, 5.72, 4.69, -0.04, 0.24, 24.15
4.16, 0.0060, 5.72, 4.69, -0.04, 0.28, 24.27
4.17, 0.0070, 5.72, 4.69, -0.04, 0.29, 24.39
4.17, 0.0060, 5.72, 4.70, -0.04, 0.27, 24.46
4.18, 0.0060, 5.72, 4.70, -0.04, 0.24, 24.44
4.19, 0.0080, 5.72, 4.70, -0.04, 0.28, 24.41
4.19, 0.0060, 5.72, 4.70, -0.04, 0.36, 24.53
4.20, 0.0060, 5.72, 4.70, -0.04, 0.38, 24.74
4.21, 0.0060, 5.72, 4.70, -0.04, 0.28, 24.83
4.21, 0.0070, 5.72, 4.71, -0.04, 0.11, 24.66
4.22, 0.0060, 5.72, 4.71, -0.04, -0.02, 24.32
4.23, 0.0060, 5.72, 4.71, -0.04, 0.00, 24.08
4.23, 0.0080, 5.72, 4.71, -0.04, 0.12, 24.12
4.24, 0.0060, 5.72, 4.71, -0.04, 0.25, 24.37
4.25, 0.0060, 5.72, 4.71, -0.04, 0.31, 24.66
4.25, 0.0070, 5.72, 4.71, -0.04, 0.28, 24.81
4.26, 0.0060, 5.72, 4.71, -0.04, 0.18, 24.80
4.26, 0.0060, 5.72, 4.71, -0.04, -0.02, 24.61
4.27, 0.0080, 5.72, 4.71, -0.04, -0.26, 24.22
4.28, 0.0060, 5.72, 4.71, -0.04, -0.40, 23.68
4.28, 0.0060, 5.72, 4.71, -0.04, -0.33, 23.36
4.29, 0.0070, 5.72, 4.71, -0.04, -0.10, 23.46
4.30, 0.0060, 5.72, 4.71, -0.04, 0.14, 23.90
4.30, 0.0060, 5.72, 4.71, -0.04, 0.26, 24.41
4.31, 0.0070, 5.72, 4.71, -0.04, 0.25, 24.67
4.32, 0.0070, 5.72, 4.71, -0.04, 0.13, 24.68
4.32, 0.0060, 5.72, 4.71, -0.04, 0.03, 24.48
4.33, 0.0060, 5.72, 4.71, -0.04, -0.00, 24.28
4.34, 0.0070, 5.72, 4.71, -0.04, 0.02, 24.21
4.34, 0.0060, 5.72, 4.71, -0.04, 0.05, 24.25
4.35, 0.0060, 5.72, 4.71, -0.04, 0.05, 24.32
4.36, 0.0080, 5.72, 4.71, -0.04, 0.03, 24.34
4.36, 0.0060, 5.72, 4.71, -0.04, 0.02, 24.30
4.37, 0.0060, 5.72, 4.71, -0.04, 0.02, 24.27
4.38, 0.0070, 5.72, 4.71, -0.04, 0.05, 24.28
4.38, 0.0060, 5.72, 4.71, -0.04, 0.04, 24.35
4.39, 0.0060, 5.72, 4.71, -0.04, -0.02, 24.33
4.40, 0.0070, 5.72, 4.71, -0.04, -0.07, 24.22
4.40, 0.0070, 5.72, 4.71, -0.04, -0.07, 24.09
4.41, 0.0060, 5.72, 4.71, -0.04, -0.01, 24.09
4.41, 0.0060, 5.72, 4.71, -0.04, 0.05, 24.21
4.42, 0.0070, 5.72, 4.71, -0.04, 0.06, 24.33
4.43, 0.0060, 5.72, 4.71, -0.04, 0.03, 24.35
4.43, 0.0060, 5.72, 4.71, -0.04, -0.00, 24.30
4.44, 0.0070, 5.72, 4.71, -0.04, -0.01, 24.24
4.45, 0.0070, 5.72, 4.71, -0.04, -0.01, 24.22
4.45, 0.0060, 5.72, 4.71, -0.04, -0.00, 24.22
4.46, 0.0070, 5.72, 4.71, -0.04, 0.01, 24.24
4.47, 0.0060, 5.72, 4.71, -0.04, 0.01, 24.27
4.47, 0.0060, 5.72, 4.71, -0.04, -0.02, 24.27
4.48, 0.0070, 5.72, 4.71, -0.04, -0.05, 24.21
4.49, 0.0070, 5.72, 4.71, -0.04, -0.06, 24.13
4.49, 0.0060, 5.72, 4.71, -0.04, -0.05, 24.10
4.50, 0.0070, 5.72, 4.71, -0.04, -0.03, 24.13
4.50, 0.0060, 5.72, 4.71, -0.04, -0.01, 24.17
4.51, 0.0060, 5.72, 4.71, -0.04, -0.00, 24.19
4.52, 0.0070, 5.72, 4.71, -0.04, 0.01, 24.21
4.52, 0.0060, 5.72, 4.71, -0.04, 0.02, 24.23
4.53, 0.0070, 5.72, 4.71, -0.04, 0.03, 24.25
4.54, 0.0070, 5.72, 4.71, -0.04, 0.04, 24.27
4.54, 0.0060, 5.72, 4.71, -0.04, 0.05, 24.31
4.55, 0.0060, 5.72, 4.71, -0.04, 0.04, 24.33
4.56, 0.0070, 5.72, 4.71, -0.04, 0.02, 24.32
4.56, 0.0060, 5.72, 4.71, -0.04, 0.01, 24.29
4.57, 0.0070, 5.72, 4.71, -0.04, 0.00, 24.26
4.58, 0.0070, 5.72, 4.71, -0.04, -0.01, 24.25
4.58, 0.0060, 5.72, 4.71, -0.04, -0.02, 24.23
4.59, 0.0060, 5.72, 4.71, -0.04, -0.04, 24.19
4.59, 0.0070, 5.72, 4.71, -0.04, -0.05, 24.15
4.60, 0.0060, 5.72, 4.71, -0.04, -0.05, 24.13
4.61, 0.0060, 5.72, 4.71, -0.04, -0.04, 24.13
4.61, 0.0080, 5.72, 4.71, -0.04, -0.02, 24.14
4.62, 0.0060, 5.72, 4.71, -0.04, -0.01, 24.17
4.63, 0.0060, 5.72, 4.71, -0.04, -0.00, 24.19
4.63, 0.0060, 5.72, 4.71, -0.04, -0.01, 24.20
4.64, 0.0070, 5.72, 4.71, -0.04, -0.02, 24.19
4.65, 0.0060, 5.72, 4.71, -0.04, -0.03, 24.16
4.65, 0.0060, 5.72, 4.71, -0.04, -0.03, 24.14
4.66, 0.0080, 5.72, 4.71, -0.04, -0.02, 24.15
4.67, 0.0060, 5.72, 4.71, -0.04, -0.01, 24.16
4.67, 0.0060, 5.72, 4.71, -0.04, 0.01, 24.18
4.68, 0.0070, 5.72, 4.71, -0.04, 0.02, 24.21
4.69, 0.0060, 5.72, 4.71, -0.04, 0.04, 24.25
4.69, 0.0070, 5.72, 4.71, -0.04, 0.05, 24.28
4.70, 0.0070, 5.72, 4.71, -0.04, 0.05, 24.31
4.71, 0.0060, 5.72, 4.71, -0.04, 0.06, 24.33
4.71, 0.0060, 5.72, 4.71, -0.04, 0.05, 24.34
4.72, 0.0070, 5.72, 4.71, -0.04, 0.03, 24.33
4.72, 0.0060, 5.72, 4.71, -0.04, 0.01, 24.30
4.73, 0.0060, 5.72, 4.71, -0.04, -0.02, 24.25
4.74, 0.0070, 5.72, 4.71, -0.04, -0.03, 24.20
4.74, 0.0070, 5.72, 4.71, -0.04, -0.03, 24.17
4.75, 0.0060, 5.72, 4.71, -0.04, -0.02, 24.17
4.76, 0.0070, 5.72, 4.71, -0.04, -0.00, 24.18
4.76, 0.0060, 5.72, 4.71, -0.04, 0.01, 24.22
4.77, 0.0060, 5.72, 4.71, -0.04, 0.02, 24.25
4.78, 0.0070, 5.72, 4.71, -0.04, 0.02, 24.27
4.78, 0.0070, 5.72, 4.71, -0.04, 0.02, 24.28
4.79, 0.0060, 5.72, 4.71, -0.04, 0.02, 24.28
4.80, 0.0070, 5.72, 4.71, -0.04, 0.02, 24.28
4.80, 0.0060, 5.72, 4.71, -0.04, 0.02, 24.28
4.81, 0.0060, 5.72, 4.71, -0.04, 0.02, 24.28
4.82, 0.0070, 5.72, 4.71, -0.04, 0.03, 24.29
4.82, 0.0060, 5.72, 4.71, -0.04, 0.03, 24.31
4.83, 0.0070, 5.72, 4.71, -0.04, 0.04, 24.32
4.84, 0.0070, 5.72, 4.71, -0.04, 0.04, 24.33
4.84, 0.0060, 5.72, 4.71, -0.04, 0.04, 24.34
4.85, 0.0060, 5.72, 4.71, -0.04, 0.04, 24.34
4.85, 0.0070, 5.72, 4.71, -0.04, 0.04, 24.35
4.86, 0.0060, 5.72, 4.71, -0.04, 0.03, 24.35
4.87, 0.0070, 5.72, 4.71, -0.04, 0.03, 24.34
4.87, 0.0070, 5.72, 4.71, -0.04, 0.02, 24.34
4.88, 0.0060, 5.72, 4.71, -0.04, 0.01, 24.32
4.89, 0.0060, 5.72, 4.71, -0.04, -0.00, 24.30
4.89, 0.0070, 5.72, 4.71, -0.04, -0.01, 24.28
4.90, 0.0060, 5.72, 4.71, -0.04, -0.01, 24.27
4.91, 0.0060, 5.72, 4.71, -0.04, -0.01, 24.27
4.91, 0.0080, 5.72, 4.71, -0.04, -0.01, 24.27
4.92, 0.0060, 5.72, 4.71, -0.04, -0.00, 24.27
4.93, 0.0060, 5.72, 4.71, -0.04, 0.00, 24.28
4.93, 0.0070, 5.72, 4.71, -0.04, 0.01, 24.29
4.94, 0.0060, 5.72, 4.71, -0.04, 0.01, 24.30
4.95, 0.0060, 5.72, 4.71, -0.04, 0.01, 24.30
4.95, 0.0070, 5.72, 4.71, -0.04, 0.02, 24.31
4.96, 0.0070, 5.72, 4.71, -0.04, 0.02, 24.32
4.97, 0.0060, 5.72, 4.71, -0.04, 0.02, 24.33
4.97, 0.0070, 5.72, 4.71, -0.04, 0.02, 24.33
4.98, 0.0060, 5.72, 4.72, -0.04, 0.03, 24.34
4.98, 0.0060, 5.72, 4.72, -0.04, 0.03, 24.35
4.99, 0.0070, 5.72, 4.72, -0.04, 0.03, 24.36
5.00, 0.0070, 5.72, 4.72, -0.04, 0.03, 24.36
5.00, 0.0060, 5.72, 4.72, -0.04, 0.02, 24.36
5.01, 0.0070, 5.72, 4.72, -0.04, 0.01, 24.36
5.02, 0.0060, 5.72, 4.72, -0.04, 0.00, 24.34
5.02, 0.0060, 5.72, 4.72, -0.04, 0.06, 24.32
5.03, 0.0070, 5.72, 4.72, -0.04, 0.00, 24.43
5.04, 0.0060, 5.72, 4.72, -0.04, -0.07, 24.32
5.04, 0.0070, 5.72, 4.72, -0.04, 0.03, 24.18
5.05, 0.0070, 5.72, 4.72, -0.04, 0.14, 24.39
5.05, 0.0060, 5.72, 4.72, -0.04, 0.14, 24.61
5.06, 0.0060, 5.72, 4.72, -0.04, 0.09, 24.64
5.07, 0.0070, 5.72, 4.72, -0.04, 0.02, 24.55
5.07, 0.0060, 5.72, 4.72, -0.04, -0.03, 24.42
5.08, 0.0070, 5.72, 4.72, -0.04, -0.09, 24.30
5.09, 0.0070, 5.72, 4.72, -0.04, -0.18, 24.17
5.09, 0.0060, 5.72, 4.71, -0.04, -0.29, 23.97
5.10, 0.0060, 5.72, 4.71, -0.04, -0.43, 23.70
5.11, 0.0070, 5.72, 4.71, -0.04, -0.58, 23.38
5.11, 0.0060, 5.72, 4.70, -0.04, -0.72, 23.00
5.12, 0.0060, 5.72, 4.70, -0.04, -0.84, 22.63
5.13, 0.0080, 5.72, 4.69, -0.04, -0.95, 22.29
5.13, 0.0060, 5.72, 4.68, -0.04, -1.04, 21.93
5.14, 0.0060, 5.72, 4.68, -0.04, -1.15, 21.61
5.15, 0.0060, 5.72, 4.67, -0.04, -1.24, 21.26
5.15, 0.0070, 5.72, 4.66, -0.04, -1.31, 20.92
5.16, 0.0060, 5.72, 4.65, -0.04, -1.35, 20.60
5.17, 0.0060, 5.72, 4.64, -0.04, -1.38, 20.36
5.17, 0.0080, 5.72, 4.63, -0.04, -1.41, 20.14
5.18, 0.0060, 5.72, 4.62, -0.04, -1.44, 19.86
5.19, 0.0060, 5.72, 4.62, -0.04, -1.48, 19.62
5.19, 0.0070, 5.72, 4.61, -0.04, -1.50, 19.37
5.20, 0.0060, 5.72, 4.60, -0.04, -1.52, 19.11
5.20, 0.0060, 5.72, 4.59, -0.04, -1.53, 18.88
5.21, 0.0080, 5.72, 4.58, -0.04, -1.53, 18.68
5.22, 0.0060, 5.72, 4.57, -0.04, -1.59, 18.44
5.22, 0.0060, 5.72, 4.56, -0.04, -1.53, 18.13
5.23, 0.0070, 5.72, 4.55, -0.04, -1.44, 18.07
5.24, 0.0060, 5.72, 4.54, -0.04, -1.53, 18.04
5.24, 0.0060, 5.72, 4.53, -0.04, -1.62, 17.68
5.25, 0.0070, 5.72, 4.52, -0.04, -1.63, 17.31
5.26, 0.0070, 5.72, 4.50, -0.04, -1.58, 17.07
5.26, 0.0070, 5.72, 4.49, -0.04, -1.52, 16.94
5.27, 0.0060, 5.72, 4.49, -0.04, -1.47, 16.84
5.28, 0.0060, 5.72, 4.48, -0.04, -1.40, 16.77
5.28, 0.0070, 5.72, 4.47, -0.04, -1.29, 16.74
5.29, 0.0060, 5.72, 4.46, -0.04, -1.13, 16.78
5.30, 0.0070, 5.72, 4.45, -0.04, -0.95, 16.96
5.30, 0.0070, 5.72, 4.45, -0.04, -0.75, 17.20
5.31, 0.0060, 5.72, 4.45, -0.04, -0.58, 17.48
5.32, 0.0060, 5.72, 4.44, -0.04, -0.46, 17.75
5.32, 0.0070, 5.72, 4.44, -0.04, -0.35, 17.95
5.33, 0.0060, 5.72, 4.44, -0.04, -0.24, 18.11
5.34, 0.0060, 5.72, 4.44, -0.04, -0.11, 18.30
5.34, 0.0080, 5.72, 4.44, -0.04, 0.05, 18.56
5.35, 0.0060, 5.72, 4.44, -0.04, 0.20, 18.87
5.35, 0.0060, 5.72, 4.44, -0.04, 0.33, 19.19
5.36, 0.0070, 5.72, 4.45, -0.04, 0.46, 19.51
5.37, 0.0060, 5.72, 4.45, -0.04, 0.59, 19.84
5.37, 0.0060, 5.72, 4.45, -0.04, 0.72, 20.16
5.38, 0.0080, 5.72, 4.46, -0.04, 0.84, 20.50
5.39, 0.0060, 5.72, 4.47, -0.04, 0.95, 20.87
5.39, 0.0060, 5.72, 4.47, -0.04, 1.06, 21.21
5.40, 0.0070, 5.72, 4.48, -0.04, 1.18, 21.57
5.41, 0.0060, 5.72, 4.49, -0.04, 1.31, 21.97
5.41, 0.0060, 5.72, 4.50, -0.04, 1.43, 22.38
5.42, 0.0070, 5.72, 4.51, -0.04, 1.53, 22.79
5.43, 0.0070, 5.72, 4.52, -0.04, 1.56, 23.22
5.43, 0.0060, 5.72, 4.53, -0.04, 1.60, 23.49
5.44, 0.0070, 5.72, 4.54, -0.04, 1.82, 23.77
5.44, 0.0060, 5.72, 4.55, -0.04, 2.00, 24.44
5.45, 0.0060, 5.72, 4.56, -0.04, 1.93, 25.05
5.46, 0.0070, 5.72, 4.58, -0.04, 1.59, 25.14
5.46, 0.0060, 5.72, 4.58, -0.04, 1.14, 24.69
5.47, 0.0070, 5.72, 4.59, -0.04, 0.73, 23.93
5.48, 0.0070, 5.72, 4.59, -0.04, 0.52, 23.21
5.48, 0.0060, 5.72, 4.59, -0.04, 0.58, 22.86
5.49, 0.0060, 5.72, 4.60, -0.04, 0.85, 23.04
5.50, 0.0070, 5.72, 4.61, -0.04, 1.21, 23.68
5.50, 0.0060, 5.72, 4.62, -0.04, 1.45, 24.59
5.51, 0.0070, 5.72, 4.63, -0.04, 1.43, 25.23
5.52, 0.0070, 5.72, 4.64, -0.04, 1.25, 25.39
5.52, 0.0060, 5.72, 4.64, -0.04, 1.05, 25.21
5.53, 0.0060, 5.72, 4.65, -0.04, 0.87, 24.93
5.53, 0.0070, 5.72, 4.65, -0.04, 0.78, 24.68
5.54, 0.0060, 5.72, 4.66, -0.04, 0.82, 24.60
5.55, 0.0060, 5.72, 4.66, -0.04, 0.93, 24.79
5.55, 0.0080, 5.72, 4.67, -0.04, 0.97, 25.11
5.56, 0.0060, 5.72, 4.68, -0.04, 0.86, 25.35
5.57, 0.0060, 5.72, 4.68, -0.04, 0.63, 25.24
5.57, 0.0060, 5.72, 4.68, -0.04, 0.39, 24.86
5.58, 0.0070, 5.72, 4.68, -0.04, 0.22, 24.42
5.59, 0.0060, 5.72, 4.68, -0.04, 0.15, 24.11
5.59, 0.0070, 5.72, 4.69, -0.04, 0.15, 23.99
5.60, 0.0070, 5.72, 4.69, -0.04, 0.16, 24.00
5.61, 0.0060, 5.72, 4.69, -0.04, 0.19, 24.06
5.61, 0.0060, 5.72, 4.69, -0.04, 0.19, 24.13
5.62, 0.0070, 5.72, 4.69, -0.04, 0.21, 24.16
5.63, 0.0060, 5.72, 4.69, -0.04, 0.10, 24.22
5.63, 0.0060, 5.72, 4.69, -0.04, -0.25, 24.01
5.64, 0.0080, 5.72, 4.68, -0.04, -0.55, 23.28
5.65, 0.0060, 5.72, 4.68, -0.04, -0.54, 22.60
5.65, 0.0060, 5.72, 4.68, -0.04, -0.20, 22.55
5.66, 0.0070, 5.72, 4.68, -0.04, 0.28, 23.21
5.66, 0.0060, 5.72, 4.69, -0.04, 0.72, 24.22
5.67, 0.0060, 5.72, 4.69, -0.04, 0.96, 25.18
5.68, 0.0080, 5.72, 4.70, -0.04, 0.91, 25.78
5.68, 0.0060, 5.72, 4.70, -0.04, 0.58, 25.83
5.69, 0.0060, 5.72, 4.70, -0.04, 0.16, 25.24
5.70, 0.0070, 5.72, 4.70, -0.04, -0.04, 24.40
5.70, 0.0060, 5.72, 4.70, -0.04, 0.09, 24.00
5.71, 0.0060, 5.72, 4.71, -0.04, 0.30, 24.27
5.72, 0.0060, 5.72, 4.71, -0.04, 0.42, 24.73
5.72, 0.0080, 5.72, 4.71, -0.04, 0.40, 25.02
5.73, 0.0060, 5.72, 4.71, -0.04, 0.26, 25.05
5.74, 0.0060, 5.72, 4.71, -0.04, -0.05, 24.80
5.74, 0.0070, 5.72, 4.71, -0.04, -0.48, 24.17
5.75, 0.0060, 5.72, 4.70, -0.04, -0.96, 23.25
5.76, 0.0060, 5.72, 4.70, -0.04, -1.42, 22.16
5.76, 0.0070, 5.72, 4.68, -0.04, -1.85, 21.08
5.77, 0.0070, 5.72, 4.67, -0.04, -2.29, 19.96
5.78, 0.0070, 5.72, 4.65, -0.04, -2.74, 18.76
5.78, 0.0060, 5.72, 4.63, -0.04, -3.19, 17.48
5.79, 0.0060, 5.72, 4.61, -0.04, -3.59, 16.20
5.79, 0.0070, 5.72, 4.58, -0.04, -3.98, 14.96
5.80, 0.0060, 5.72, 4.55, -0.04, -4.42, 13.63
5.81, 0.0070, 5.72, 4.52, -0.04, -4.91, 12.22
5.81, 0.0070, 5.72, 4.48, -0.04, -5.39, 10.55
5.82, 0.0060, 5.72, 4.45, -0.04, -5.79, 8.82
5.83, 0.0060, 5.72, 4.41, -0.04, -6.10, 7.34
5.83, 0.0070, 5.72, 4.36, -0.04, -6.36, 5.99
5.84, 0.0060, 5.72, 4.32, -0.04, -6.62, 4.57
5.85, 0.0060, 5.72, 4.28, -0.04, -6.86, 3.27
5.85, 0.0070, 5.72, 4.23, -0.04, -7.09, 1.96
5.86, 0.0070, 5.72, 4.18, -0.04, -7.29, 0.51
5.86, 0.0060, 5.72, 4.14, -0.04, -7.56, -0.93
5.87, 0.0060, 5.72, 4.09, -0.04, -7.86, -2.35
5.88, 0.0070, 5.72, 4.03, -0.04, -8.21, -3.91
5.88, 0.0060, 5.72, 3.98, -0.04, -8.63, -5.76
5.89, 0.0070, 5.72, 3.92, -0.04, -9.17, -7.63
5.90, 0.0070, 5.72, 3.85, -0.04, -9.77, -10.00
5.90, 0.0060, 5.72, 3.79, -0.04, -10.23, -12.55
5.91, 0.0060, 5.72, 3.72, -0.04, -10.51, -14.72
5.92, 0.0070, 5.72, 3.65, -0.04, -10.65, -16.54
5.92, 0.0060, 5.72, 3.59, -0.04, -10.76, -18.29
5.93, 0.0070, 5.72, 3.51, -0.04, -10.92, -19.81
5.94, 0.0070, 5.72, 3.43, -0.04, -11.12, -21.67
5.94, 0.0060, 5.72, 3.36, -0.04, -11.26, -23.61
5.95, 0.0070, 5.72, 3.28, -0.04, -11.32, -25.26
5.96, 0.0060, 5.72, 3.22, -0.04, -11.27, -26.95
5.96, 0.0070, 5.72, 3.14, -0.04, -11.19, -28.21
5.97, 0.0060, 5.72, 3.07, -0.04, -11.16, -29.62
5.98, 0.0060, 5.72, 3.00, -0.04, -11.19, -30.90
5.98, 0.0080, 5.72, 2.91, -0.04, -11.30, -32.30
5.99, 0.0060, 5.72, 2.85, -0.04, -11.39, -34.32
6.00, 0.0060, 5.72, 2.78, -0.04, -11.41, -35.87
6.00, 0.0070, 5.72, 2.70, -0.04, -11.35, -37.27
6.01, 0.0060, 5.72, 2.63, -0.04, -11.25, -38.74
6.02, 0.0070, 5.72, 2.55, -0.04, -11.18, -39.90
6.02, 0.0070, 5.72, 2.47, -0.04, -11.14, -41.32
6.03, 0.0060, 5.72, 2.41, -0.04, -11.14, -42.81
6.03, 0.0070, 5.72, 2.33, -0.04, -11.14, -44.15
6.04, 0.0060, 5.72, 2.26, -0.04, -11.11, -45.70
6.05, 0.0070, 5.72, 2.19, -0.04, -11.05, -46.97
6.05, 0.0060, 5.72, 2.12, -0.04, -10.96, -48.39
6.06, 0.0060, 5.72, 2.05, -0.04, -10.86, -49.53
6.07, 0.0080, 5.72, 1.97, -0.04, -10.76, -50.63
6.07, 0.0060, 5.72, 1.90, -0.04, -10.61, -52.16
6.08, 0.0070, 5.72, 1.83, -0.04, -10.34, -53.13
6.09, 0.0060, 5.72, 1.77, -0.04, -9.90, -54.03
6.09, 0.0060, 5.72, 1.72, -0.04, -9.36, -54.34
6.10, 0.0070, 5.72, 1.65, -0.04, -8.84, -54.40
6.11, 0.0070, 5.72, 1.60, -0.04, -8.43, -54.59
6.11, 0.0060, 5.72, 1.55, -0.04, -8.13, -54.95
6.12, 0.0070, 5.72, 1.49, -0.04, -7.84, -55.32
6.13, 0.0060, 5.72, 1.45, -0.04, -7.46, -55.85
6.13, 0.0060, 5.72, 1.41, -0.04, -6.94, -55.98
6.14, 0.0070, 5.72, 1.36, -0.04, -6.33, -55.77
6.15, 0.0060, 5.72, 1.33, -0.04, -5.71, -55.44
6.15, 0.0070, 5.72, 1.29, -0.04, -5.08, -54.88
6.16, 0.0070, 5.72, 1.26, -0.04, -4.40, -54.34
6.17, 0.0060, 5.72, 1.24, -0.04, -3.67, -53.59
6.17, 0.0060, 5.72, 1.22, -0.04, -2.93, -52.58
6.18, 0.0070, 5.72, 1.21, -0.04, -2.27, -51.43
6.18, 0.0060, 5.72, 1.19, -0.04, -1.72, -50.43
6.19, 0.0070, 5.72, 1.19, -0.04, -1.26, -49.56
6.20, 0.0070, 5.72, 1.18, -0.04, -0.77, -48.79
6.20, 0.0060, 5.72, 1.18, -0.04, -0.23, -47.94
6.21, 0.0060, 5.72, 1.18, -0.04, 0.37, -46.87
6.22, 0.0070, 5.72, 1.19, -0.04, 0.97, -45.62
6.22, 0.0060, 5.72, 1.20, -0.04, 1.51, -44.30
6.23, 0.0060, 5.72, 1.21, -0.04, 2.00, -43.04
6.24, 0.0080, 5.72, 1.23, -0.04, 2.45, -41.81
6.24, 0.0060, 5.72, 1.25, -0.04, 2.86, -40.53
6.25, 0.0060, 5.72, 1.27, -0.04, 3.20, -39.37
6.26, 0.0070, 5.72, 1.29, -0.04, 3.48, -38.29
6.26, 0.0060, 5.72, 1.31, -0.04, 3.75, -37.25
6.27, 0.0060, 5.72, 1.34, -0.04, 4.03, -36.25
6.28, 0.0080, 5.72, 1.37, -0.04, 4.27, -35.22
6.28, 0.0060, 5.72, 1.40, -0.04, 4.43, -34.04
6.29, 0.0060, 5.72, 1.42, -0.04, 4.48, -33.19
6.30, 0.0070, 5.72, 1.46, -0.04, 4.47, -32.55
6.30, 0.0060, 5.72, 1.48, -0.04, 4.47, -31.95
6.31, 0.0060, 5.72, 1.51, -0.04, 4.51, -31.41
6.32, 0.0070, 5.72, 1.54, -0.04, 4.55, -30.80
6.32, 0.0070, 5.72, 1.57, -0.04, 4.56, -30.07
6.33, 0.0070, 5.72, 1.60, -0.04, 4.48, -29.42
6.33, 0.0060, 5.72, 1.63, -0.04, 4.34, -28.96
6.34, 0.0060, 5.72, 1.66, -0.04, 4.18, -28.71
6.35, 0.0070, 5.72, 1.68, -0.04, 3.96, -28.53
6.35, 0.0060, 5.72, 1.70, -0.04, 3.63, -28.42
6.36, 0.0060, 5.72, 1.72, -0.04, 3.17, -28.65
6.37, 0.0080, 5.72, 1.74, -0.04, 2.59, -29.18
6.37, 0.0060, 5.72, 1.76, -0.04, 2.01, -29.93
6.38, 0.0060, 5.72, 1.77, -0.04, 1.51, -30.86
6.39, 0.0060, 5.72, 1.77, -0.04, 1.12, -31.66
6.39, 0.0070, 5.72, 1.78, -0.04, 0.77, -32.32
6.40, 0.0060, 5.72, 1.78, -0.04, 0.38, -32.91
6.41, 0.0070, 5.72, 1.78, -0.04, -0.09, -33.63
6.41, 0.0070, 5.72, 1.78, -0.04, -0.63, -34.59
6.42, 0.0060, 5.72, 1.77, -0.04, -1.26, -35.77
6.43, 0.0060, 5.72, 1.76, -0.04, -1.97, -37.17
6.43, 0.0070, 5.72, 1.74, -0.04, -2.75, -38.82
6.44, 0.0060, 5.72, 1.71, -0.04, -3.58, -40.77
6.45, 0.0060, 5.72, 1.69, -0.04, -4.35, -42.85
6.45, 0.0080, 5.72, 1.65, -0.04, -4.98, -44.92
6.46, 0.0060, 5.72, 1.62, -0.04, -5.41, -46.99
6.46, 0.0070, 5.72, 1.58, -0.04, -5.68, -48.49
6.47, 0.0060, 5.72, 1.54, -0.04, -5.88, -49.82
6.48, 0.0060, 5.72, 1.50, -0.04, -6.20, -50.94
6.48, 0.0070, 5.72, 1.46, -0.04, -6.70, -52.31
6.49, 0.0070, 5.72, 1.41, -0.04, -7.36, -54.25
6.50, 0.0060, 5.72, 1.36, -0.04, -8.03, -56.61
6.50, 0.0070, 5.72, 1.30, -0.04, -8.55, -58.90
6.51, 0.0060, 5.72, 1.24, -0.04, -8.92, -61.15
6.52, 0.0060, 5.72, 1.19, -0.04, -9.13, -62.95
6.52, 0.0070, 5.72, 1.12, -0.04, -9.29, -64.48
6.53, 0.0060, 5.72, 1.07, -0.04, -9.43, -66.09
6.54, 0.0070, 5.72, 1.00, -0.04, -9.53, -67.50
6.54, 0.0070, 5.72, 0.93, -0.04, -9.54, -69.05
6.55, 0.0060, 5.72, 0.88, -0.04, -9.47, -70.39
6.55, 0.0060, 5.72, 0.82, -0.04, -9.36, -71.38
6.56, 0.0070, 5.72, 0.76, -0.04, -9.24, -72.29
6.57, 0.0060, 5.72, 0.70, -0.04, -9.13, -73.34
6.57, 0.0070, 5.72, 0.64, -0.04, -9.03, -74.21
6.58, 0.0070, 5.72, 0.58, -0.04, -8.92, -75.29
6.59, 0.0060, 5.72, 0.52, -0.04, -8.76, -76.31
6.59, 0.0060, 5.72, 0.47, -0.04, -8.49, -77.04
6.60, 0.0070, 5.72, 0.42, -0.04, -8.10, -77.53
6.61, 0.0060, 5.72, 0.37, -0.04, -7.63, -77.88
6.61, 0.0060, 5.72, 0.33, -0.04, -7.10, -77.85
6.62, 0.0080, 5.72, 0.28, -0.04, -6.58, -77.65
6.63, 0.0060, 5.72, 0.24, -0.04, -6.05, -77.65
6.63, 0.0060, 5.72, 0.21, -0.04, -5.49, -77.33
6.64, 0.0070, 5.72, 0.17, -0.04, -4.88, -76.87
6.65, 0.0060, 5.72, 0.15, -0.04, -4.21, -76.32
6.65, 0.0060, 5.72, 0.12, -0.04, -3.62, -75.49
6.66, 0.0080, 5.72, 0.10, -0.04, -3.16, -74.75
6.67, 0.0060, 5.72, 0.08, -0.04, -2.84, -74.32
6.67, 0.0060, 5.72, 0.07, -0.04, -2.51, -74.02
6.68, 0.0070, 5.72, 0.05, -0.04, -2.01, -73.68
6.68, 0.0060, 5.72, 0.05, -0.04, -1.33, -72.96
6.69, 0.0060, 5.72, 0.04, -0.04, -0.57, -71.76
6.70, 0.0070, 5.72, 0.04, -0.04, 0.08, -70.30
6.70, 0.0070, 5.72, 0.05, -0.04, 0.64, -68.98
6.71, 0.0060, 5.72, 0.05, -0.04, 0.99, -67.78
6.72, 0.0070, 5.72, 0.06, -0.04, 1.27, -66.97
6.72, 0.0060, 5.72, 0.07, -0.04, 1.54, -66.24
6.73, 0.0060, 5.72, 0.08, -0.04, 1.83, -65.50
6.74, 0.0070, 5.72, 0.10, -0.04, 2.19, -64.69
6.74, 0.0060, 5.72, 0.11, -0.04, 2.52, -63.66
6.75, 0.0070, 5.72, 0.13, -0.04, 2.80, -62.71
6.76, 0.0070, 5.72, 0.15, -0.04, 3.02, -61.77
6.76, 0.0060, 5.72, 0.17, -0.04, 3.18, -60.91
6.77, 0.0060, 5.72, 0.19, -0.04, 3.31, -60.21
6.78, 0.0070, 5.72, 0.22, -0.04, 3.41, -59.55
6.78, 0.0060, 5.72, 0.24, -0.04, 3.47, -58.86
6.79, 0.0070, 5.72, 0.26, -0.04, 3.50, -58.33
6.80, 0.0070, 5.72, 0.29, -0.04, 3.45, -57.78
6.80, 0.0060, 5.72, 0.31, -0.04, 3.34, -57.39
6.81, 0.0060, 5.72, 0.32, -0.04, 3.15, -57.21
6.81, 0.0070, 5.72, 0.34, -0.04, 2.94, -57.20
6.82, 0.0060, 5.72, 0.36, -0.04, 2.72, -57.22
6.83, 0.0060, 5.72, 0.38, -0.04, 2.57, -57.33
6.83, 0.0080, 5.72, 0.39, -0.04, 2.28, -57.33
6.84, 0.0060, 5.72, 0.41, -0.04, 1.82, -57.55
6.85, 0.0060, 5.72, 0.41, -0.04, 1.25, -58.23
6.85, 0.0070, 5.72, 0.42, -0.04, 0.65, -59.24
6.86, 0.0060, 5.72, 0.42, -0.04, 0.13, -60.34
6.87, 0.0060, 5.72, 0.42, -0.04, -0.24, -61.37
6.87, 0.0080, 5.72, 0.41, -0.04, -0.50, -62.14
6.88, 0.0060, 5.72, 0.41, -0.04, -0.69, -62.74
6.89, 0.0060, 5.72, 0.40, -0.04, -1.00, -63.19
6.89, 0.0070, 5.72, 0.39, -0.04, -1.52, -63.93
6.90, 0.0060, 5.72, 0.38, -0.04, -2.31, -65.19
6.91, 0.0060, 5.72, 0.36, -0.04, -3.14, -67.04
6.91, 0.0070, 5.72, 0.33, -0.04, -3.89, -69.09
6.92, 0.0070, 5.72, 0.30, -0.04, -4.45, -71.12
6.93, 0.0060, 5.72, 0.27, -0.04, -4.84, -72.88
6.93, 0.0070, 5.72, 0.24, -0.04, -5.23, -74.24
6.94, 0.0060, 5.72, 0.20, -0.04, -5.68, -75.75
6.94, 0.0070, 5.72, 0.16, -0.04, -6.20, -77.34
6.95, 0.0060, 5.72, 0.12, -0.04, -6.79, -79.23
6.96, 0.0060, 5.72, 0.07, -0.04, -7.35, -81.22
6.96, 0.0080, 5.72, 0.01, -0.04, -7.83, -83.22
6.97, 0.0060, 5.72, -0.04, -0.04, -8.27, -85.44
6.98, 0.0060, 5.72, -0.09, -0.04, -8.58, -87.32
6.98, 0.0070, 5.72, -0.15, -0.04, -8.92, -88.98
6.99, 0.0060, 5.72, -0.21, -0.04, -9.24, -90.90
7.00, 0.0060, 5.72, -0.27, -0.04, -9.59, -92.63
7.00, 0.0080, 5.72, -0.35, -0.04, -9.98, -94.49
7.01, 0.0060, 5.72, -0.41, -0.04, -10.35, -96.88
7.02, 0.0070, 5.72, -0.48, -0.04, -10.73, -98.85
7.02, 0.0060, 5.72, -0.55, -0.04, -11.11, -101.11
7.03, 0.0060, 5.72, -0.62, -0.04, -11.34, -103.21
7.03, 0.0070, 5.72, -0.70, -0.04, -11.58, -105.04
7.04, 0.0060, 5.72, -0.77, -0.04, -11.79, -107.12
7.05, 0.0080, 5.72, -0.86, -0.04, -11.94, -108.97
7.06, 0.0060, 5.72, -0.94, -0.04, -11.89, -111.17
7.06, 0.0070, 5.72, -1.02, -0.04, -11.68, -112.51
7.07, 0.0060, 5.72, -1.09, -0.04, -11.59, -113.73
7.07, 0.0070, 5.72, -1.17, -0.04, -11.80, -114.94
7.08, 0.0060, 5.72, -1.24, -0.04, -12.11, -117.01
7.09, 0.0070, 5.72, -1.33, -0.04, -12.46, -119.08
7.09, 0.0070, 5.72, -1.42, -0.04, -12.65, -121.52
7.10, 0.0060, 5.72, -1.50, -0.04, -12.78, -123.67
7.11, 0.0070, 5.72, -1.59, -0.04, -12.85, -125.46
7.11, 0.0060, 5.72, -1.66, -0.04, -12.85, -127.40
7.12, 0.0070, 5.72, -1.75, -0.04, -12.74, -128.95
7.13, 0.0060, 5.72, -1.83, -0.04, -12.61, -130.51
7.14, 0.0070, 5.72, -1.91, -0.04, -12.39, -131.76
7.14, 0.0070, 5.72, -2.00, -0.04, -12.33, -133.06
7.15, 0.0060, 5.72, -2.07, -0.04, -12.39, -134.67
7.15, 0.0070, 5.72, -2.16, -0.04, -12.47, -136.28
7.16, 0.0060, 5.72, -2.24, -0.04, -12.47, -138.17
7.17, 0.0070, 5.72, -2.32, -0.04, -12.24, -139.67
7.17, 0.0070, 5.72, -2.41, -0.04, -11.98, -140.93
7.18, 0.0070, 5.72, -2.49, -0.04, -11.90, -142.08
7.19, 0.0060, 5.72, -2.56, -0.04, -12.34, -143.58
7.19, 0.0060, 5.72, -2.64, -0.04, -13.08, -145.95
7.20, 0.0070, 5.72, -2.74, -0.04, -13.74, -149.00
7.21, 0.0060, 5.72, -2.82, -0.04, -14.07, -152.25
7.21, 0.0080, 5.72, -2.93, -0.04, -13.68, -154.58
7.22, 0.0060, 5.72, -3.01, -0.04, -12.83, -156.00
7.23, 0.0070, 5.72, -3.09, -0.04, -11.52, -155.83
7.23, 0.0060, 5.72, -3.15, -0.04, -10.58, -154.83
7.24, 0.0060, 5.72, -3.22, -0.04, -10.43, -154.22
7.25, 0.0070, 5.72, -3.29, -0.04, -10.95, -155.18
7.25, 0.0060, 5.72, -3.36, -0.04, -11.63, -157.74
7.26, 0.0080, 5.72, -3.46, -0.04, -12.12, -160.50
7.27, 0.0060, 5.72, -3.53, -0.04, -12.20, -163.41
7.27, 0.0070, 5.72, -3.61, -0.04, -11.76, -165.05
7.28, 0.0060, 5.72, -3.68, -0.04, -11.13, -165.82
7.29, 0.0070, 5.72, -3.75, -0.04, -10.40, -165.88
7.29, 0.0060, 5.72, -3.81, -0.04, -9.90, -165.89
7.30, 0.0070, 5.72, -3.88, -0.04, -9.54, -166.07
7.31, 0.0070, 5.72, -3.95, -0.04, -9.30, -166.68
7.31, 0.0060, 5.72, -4.00, -0.04, -9.16, -167.51
7.32, 0.0070, 5.72, -4.06, -0.04, -9.10, -168.33
7.32, 0.0060, 5.72, -4.12, -0.04, -9.04, -169.48
7.33, 0.0060, 5.72, -4.17, -0.04, -8.98, -170.45
7.34, 0.0070, 5.72, -4.23, -0.04, -8.72, -171.40
7.34, 0.0070, 5.72, -4.29, -0.04, -8.23, -172.10
7.35, 0.0070, 5.72, -4.34, -0.04, -7.64, -172.29
7.36, 0.0060, 5.72, -4.39, -0.04, -7.11, -172.17
7.36, 0.0060, 5.72, -4.43, -0.04, -6.87, -171.97
7.37, 0.0070, 5.72, -4.48, -0.04, -6.93, -172.31
7.38, 0.0060, 5.72, -4.52, -0.04, -6.95, -173.39
7.39, 0.0080, 5.72, -4.57, -0.04, -6.49, -174.26
7.39, 0.0060, 5.72, -4.60, -0.04, -5.54, -174.38
7.40, 0.0060, 5.72, -4.63, -0.04, -4.42, -173.15
7.40, 0.0070, 5.72, -4.65, -0.04, -3.48, -171.44
7.41, 0.0060, 5.72, -4.67, -0.04, -3.18, -170.04
7.42, 0.0070, 5.72, -4.70, -0.04, -3.45, -169.83
7.42, 0.0060, 5.72, -4.72, -0.04, -4.29, -170.84
7.43, 0.0070, 5.72, -4.76, -0.04, -4.73, -173.04
7.44, 0.0070, 5.72, -4.79, -0.04, -4.35, -174.59
7.44, 0.0060, 5.72, -4.81, -0.04, -3.42, -174.45
7.45, 0.0070, 5.72, -4.83, -0.04, -2.57, -172.98
7.46, 0.0060, 5.72, -4.84, -0.04, -2.17, -171.66
7.46, 0.0070, 5.72, -4.85, -0.04, -2.14, -171.11
7.47, 0.0070, 5.72, -4.87, -0.04, -2.38, -171.35
7.48, 0.0060, 5.72, -4.89, -0.04, -2.64, -172.17
7.48, 0.0070, 5.72, -4.91, -0.04, -2.82, -173.01
7.49, 0.0060, 5.72, -4.92, -0.04, -2.78, -173.76
7.50, 0.0070, 5.72, -4.94, -0.04, -2.60, -174.01
7.50, 0.0060, 5.72, -4.96, -0.04, -2.42, -174.01
7.51, 0.0060, 5.72, -4.97, -0.04, -2.36, -173.95
7.52, 0.0080, 5.72, -4.99, -0.04, -2.52, -174.11
7.52, 0.0060, 5.72, -5.01, -0.04, -2.77, -174.82
7.53, 0.0070, 5.72, -5.03, -0.04, -3.07, -175.66
7.53, 0.0060, 5.72, -5.05, -0.04, -3.29, -176.69
7.54, 0.0060, 5.72, -5.07, -0.04, -3.45, -177.53
7.55, 0.0070, 5.72, -5.09, -0.04, -3.59, -178.25
7.56, 0.0070, 5.72, -5.12, -0.04, -3.79, -179.04
7.56, 0.0070, 5.72, -5.15, -0.04, -4.10, -179.98
7.57, 0.0060, 5.72, -5.18, -0.04, -4.47, -181.16
7.57, 0.0070, 5.72, -5.21, -0.04, -4.86, -182.44
7.58, 0.0060, 5.72, -5.24, -0.04, -5.24, -183.90
7.59, 0.0060, 5.72, -5.27, -0.04, -5.66, -185.29
7.59, 0.0070, 5.72, -5.32, -0.04, -6.07, -186.81
7.60, 0.0070, 5.72, -5.36, -0.04, -6.55, -188.49
7.61, 0.0070, 5.72, -5.41, -0.04, -7.01, -190.36
7.61, 0.0060, 5.72, -5.46, -0.04, -7.49, -192.26
7.62, 0.0060, 5.72, -5.50, -0.04, -7.91, -194.11
7.63, 0.0070, 5.72, -5.56, -0.04, -8.30, -195.90
7.63, 0.0060, 5.72, -5.62, -0.04, -8.76, -197.84
7.64, 0.0080, 5.72, -5.69, -0.04, -9.49, -199.82
7.65, 0.0060, 5.72, -5.75, -0.04, -10.44, -202.80
7.65, 0.0060, 5.72, -5.82, -0.04, -11.50, -205.95
7.66, 0.0070, 5.72, -5.91, -0.04, -12.45, -209.45
7.67, 0.0060, 5.72, -5.99, -0.04, -13.07, -213.09
7.67, 0.0070, 5.72, -6.08, -0.04, -13.36, -215.91
7.68, 0.0060, 5.72, -6.16, -0.04, -13.52, -218.35
7.69, 0.0080, 5.72, -6.27, -0.04, -13.95, -220.29
7.69, 0.0060, 5.72, -6.36, -0.04, -14.73, -223.38
7.70, 0.0070, 5.72, -6.47, -0.04, -15.78, -226.71
7.71, 0.0060, 5.72, -6.57, -0.04, -16.76, -231.01
7.71, 0.0060, 5.72, -6.68, -0.04, -17.43, -234.99
7.72, 0.0070, 5.72, -6.80, -0.04, -17.71, -238.43
7.73, 0.0070, 5.72, -6.93, -0.04, -17.85, -241.46
7.73, 0.0070, 5.72, -7.05, -0.04, -18.24, -244.24
7.74, 0.0060, 5.72, -7.17, -0.04, -19.13, -247.57
7.75, 0.0070, 5.72, -7.31, -0.04, -20.49, -251.65
7.75, 0.0060, 5.72, -7.44, -0.04, -21.96, -257.24
7.76, 0.0070, 5.72, -7.61, -0.04, -23.18, -262.81
7.77, 0.0060, 5.72, -7.75, -0.04, -23.84, -268.50
7.77, 0.0080, 5.72, -7.94, -0.04, -24.00, -272.69
7.78, 0.0060, 5.72, -8.09, -0.04, -23.94, -276.85
7.79, 0.0060, 5.72, -8.23, -0.04, -24.14, -279.59
7.79, 0.0070, 5.72, -8.40, -0.04, -24.91, -282.89
7.80, 0.0060, 5.72, -8.56, -0.04, -26.21, -287.91
7.80, 0.0070, 5.72, -8.76, -0.04, -27.73, -293.66
7.81, 0.0070, 5.72, -8.96, -0.04, -29.15, -300.58
7.82, 0.0070, 5.72, -9.17, -0.04, -30.36, -307.50
7.83, 0.0060, 5.72, -9.36, -0.04, -31.33, -314.18
7.83, 0.0070, 5.72, -9.58, -0.04, -31.96, -319.87
7.84, 0.0060, 5.72, -9.78, -0.04, -32.28, -325.61
7.84, 0.0060, 5.72, -9.97, -0.04, -32.65, -330.13
7.85, 0.0070, 5.72, -10.21, -0.04, -33.37, -334.77
7.86, 0.0070, 5.72, -10.45, -0.04, -34.72, -340.89
7.86, 0.0070, 5.72, -10.71, -0.04, -36.39, -348.45
7.87, 0.0060, 5.72, -10.93, -0.04, -38.20, -356.88
7.88, 0.0070, 5.72, -11.21, -0.04, -39.42, -365.09
7.89, 0.0060, 5.72, -11.45, -0.04, -40.01, -373.05
7.89, 0.0070, 5.72, -11.73, -0.04, -40.23, -379.03
7.90, 0.0070, 5.72, -12.02, -0.04, -40.52, -385.11
7.91, 0.0070, 5.72, -12.30, -0.04, -41.25, -391.36
7.91, 0.0070, 5.72, -12.60, -0.04, -42.55, -398.58
7.92, 0.0060, 5.72, -12.87, -0.04, -44.31, -407.16
7.93, 0.0070, 5.72, -13.19, -0.04, -45.77, -415.99
7.93, 0.0060, 5.72, -13.47, -0.04, -46.46, -425.32
7.94, 0.0080, 5.72, -13.84, -0.04, -46.34, -432.26
7.95, 0.0060, 5.72, -14.11, -0.04, -45.87, -439.45
7.95, 0.0070, 5.72, -14.43, -0.04, -45.54, -444.01
7.96, 0.0060, 5.72, -14.71, -0.04, -45.60, -449.73
7.97, 0.0070, 5.72, -15.03, -0.04, -45.87, -455.33
7.97, 0.0060, 5.72, -15.30, -0.04, -45.87, -462.29
7.98, 0.0070, 5.72, -15.62, -0.04, -45.82, -467.78
7.99, 0.0070, 5.72, -15.94, -0.04, -45.50, -474.09
7.99, 0.0070, 5.72, -16.26, -0.04, -44.84, -479.84
8.00, 0.0060, 5.72, -16.52, -0.04, -44.24, -484.80
8.01, 0.0070, 5.72, -16.83, -0.04, -43.62, -488.89
8.01, 0.0060, 5.72, -17.08, -0.04, -42.65, -493.76
8.02, 0.0070, 5.72, -17.37, -0.04, -41.12, -496.95
8.03, 0.0070, 5.72, -17.65, -0.04, -39.93, -499.64
8.03, 0.0070, 5.72, -17.92, -0.04, -39.15, -502.86
8.04, 0.0060, 5.72, -18.15, -0.04, -38.57, -506.77
8.05, 0.0070, 5.72, -18.42, -0.04, -37.61, -510.23
8.05, 0.0060, 5.72, -18.63, -0.04, -35.83, -513.58
8.06, 0.0070, 5.72, -18.87, -0.04, -33.25, -514.33
8.07, 0.0060, 5.72, -19.05, -0.04, -30.65, -513.82
8.07, 0.0080, 5.72, -19.28, -0.04, -28.29, -512.31
8.08, 0.0060, 5.72, -19.44, -0.04, -26.63, -512.10
8.09, 0.0070, 5.72, -19.61, -0.04, -25.24, -511.97
8.09, 0.0060, 5.72, -19.76, -0.04, -23.79, -512.74
8.10, 0.0070, 5.72, -19.91, -0.04, -21.95, -512.68
8.10, 0.0060, 5.72, -20.03, -0.04, -19.57, -512.07
8.11, 0.0080, 5.72, -20.16, -0.04, -16.56, -509.67
8.12, 0.0060, 5.72, -20.24, -0.04, -13.24, -506.30
8.13, 0.0070, 5.72, -20.31, -0.04, -10.22, -501.24
8.13, 0.0060, 5.72, -20.36, -0.04, -7.88, -496.63
8.14, 0.0070, 5.72, -20.40, -0.04, -6.03, -492.91
8.15, 0.0060, 5.72, -20.43, -0.04, -4.30, -490.05
8.15, 0.0070, 5.72, -20.44, -0.04, -2.18, -487.11
8.16, 0.0070, 5.72, -20.44, -0.04, 0.44, -483.16
8.17, 0.0070, 5.72, -20.41, -0.04, 3.32, -477.86
8.17, 0.0060, 5.72, -20.38, -0.04, 5.76, -471.63
8.18, 0.0060, 5.72, -20.33, -0.04, 8.11, -466.06
8.18, 0.0070, 5.72, -20.26, -0.04, 10.49, -460.40
8.19, 0.0060, 5.72, -20.18, -0.04, 12.93, -454.17
8.20, 0.0080, 5.72, -20.05, -0.04, 15.85, -447.73
8.21, 0.0060, 5.72, -19.94, -0.04, 18.97, -439.36
8.21, 0.0070, 5.72, -19.79, -0.04, 21.87, -430.84
8.22, 0.0060, 5.72, -19.64, -0.04, 24.22, -421.99
8.22, 0.0070, 5.72, -19.45, -0.04, 26.78, -414.36
8.23, 0.0060, 5.72, -19.28, -0.04, 29.35, -405.51
8.24, 0.0080, 5.72, -19.02, -0.04, 32.22, -396.85
8.25, 0.0060, 5.72, -18.81, -0.04, 35.02, -385.94
8.25, 0.0070, 5.72, -18.55, -0.04, 37.71, -376.15
8.26, 0.0060, 5.72, -18.30, -0.04, 40.18, -365.49
8.26, 0.0070, 5.72, -18.01, -0.04, 42.70, -355.72
8.27, 0.0060, 5.72, -17.73, -0.04, 45.32, -344.72
8.28, 0.0070, 5.72, -17.40, -0.04, 48.10, -334.02
8.28, 0.0070, 5.72, -17.04, -0.04, 51.00, -321.74
8.29, 0.0070, 5.72, -16.66, -0.04, 53.92, -308.79
8.30, 0.0060, 5.72, -16.32, -0.04, 56.83, -295.40
8.30, 0.0070, 5.72, -15.90, -0.04, 59.74, -282.77
8.31, 0.0060, 5.72, -15.53, -0.04, 62.53, -268.58
8.32, 0.0070, 5.72, -15.07, -0.04, 65.34, -255.49
8.32, 0.0070, 5.72, -14.59, -0.04, 68.17, -240.73
8.33, 0.0070, 5.72, -14.10, -0.04, 71.16, -225.52
8.34, 0.0060, 5.72, -13.65, -0.04, 74.26, -209.59
8.34, 0.0070, 5.72, -13.11, -0.04, 77.53, -194.47
8.35, 0.0060, 5.72, -12.62, -0.04, 80.76, -177.08
8.36, 0.0070, 5.72, -12.03, -0.04, 83.95, -160.94
8.36, 0.0060, 5.72, -11.51, -0.04, 86.95, -142.80
8.37, 0.0080, 5.72, -10.79, -0.04, 89.88, -126.36
8.38, 0.0060, 5.72, -10.24, -0.04, 92.62, -106.12
8.38, 0.0070, 5.72, -9.57, -0.04, 95.13, -89.53
