3.60, 3.5920, 8.45, 8.46, -0.04, 0.00, 0.00
3.60, 0.0070, 8.45, 8.46, -0.04, 0.00, 99.14
3.61, 0.0060, 8.45, 8.46, -0.04, 0.01, 99.14
3.61, 0.0060, 8.45, 8.46, -0.04, 0.01, 99.15
3.62, 0.0060, 8.45, 8.46, -0.04, 0.02, 99.16
3.63, 0.0070, 8.45, 8.46, -0.04, 0.04, 99.18
3.63, 0.0070, 8.45, 8.46, -0.04, 0.06, 99.22
3.64, 0.0060, 8.45, 8.46, -0.04, 0.05, 99.27
3.65, 0.0060, 8.45, 8.46, -0.04, -0.11, 99.26
3.65, 0.0070, 8.45, 8.45, -0.04, -0.53, 98.93
3.66, 0.0060, 8.45, 8.45, -0.04, -1.34, 98.02
3.67, 0.0060, 8.45, 8.43, -0.04, -2.46, 96.23
3.67, 0.0080, 8.45, 8.40, -0.04, -3.82, 93.70
3.68, 0.0060, 8.45, 8.37, -0.04, -5.16, 90.37
3.69, 0.0060, 8.45, 8.33, -0.04, -6.33, 87.07
3.69, 0.0060, 8.45, 8.29, -0.04, -7.09, 83.97
3.70, 0.0070, 8.45, 8.24, -0.04, -7.46, 81.59
3.70, 0.0060, 8.45, 8.19, -0.04, -7.51, 79.80
3.71, 0.0060, 8.45, 8.15, -0.04, -7.58, 78.80
3.72, 0.0080, 8.45, 8.08, -0.04, -8.22, 77.76
3.72, 0.0060, 8.45, 8.02, -0.04, -9.47, 75.17
3.73, 0.0060, 8.45, 7.96, -0.04, -11.05, 71.52
3.74, 0.0070, 8.45, 7.87, -0.04, -12.56, 67.05
3.74, 0.0060, 8.45, 7.79, -0.04, -13.79, 62.26
3.75, 0.0060, 8.45, 7.70, -0.04, -14.77, 58.14
3.76, 0.0070, 8.45, 7.59, -0.04, -15.61, 54.42
3.76, 0.0070, 8.45, 7.47, -0.04, -16.49, 50.54
3.77, 0.0070, 8.45, 7.35, -0.04, -17.46, 46.49
3.78, 0.0060, 8.45, 7.24, -0.04, -18.49, 42.09
3.78, 0.0060, 8.45, 7.12, -0.04, -19.45, 37.82
3.79, 0.0070, 8.45, 6.98, -0.04, -20.30, 33.57
3.80, 0.0060, 8.45, 6.85, -0.04, -21.08, 29.01
3.80, 0.0070, 8.45, 6.70, -0.04, -21.90, 24.94
3.81, 0.0070, 8.45, 6.54, -0.04, -22.84, 20.22
3.82, 0.0060, 8.45, 6.40, -0.04, -23.78, 15.16
3.82, 0.0070, 8.45, 6.23, -0.04, -24.62, 10.41
3.83, 0.0060, 8.45, 6.07, -0.04, -25.28, 5.29
3.84, 0.0060, 8.45, 5.92, -0.04, -25.67, 0.93
3.84, 0.0070, 8.45, 5.74, -0.04, -25.76, -2.93
3.85, 0.0070, 8.45, 5.56, -0.04, -25.43, -6.70
3.86, 0.0060, 8.45, 5.41, -0.04, -24.65, -9.62
3.86, 0.0070, 8.45, 5.25, -0.04, -23.61, -11.01
3.87, 0.0060, 8.45, 5.11, -0.04, -22.47, -12.23
3.87, 0.0070, 8.45, 4.96, -0.04, -21.48, -12.65
3.88, 0.0060, 8.45, 4.84, -0.04, -20.67, -13.69
3.89, 0.0070, 8.45, 4.70, -0.04, -20.13, -14.55
3.89, 0.0070, 8.45, 4.56, -0.04, -19.79, -16.28
3.90, 0.0060, 8.45, 4.44, -0.04, -19.51, -18.36
3.91, 0.0060, 8.45, 4.33, -0.04, -19.04, -20.15
3.91, 0.0070, 8.45, 4.20, -0.04, -17.92, -21.49
3.92, 0.0060, 8.45, 4.11, -0.04, -16.26, -21.77
3.93, 0.0070, 8.45, 4.00, -0.04, -14.48, -20.40
3.93, 0.0070, 8.45, 3.91, -0.04, -12.89, -18.85
3.94, 0.0060, 8.45, 3.85, -0.04, -11.59, -17.49
3.95, 0.0070, 8.45, 3.77, -0.04, -10.41, -16.27
3.95, 0.0060, 8.45, 3.72, -0.04, -9.22, -15.37
3.96, 0.0070, 8.45, 3.66, -0.04, -7.91, -14.11
3.97, 0.0060, 8.45, 3.62, -0.04, -6.51, -12.59
3.97, 0.0070, 8.45, 3.59, -0.04, -5.17, -10.58
3.98, 0.0070, 8.45, 3.56, -0.04, -3.98, -8.62
3.98, 0.0060, 8.45, 3.54, -0.04, -2.92, -6.80
3.99, 0.0060, 8.45, 3.53, -0.04, -1.96, -5.02
4.00, 0.0070, 8.45, 3.52, -0.04, -1.05, -3.33
4.00, 0.0060, 8.45, 3.52, -0.04, 0.33, -1.66
4.01, 0.0060, 8.45, 3.54, -0.04, 1.95, 1.14
4.02, 0.0070, 8.45, 3.56, -0.04, 2.89, 4.60
4.02, 0.0070, 8.45, 3.58, -0.04, 2.84, 6.89
4.03, 0.0060, 8.45, 3.59, -0.04, 2.09, 7.19
4.04, 0.0060, 8.45, 3.60, -0.04, 1.15, 5.95
4.04, 0.0060, 8.45, 3.60, -0.04, 0.36, 4.21
4.05, 0.0070, 8.45, 3.60, -0.04, 0.14, 2.67
4.06, 0.0060, 8.45, 3.60, -0.04, 0.52, 2.24
4.06, 0.0070, 8.45, 3.61, -0.04, 1.49, 3.06
4.07, 0.0070, 8.45, 3.63, -0.04, 2.86, 5.21
4.07, 0.0060, 8.45, 3.66, -0.04, 4.05, 8.35
4.08, 0.0060, 8.45, 3.68, -0.04, 4.38, 11.23
4.09, 0.0060, 8.45, 3.71, -0.04, 3.97, 12.40
4.09, 0.0070, 8.45, 3.73, -0.04, 3.12, 12.05
4.10, 0.0070, 8.45, 3.74, -0.04, 2.21, 10.80
4.11, 0.0060, 8.45, 3.75, -0.04, 1.48, 9.29
4.11, 0.0070, 8.45, 3.76, -0.04, 1.07, 8.01
4.12, 0.0060, 8.45, 3.77, -0.04, 1.06, 7.35
4.13, 0.0060, 8.45, 3.77, -0.04, 1.36, 7.45
4.13, 0.0060, 8.45, 3.78, -0.04, 1.69, 8.21
4.14, 0.0070, 8.45, 3.80, -0.04, 1.78, 9.06
4.15, 0.0070, 8.45, 3.81, -0.04, 1.51, 9.50
4.15, 0.0060, 8.45, 3.81, -0.04, 0.98, 9.18
4.16, 0.0060, 8.45, 3.82, -0.04, 0.39, 8.23
4.17, 0.0070, 8.45, 3.82, -0.04, -0.12, 7.10
4.17, 0.0060, 8.45, 3.81, -0.04, -0.54, 6.07
4.18, 0.0060, 8.45, 3.81, -0.04, -0.90, 5.16
4.19, 0.0060, 8.45, 3.80, -0.04, -1.17, 4.33
4.19, 0.0080, 8.45, 3.79, -0.04, -1.22, 3.64
4.20, 0.0060, 8.45, 3.78, -0.04, -1.54, 3.34
4.20, 0.0060, 8.45, 3.77, -0.04, -2.01, 2.54
4.21, 0.0070, 8.45, 3.75, -0.04, -1.99, 1.34
4.22, 0.0060, 8.45, 3.75, -0.04, -1.26, 1.11
4.22, 0.0060, 8.45, 3.75, -0.04, -0.20, 2.42
4.23, 0.0070, 8.45, 3.75, -0.04, 0.82, 4.51
4.24, 0.0070, 8.45, 3.76, -0.04, 1.52, 6.66
4.24, 0.0060, 8.45, 3.77, -0.04, 1.64, 8.29
4.25, 0.0060, 8.45, 3.78, -0.04, 1.29, 8.72
4.26, 0.0060, 8.45, 3.78, -0.04, 0.59, 8.16
4.26, 0.0070, 8.45, 3.78, -0.04, -0.31, 6.84
4.27, 0.0060, 8.45, 3.77, -0.04, -1.03, 4.99
4.28, 0.0070, 8.45, 3.77, -0.04, -1.05, 3.44
4.28, 0.0070, 8.45, 3.76, -0.04, -0.59, 3.25
4.29, 0.0060, 8.45, 3.76, -0.04, -0.00, 4.09
4.29, 0.0060, 8.45, 3.77, -0.04, 0.45, 5.26
4.30, 0.0060, 8.45, 3.77, -0.04, 0.65, 6.22
4.31, 0.0070, 8.45, 3.77, -0.04, 0.63, 6.69
4.31, 0.0070, 8.45, 3.78, -0.04, 0.45, 6.74
4.32, 0.0060, 8.45, 3.78, -0.04, 0.15, 6.44
4.33, 0.0060, 8.45, 3.78, -0.04, -0.14, 5.87
4.33, 0.0070, 8.45, 3.78, -0.04, -0.34, 5.26
4.34, 0.0060, 8.45, 3.77, -0.04, -0.35, 4.82
4.34, 0.0060, 8.45, 3.77, -0.04, -0.23, 4.76
4.35, 0.0060, 8.45, 3.77, -0.04, -0.05, 4.98
4.36, 0.0080, 8.45, 3.77, -0.04, 0.15, 5.33
4.36, 0.0060, 8.45, 3.77, -0.04, 0.36, 5.75
4.37, 0.0060, 8.45, 3.78, -0.04, 0.55, 6.21
4.38, 0.0060, 8.45, 3.78, -0.04, 0.71, 6.67
4.38, 0.0070, 8.45, 3.79, -0.04, 0.76, 7.07
4.39, 0.0060, 8.45, 3.79, -0.04, 0.71, 7.28
4.40, 0.0060, 8.45, 3.80, -0.04, 0.59, 7.26
4.40, 0.0070, 8.45, 3.80, -0.04, 0.49, 7.08
4.41, 0.0070, 8.45, 3.80, -0.04, 0.49, 6.95
4.42, 0.0060, 8.45, 3.81, -0.04, 0.61, 7.02
4.42, 0.0060, 8.45, 3.81, -0.04, 0.81, 7.33
4.43, 0.0060, 8.45, 3.82, -0.04, 1.04, 7.83
4.43, 0.0070, 8.45, 3.83, -0.04, 1.24, 8.42
4.44, 0.0070, 8.45, 3.83, -0.04, 1.33, 8.98
4.45, 0.0060, 8.45, 3.84, -0.04, 1.38, 9.37
4.45, 0.0070, 8.45, 3.85, -0.04, 1.41, 9.62
4.46, 0.0060, 8.45, 3.86, -0.04, 1.37, 9.87
4.47, 0.0060, 8.45, 3.87, -0.04, 1.20, 9.96
4.47, 0.0060, 8.45, 3.87, -0.04, 0.95, 9.77
4.48, 0.0070, 8.45, 3.88, -0.04, 0.72, 9.39
4.49, 0.0070, 8.45, 3.88, -0.04, 0.61, 9.02
4.49, 0.0060, 8.45, 3.89, -0.04, 0.68, 8.88
4.50, 0.0060, 8.45, 3.89, -0.04, 0.90, 9.10
4.51, 0.0070, 8.45, 3.90, -0.04, 1.10, 9.65
4.51, 0.0060, 8.45, 3.91, -0.04, 1.14, 10.22
4.52, 0.0060, 8.45, 3.91, -0.04, 0.99, 10.42
4.53, 0.0070, 8.45, 3.92, -0.04, 0.75, 10.25
4.53, 0.0070, 8.45, 3.92, -0.04, 0.55, 9.88
4.54, 0.0060, 8.45, 3.93, -0.04, 0.45, 9.55
4.54, 0.0060, 8.45, 3.93, -0.04, 0.50, 9.41
4.55, 0.0070, 8.45, 3.93, -0.04, 0.61, 9.55
4.56, 0.0060, 8.45, 3.94, -0.04, 0.71, 9.88
4.56, 0.0060, 8.45, 3.94, -0.04, 0.72, 10.16
4.57, 0.0080, 8.45, 3.95, -0.04, 0.64, 10.27
4.58, 0.0060, 8.45, 3.95, -0.04, 0.50, 10.20
4.58, 0.0060, 8.45, 3.95, -0.04, 0.38, 9.99
4.59, 0.0070, 8.45, 3.95, -0.04, 0.30, 9.79
4.59, 0.0060, 8.45, 3.96, -0.04, 0.25, 9.67
4.60, 0.0060, 8.45, 3.96, -0.04, 0.23, 9.60
4.61, 0.0060, 8.45, 3.96, -0.04, 0.23, 9.58
4.61, 0.0080, 8.45, 3.96, -0.04, 0.24, 9.62
4.62, 0.0060, 8.45, 3.96, -0.04, 0.22, 9.68
4.63, 0.0060, 8.45, 3.96, -0.04, 0.14, 9.65
4.63, 0.0060, 8.45, 3.96, -0.04, 0.03, 9.52
4.64, 0.0070, 8.45, 3.96, -0.04, -0.13, 9.31
4.65, 0.0060, 8.45, 3.96, -0.04, -0.31, 8.97
4.65, 0.0060, 8.45, 3.96, -0.04, -0.37, 8.58
4.66, 0.0070, 8.45, 3.96, -0.04, -0.24, 8.39
4.67, 0.0070, 8.45, 3.96, -0.04, 0.03, 8.63
4.67, 0.0060, 8.45, 3.96, -0.04, 0.31, 9.17
4.68, 0.0060, 8.45, 3.96, -0.04, 0.46, 9.78
4.69, 0.0070, 8.45, 3.96, -0.04, 0.44, 10.13
4.69, 0.0060, 8.45, 3.96, -0.04, 0.25, 10.15
4.70, 0.0070, 8.45, 3.96, -0.04, 0.00, 9.79
4.71, 0.0060, 8.45, 3.96, -0.04, -0.08, 9.30
4.71, 0.0070, 8.45, 3.96, -0.04, 0.04, 9.13
4.72, 0.0060, 8.45, 3.97, -0.04, 0.22, 9.37
4.72, 0.0060, 8.45, 3.97, -0.04, 0.31, 9.76
4.73, 0.0070, 8.45, 3.97, -0.04, 0.22, 9.98
4.74, 0.0060, 8.45, 3.97, -0.04, -0.02, 9.83
4.74, 0.0070, 8.45, 3.97, -0.04, -0.36, 9.34
4.75, 0.0060, 8.45, 3.96, -0.04, -0.71, 8.62
4.76, 0.0070, 8.45, 3.95, -0.04, -1.08, 7.83
4.76, 0.0060, 8.45, 3.95, -0.04, -1.51, 6.95
4.77, 0.0060, 8.45, 3.93, -0.04, -2.04, 5.89
4.78, 0.0070, 8.45, 3.91, -0.04, -2.68, 4.59
4.78, 0.0070, 8.45, 3.89, -0.04, -3.37, 2.95
4.79, 0.0060, 8.45, 3.87, -0.04, -4.06, 1.09
4.80, 0.0060, 8.45, 3.84, -0.04, -4.73, -0.77
4.80, 0.0070, 8.45, 3.80, -0.04, -5.41, -2.68
4.81, 0.0060, 8.45, 3.76, -0.04, -6.14, -4.81
4.81, 0.0060, 8.45, 3.72, -0.04, -6.91, -7.01
4.82, 0.0070, 8.45, 3.67, -0.04, -7.66, -9.37
4.83, 0.0070, 8.45, 3.61, -0.04, -8.34, -11.94
4.83, 0.0060, 8.45, 3.56, -0.04, -8.92, -14.46
4.84, 0.0070, 8.45, 3.49, -0.04, -9.43, -16.70
4.85, 0.0060, 8.45, 3.43, -0.04, -9.88, -19.04
4.85, 0.0060, 8.45, 3.37, -0.04, -10.32, -21.13
4.86, 0.0070, 8.45, 3.29, -0.04, -10.81, -23.24
4.87, 0.0060, 8.45, 3.23, -0.04, -11.41, -25.74
4.87, 0.0080, 8.45, 3.13, -0.04, -12.14, -28.31
4.88, 0.0060, 8.45, 3.05, -0.04, -12.98, -31.72
4.89, 0.0060, 8.45, 2.97, -0.04, -13.87, -34.96
4.89, 0.0070, 8.45, 2.86, -0.04, -14.73, -38.40
4.90, 0.0060, 8.45, 2.77, -0.04, -15.60, -42.19
4.91, 0.0060, 8.45, 2.67, -0.04, -16.45, -45.80
4.91, 0.0080, 8.45, 2.53, -0.04, -17.16, -49.47
4.92, 0.0060, 8.45, 2.43, -0.04, -17.62, -53.62
4.93, 0.0070, 8.45, 2.30, -0.04, -17.81, -56.67
4.93, 0.0060, 8.45, 2.20, -0.04, -17.91, -59.54
4.94, 0.0060, 8.45, 2.09, -0.04, -18.14, -61.90
4.94, 0.0070, 8.45, 1.96, -0.04, -18.58, -64.53
4.95, 0.0060, 8.45, 1.84, -0.04, -19.05, -68.00
4.96, 0.0080, 8.45, 1.69, -0.04, -19.31, -71.22
4.96, 0.0060, 8.45, 1.57, -0.04, -19.29, -74.85
4.97, 0.0060, 8.45, 1.46, -0.04, -18.92, -77.11
4.98, 0.0070, 8.45, 1.33, -0.04, -18.35, -78.65
4.98, 0.0060, 8.45, 1.23, -0.04, -17.68, -80.07
4.99, 0.0070, 8.45, 1.11, -0.04, -17.06, -80.86
5.00, 0.0070, 8.45, 0.99, -0.04, -16.53, -82.01
5.00, 0.0060, 8.45, 0.89, -0.04, -16.02, -83.27
5.01, 0.0070, 8.45, 0.79, -0.04, -15.44, -84.16
5.02, 0.0060, 8.45, 0.70, -0.04, -14.75, -85.16
5.02, 0.0070, 8.45, 0.60, -0.04, -13.98, -85.56
5.03, 0.0060, 8.45, 0.52, -0.04, -13.21, -85.96
5.04, 0.0060, 8.45, 0.45, -0.04, -12.51, -86.01
5.04, 0.0080, 8.45, 0.35, -0.04, -11.94, -86.12
5.05, 0.0060, 8.45, 0.28, -0.04, -11.47, -86.88
5.06, 0.0070, 8.45, 0.20, -0.04, -10.94, -87.31
5.06, 0.0060, 8.45, 0.14, -0.04, -10.25, -87.80
5.07, 0.0060, 8.45, 0.09, -0.04, -9.28, -87.65
5.07, 0.0070, 8.45, 0.03, -0.04, -8.09, -86.82
5.08, 0.0070, 8.45, -0.02, -0.04, -6.74, -85.56
5.09, 0.0060, 8.45, -0.05, -0.04, -5.44, -83.82
5.09, 0.0070, 8.45, -0.08, -0.04, -4.27, -81.87
5.10, 0.0060, 8.45, -0.10, -0.04, -3.25, -80.12
5.11, 0.0060, 8.45, -0.11, -0.04, -2.34, -78.47
5.11, 0.0070, 8.45, -0.12, -0.04, -1.55, -76.95
5.12, 0.0060, 8.45, -0.13, -0.04, -0.82, -75.58
5.13, 0.0070, 8.45, -0.13, -0.04, -0.07, -74.21
5.13, 0.0070, 8.45, -0.12, -0.04, 0.83, -72.72
5.14, 0.0060, 8.45, -0.11, -0.04, 1.91, -70.80
5.15, 0.0060, 8.45, -0.09, -0.04, 3.03, -68.42
5.15, 0.0070, 8.45, -0.07, -0.04, 4.02, -65.81
5.16, 0.0060, 8.45, -0.04, -0.04, 4.78, -63.28
5.17, 0.0070, 8.45, 0.00, -0.04, 5.33, -61.17
5.17, 0.0060, 8.45, 0.04, -0.04, 5.75, -59.33
5.18, 0.0070, 8.45, 0.08, -0.04, 6.07, -57.80
5.19, 0.0060, 8.45, 0.12, -0.04, 6.35, -56.32
5.19, 0.0060, 8.45, 0.16, -0.04, 6.71, -54.98
5.20, 0.0070, 8.45, 0.21, -0.04, 7.13, -53.46
5.21, 0.0060, 8.45, 0.25, -0.04, 7.58, -51.63
5.21, 0.0070, 8.45, 0.31, -0.04, 7.96, -49.82
5.22, 0.0070, 8.45, 0.36, -0.04, 8.08, -47.93
5.23, 0.0060, 8.45, 0.41, -0.04, 7.93, -46.57
5.23, 0.0070, 8.45, 0.46, -0.04, 7.64, -45.92
5.24, 0.0060, 8.45, 0.51, -0.04, 7.37, -45.43
5.24, 0.0060, 8.45, 0.55, -0.04, 7.23, -45.09
5.25, 0.0080, 8.45, 0.61, -0.04, 7.24, -44.49
5.26, 0.0060, 8.45, 0.65, -0.04, 7.23, -43.33
5.26, 0.0060, 8.45, 0.70, -0.04, 7.00, -42.47
5.27, 0.0070, 8.45, 0.74, -0.04, 6.47, -42.10
5.28, 0.0060, 8.45, 0.77, -0.04, 5.68, -42.25
5.28, 0.0060, 8.45, 0.80, -0.04, 4.86, -43.15
5.29, 0.0070, 8.45, 0.83, -0.04, 4.14, -44.21
5.30, 0.0070, 8.45, 0.86, -0.04, 3.59, -45.07
5.30, 0.0060, 8.45, 0.88, -0.04, 3.07, -45.67
5.31, 0.0060, 8.45, 0.89, -0.04, 2.44, -46.33
5.32, 0.0070, 8.45, 0.90, -0.04, 1.58, -47.30
5.32, 0.0060, 8.45, 0.91, -0.04, 0.49, -48.80
5.33, 0.0060, 8.45, 0.90, -0.04, -0.60, -50.93
5.34, 0.0070, 8.45, 0.89, -0.04, -1.59, -53.16
5.34, 0.0070, 8.45, 0.87, -0.04, -2.48, -55.37
5.35, 0.0060, 8.45, 0.85, -0.04, -3.30, -57.51
5.35, 0.0070, 8.45, 0.82, -0.04, -4.06, -59.55
5.36, 0.0060, 8.45, 0.80, -0.04, -4.84, -61.64
5.37, 0.0060, 8.45, 0.76, -0.04, -5.74, -63.77
5.37, 0.0070, 8.45, 0.71, -0.04, -6.75, -66.25
5.38, 0.0070, 8.45, 0.66, -0.04, -7.82, -69.22
5.39, 0.0060, 8.45, 0.61, -0.04, -8.82, -72.45
5.39, 0.0070, 8.45, 0.54, -0.04, -9.67, -75.52
5.40, 0.0060, 8.45, 0.48, -0.04, -10.41, -78.57
5.41, 0.0070, 8.45, 0.40, -0.04, -11.06, -81.30
5.41, 0.0060, 8.45, 0.33, -0.04, -11.63, -84.15
5.42, 0.0060, 8.45, 0.26, -0.04, -12.16, -86.68
5.43, 0.0080, 8.45, 0.15, -0.04, -12.67, -89.21
5.43, 0.0060, 8.45, 0.08, -0.04, -13.21, -92.24
5.44, 0.0060, 8.45, -0.01, -0.04, -13.75, -94.92
5.45, 0.0070, 8.45, -0.11, -0.04, -14.29, -97.64
5.45, 0.0060, 8.45, -0.20, -0.04, -14.69, -100.72
5.46, 0.0070, 8.45, -0.30, -0.04, -14.87, -103.28
5.47, 0.0070, 8.45, -0.40, -0.04, -14.88, -105.73
5.47, 0.0070, 8.45, -0.51, -0.04, -14.84, -107.82
5.48, 0.0060, 8.45, -0.60, -0.04, -14.89, -109.83
5.49, 0.0060, 8.45, -0.69, -0.04, -15.02, -111.71
5.49, 0.0070, 8.45, -0.79, -0.04, -15.15, -113.79
5.50, 0.0060, 8.45, -0.88, -0.04, -15.13, -116.16
5.51, 0.0070, 8.45, -0.99, -0.04, -14.86, -117.94
5.51, 0.0070, 8.45, -1.09, -0.04, -14.34, -119.47
5.52, 0.0070, 8.45, -1.18, -0.04, -13.61, -120.43
5.53, 0.0060, 8.45, -1.26, -0.04, -13.02, -120.89
5.53, 0.0070, 8.45, -1.35, -0.04, -12.59, -121.27
5.54, 0.0060, 8.45, -1.42, -0.04, -12.28, -122.17
5.54, 0.0070, 8.45, -1.51, -0.04, -11.91, -123.02
5.55, 0.0070, 8.45, -1.59, -0.04, -11.48, -123.96
5.56, 0.0060, 8.45, -1.65, -0.04, -10.91, -124.70
5.56, 0.0070, 8.45, -1.72, -0.04, -10.19, -124.86
5.57, 0.0060, 8.45, -1.78, -0.04, -9.33, -124.85
5.58, 0.0070, 8.45, -1.84, -0.04, -8.43, -124.26
5.58, 0.0060, 8.45, -1.88, -0.04, -7.63, -123.63
5.59, 0.0070, 8.45, -1.93, -0.04, -7.08, -122.94
5.60, 0.0070, 8.45, -1.98, -0.04, -6.67, -122.83
5.60, 0.0060, 8.45, -2.02, -0.04, -6.31, -122.96
5.61, 0.0070, 8.45, -2.06, -0.04, -5.78, -123.00
5.62, 0.0060, 8.45, -2.09, -0.04, -5.01, -122.74
5.62, 0.0060, 8.45, -2.11, -0.04, -4.20, -121.80
5.63, 0.0070, 8.45, -2.14, -0.04, -3.39, -120.70
5.64, 0.0070, 8.45, -2.16, -0.04, -2.70, -119.54
5.64, 0.0070, 8.45, -2.17, -0.04, -2.15, -118.53
5.65, 0.0060, 8.45, -2.18, -0.04, -1.77, -117.74
5.66, 0.0060, 8.45, -2.19, -0.04, -1.52, -117.19
5.66, 0.0070, 8.45, -2.20, -0.04, -1.31, -116.87
5.67, 0.0060, 8.45, -2.21, -0.04, -1.15, -116.65
5.68, 0.0070, 8.45, -2.21, -0.04, -0.92, -116.46
5.68, 0.0070, 8.45, -2.22, -0.04, -0.68, -116.12
5.69, 0.0060, 8.45, -2.22, -0.04, -0.38, -115.74
5.70, 0.0070, 8.45, -2.22, -0.04, -0.07, -115.18
5.70, 0.0060, 8.45, -2.22, -0.04, 0.32, -114.58
5.71, 0.0070, 8.45, -2.22, -0.04, 0.61, -113.75
5.71, 0.0060, 8.45, -2.21, -0.04, 0.58, -113.08
5.72, 0.0070, 8.45, -2.21, -0.04, 0.17, -113.09
5.73, 0.0070, 8.45, -2.22, -0.04, -0.67, -113.88
5.73, 0.0060, 8.45, -2.23, -0.04, -1.59, -115.66
5.74, 0.0060, 8.45, -2.24, -0.04, -2.34, -117.69
5.75, 0.0070, 8.45, -2.26, -0.04, -2.77, -119.47
5.75, 0.0060, 8.45, -2.28, -0.04, -2.79, -120.72
5.76, 0.0070, 8.45, -2.29, -0.04, -2.44, -121.09
5.77, 0.0070, 8.45, -2.31, -0.04, -2.14, -120.74
5.77, 0.0060, 8.45, -2.32, -0.04, -2.46, -120.42
5.78, 0.0070, 8.45, -2.35, -0.04, -3.67, -121.36
5.79, 0.0060, 8.45, -2.38, -0.04, -5.29, -124.29
5.79, 0.0070, 8.45, -2.43, -0.04, -6.65, -128.18
5.80, 0.0060, 8.45, -2.47, -0.04, -7.18, -131.83
5.81, 0.0080, 8.45, -2.53, -0.04, -7.19, -133.75
5.81, 0.0060, 8.45, -2.57, -0.04, -6.77, -134.92
5.82, 0.0060, 8.45, -2.61, -0.04, -6.52, -134.90
5.83, 0.0070, 8.45, -2.66, -0.04, -7.06, -135.18
5.83, 0.0060, 8.45, -2.71, -0.04, -8.21, -137.24
5.84, 0.0070, 8.45, -2.77, -0.04, -9.62, -140.53
5.85, 0.0060, 8.45, -2.84, -0.04, -10.90, -144.70
5.85, 0.0070, 8.45, -2.92, -0.04, -11.76, -148.57
5.86, 0.0070, 8.45, -3.00, -0.04, -12.02, -151.93
5.87, 0.0060, 8.45, -3.07, -0.04, -11.66, -154.14
5.87, 0.0070, 8.45, -3.15, -0.04, -11.06, -154.81
5.88, 0.0060, 8.45, -3.22, -0.04, -10.83, -155.15
5.89, 0.0070, 8.45, -3.30, -0.04, -11.61, -156.00
5.89, 0.0070, 8.45, -3.39, -0.04, -13.08, -159.19
5.90, 0.0070, 8.45, -3.49, -0.04, -14.79, -163.96
5.91, 0.0060, 8.45, -3.59, -0.04, -16.09, -169.46
5.91, 0.0060, 8.45, -3.69, -0.04, -16.58, -173.99
5.92, 0.0070, 8.45, -3.80, -0.04, -16.10, -176.94
5.93, 0.0060, 8.45, -3.89, -0.04, -14.92, -178.24
5.93, 0.0070, 8.45, -3.99, -0.04, -13.81, -177.68
5.94, 0.0070, 8.45, -4.08, -0.04, -13.38, -177.38
5.95, 0.0070, 8.45, -4.18, -0.04, -13.64, -178.40
5.95, 0.0060, 8.45, -4.26, -0.04, -14.49, -180.82
5.96, 0.0070, 8.45, -4.37, -0.04, -15.65, -184.27
5.96, 0.0060, 8.45, -4.47, -0.04, -16.48, -188.77
5.97, 0.0060, 8.45, -4.57, -0.04, -16.34, -192.41
5.98, 0.0080, 8.45, -4.69, -0.04, -15.21, -194.10
5.99, 0.0060, 8.45, -4.78, -0.04, -13.87, -194.27
5.99, 0.0070, 8.45, -4.87, -0.04, -13.14, -193.25
6.00, 0.0060, 8.45, -4.95, -0.04, -13.55, -193.64
6.00, 0.0070, 8.45, -5.05, -0.04, -14.55, -196.07
6.01, 0.0060, 8.45, -5.15, -0.04, -15.86, -200.12
6.02, 0.0070, 8.45, -5.26, -0.04, -16.66, -204.64
6.02, 0.0070, 8.45, -5.38, -0.04, -16.39, -208.58
6.03, 0.0070, 8.45, -5.48, -0.04, -15.32, -210.34
6.04, 0.0060, 8.45, -5.57, -0.04, -14.01, -210.32
6.04, 0.0060, 8.45, -5.65, -0.04, -13.08, -209.39
6.05, 0.0070, 8.45, -5.74, -0.04, -12.84, -209.11
6.06, 0.0060, 8.45, -5.82, -0.04, -13.32, -210.41
6.06, 0.0080, 8.45, -5.93, -0.04, -14.30, -212.99
6.07, 0.0060, 8.45, -6.02, -0.04, -15.34, -217.23
6.08, 0.0070, 8.45, -6.13, -0.04, -15.71, -221.15
6.08, 0.0060, 8.45, -6.22, -0.04, -15.02, -224.09
6.09, 0.0070, 8.45, -6.32, -0.04, -13.74, -224.51
6.10, 0.0060, 8.45, -6.40, -0.04, -12.57, -223.88
6.10, 0.0060, 8.45, -6.47, -0.04, -12.05, -223.04
6.11, 0.0080, 8.45, -6.57, -0.04, -12.37, -223.45
6.12, 0.0060, 8.45, -6.65, -0.04, -13.31, -226.06
6.12, 0.0070, 8.45, -6.75, -0.04, -14.34, -229.54
6.13, 0.0060, 8.45, -6.84, -0.04, -14.86, -233.62
6.14, 0.0070, 8.45, -6.94, -0.04, -14.56, -236.43
6.14, 0.0060, 8.45, -7.02, -0.04, -13.73, -237.87
6.15, 0.0080, 8.45, -7.12, -0.04, -12.97, -237.85
6.16, 0.0060, 8.45, -7.20, -0.04, -12.85, -238.41
6.16, 0.0060, 8.45, -7.28, -0.04, -13.46, -239.71
6.17, 0.0070, 8.45, -7.38, -0.04, -14.50, -242.55
6.18, 0.0060, 8.45, -7.48, -0.04, -15.57, -246.67
6.18, 0.0070, 8.45, -7.59, -0.04, -16.14, -250.67
6.19, 0.0060, 8.45, -7.69, -0.04, -16.06, -254.06
6.20, 0.0080, 8.45, -7.81, -0.04, -15.45, -255.83
6.20, 0.0060, 8.45, -7.90, -0.04, -14.78, -257.10
6.21, 0.0070, 8.45, -8.00, -0.04, -14.51, -257.52
6.22, 0.0060, 8.45, -8.09, -0.04, -15.04, -259.02
6.22, 0.0060, 8.45, -8.19, -0.04, -16.23, -261.87
6.23, 0.0070, 8.45, -8.31, -0.04, -17.68, -266.21
6.24, 0.0070, 8.45, -8.44, -0.04, -18.96, -271.59
6.24, 0.0070, 8.45, -8.58, -0.04, -19.69, -276.79
6.25, 0.0060, 8.45, -8.70, -0.04, -19.92, -281.01
6.26, 0.0070, 8.45, -8.84, -0.04, -19.89, -283.86
6.26, 0.0060, 8.45, -8.96, -0.04, -19.94, -286.58
6.27, 0.0070, 8.45, -9.10, -0.04, -20.34, -289.09
6.28, 0.0070, 8.45, -9.25, -0.04, -21.24, -292.74
6.28, 0.0070, 8.45, -9.41, -0.04, -22.54, -297.49
6.29, 0.0060, 8.45, -9.55, -0.04, -24.07, -303.26
6.30, 0.0060, 8.45, -9.71, -0.04, -25.64, -309.21
6.30, 0.0070, 8.45, -9.89, -0.04, -26.65, -315.43
6.31, 0.0060, 8.45, -10.06, -0.04, -27.20, -321.18
6.32, 0.0070, 8.45, -10.25, -0.04, -27.40, -325.55
6.32, 0.0070, 8.45, -10.44, -0.04, -27.68, -329.78
6.33, 0.0070, 8.45, -10.64, -0.04, -28.38, -334.20
6.34, 0.0060, 8.45, -10.82, -0.04, -29.65, -339.57
6.34, 0.0070, 8.45, -11.04, -0.04, -31.36, -345.67
6.35, 0.0060, 8.45, -11.24, -0.04, -33.00, -353.49
6.35, 0.0070, 8.45, -11.47, -0.04, -33.97, -360.73
6.36, 0.0070, 8.45, -11.71, -0.04, -34.10, -367.42
6.37, 0.0070, 8.45, -11.95, -0.04, -33.78, -372.46
6.38, 0.0060, 8.45, -12.15, -0.04, -33.28, -376.54
6.38, 0.0070, 8.45, -12.38, -0.04, -32.82, -379.54
6.39, 0.0060, 8.45, -12.57, -0.04, -32.54, -383.22
6.39, 0.0070, 8.45, -12.80, -0.04, -32.41, -386.57
6.40, 0.0060, 8.45, -12.99, -0.04, -32.31, -390.84
6.41, 0.0080, 8.45, -13.25, -0.04, -31.89, -394.51
6.42, 0.0060, 8.45, -13.43, -0.04, -30.83, -398.77
6.42, 0.0070, 8.45, -13.64, -0.04, -29.12, -400.36
6.43, 0.0060, 8.45, -13.80, -0.04, -27.02, -401.01
6.43, 0.0070, 8.45, -13.97, -0.04, -24.87, -400.07
6.44, 0.0060, 8.45, -14.11, -0.04, -22.98, -399.23
6.45, 0.0080, 8.45, -14.28, -0.04, -21.42, -398.22
6.46, 0.0060, 8.45, -14.40, -0.04, -20.04, -398.53
6.46, 0.0070, 8.45, -14.53, -0.04, -18.48, -398.17
6.47, 0.0060, 8.45, -14.63, -0.04, -16.38, -397.64
6.47, 0.0070, 8.45, -14.73, -0.04, -13.80, -395.41
6.48, 0.0060, 8.45, -14.79, -0.04, -10.87, -392.17
6.49, 0.0070, 8.45, -14.85, -0.04, -7.83, -387.62
6.50, 0.0070, 8.45, -14.88, -0.04, -4.72, -382.64
6.50, 0.0070, 8.45, -14.90, -0.04, -1.95, -377.08
6.51, 0.0060, 8.45, -14.89, -0.04, 0.73, -371.82
6.51, 0.0070, 8.45, -14.87, -0.04, 3.37, -366.35
6.52, 0.0060, 8.45, -14.83, -0.04, 6.28, -360.60
6.53, 0.0060, 8.45, -14.77, -0.04, 9.54, -354.04
6.53, 0.0080, 8.45, -14.67, -0.04, 13.23, -346.37
6.54, 0.0060, 8.45, -14.56, -0.04, 17.13, -336.87
6.55, 0.0070, 8.45, -14.42, -0.04, 20.98, -327.01
6.55, 0.0060, 8.45, -14.27, -0.04, 24.52, -316.38
6.56, 0.0070, 8.45, -14.08, -0.04, 27.65, -306.36
6.57, 0.0060, 8.45, -13.89, -0.04, 30.57, -296.22
6.57, 0.0080, 8.45, -13.63, -0.04, 33.38, -286.72
6.58, 0.0060, 8.45, -13.41, -0.04, 36.18, -275.76
6.59, 0.0070, 8.45, -13.14, -0.04, 39.08, -265.82
6.59, 0.0060, 8.45, -12.88, -0.04, 42.07, -254.54
6.60, 0.0070, 8.45, -12.57, -0.04, 45.23, -243.51
6.61, 0.0060, 8.45, -12.28, -0.04, 48.43, -230.87
6.61, 0.0070, 8.45, -11.92, -0.04, 51.52, -218.65
6.62, 0.0070, 8.45, -11.53, -0.04, 54.30, -205.27
6.63, 0.0070, 8.45, -11.14, -0.04, 56.71, -192.10
6.63, 0.0060, 8.45, -10.78, -0.04, 58.92, -179.33
6.64, 0.0070, 8.45, -10.36, -0.04, 61.22, -167.84
6.65, 0.0060, 8.45, -9.97, -0.04, 63.80, -154.67
6.65, 0.0070, 8.45, -9.51, -0.04, 66.63, -141.87
6.66, 0.0070, 8.45, -9.02, -0.04, 69.46, -126.87
6.67, 0.0070, 8.45, -8.52, -0.04, 71.96, -111.49
6.67, 0.0060, 8.45, -8.07, -0.04, 74.25, -96.41
6.68, 0.0060, 8.45, -7.61, -0.04, 76.44, -82.92
6.69, 0.0070, 8.45, -7.06, -0.04, 78.72, -69.36
6.69, 0.0060, 8.45, -6.57, -0.04, 81.10, -53.80
6.70, 0.0070, 8.45, -5.99, -0.04, 83.56, -39.30
6.71, 0.0070, 8.45, -5.39, -0.04, 85.99, -22.69
6.71, 0.0060, 8.45, -4.86, -0.04, 88.27, -5.79
6.72, 0.0070, 8.45, -4.23, -0.04, 90.27, 9.36
6.73, 0.0060, 8.45, -3.67, -0.04, 92.00, 26.01
6.73, 0.0060, 8.45, -3.11, -0.04, 93.49, 40.50
6.74, 0.0070, 8.45, -2.45, -0.04, 94.97, 54.70
6.75, 0.0070, 8.45, -1.77, -0.04, 96.58, 70.97
6.75, 0.0070, 8.45, -1.08, -0.04, 98.31, 87.71
6.76, 0.0060, 8.45, -0.48, -0.04, 99.96, 104.93
6.76, 0.0060, 8.45, 0.12, -0.04, 101.53, 120.23
6.77, 0.0070, 8.45, 0.85, -0.04, 103.03, 135.55
6.78, 0.0060, 8.45, 1.47, -0.04, 104.47, 152.96
6.78, 0.0070, 8.45, 2.21, -0.04, 105.72, 168.40
6.79, 0.0070, 8.45, 2.96, -0.04, 106.62, 185.70
6.80, 0.0070, 8.45, 3.71, -0.04, 107.06, 202.41
6.80, 0.0060, 8.45, 4.35, -0.04, 107.12, 218.28
6.81, 0.0070, 8.45, 5.10, -0.04, 107.08, 231.27
6.82, 0.0060, 8.45, 5.74, -0.04, 107.18, 246.16
6.82, 0.0070, 8.45, 6.50, -0.04, 107.58, 259.22
6.83, 0.0070, 8.45, 7.25, -0.04, 108.17, 275.09
6.84, 0.0070, 8.45, 8.01, -0.04, 108.67, 291.41
6.84, 0.0060, 8.45, 8.67, -0.04, 108.71, 307.63
6.85, 0.0070, 8.45, 9.42, -0.04, 108.24, 320.76
6.86, 0.0060, 8.45, 10.07, -0.04, 107.42, 334.97
6.86, 0.0070, 8.45, 10.82, -0.04, 106.62, 346.22
6.87, 0.0060, 8.45, 11.45, -0.04, 105.95, 359.54
6.88, 0.0080, 8.45, 12.29, -0.04, 105.47, 370.91
6.89, 0.0060, 8.45, 12.92, -0.04, 105.05, 386.83
6.89, 0.0070, 8.45, 13.66, -0.04, 104.48, 398.60
6.90, 0.0060, 8.45, 14.28, -0.04, 103.52, 412.10
6.90, 0.0070, 8.45, 14.99, -0.04, 102.27, 422.59
6.91, 0.0060, 8.45, 15.60, -0.04, 100.91, 434.41
6.92, 0.0080, 8.45, 16.40, -0.04, 99.65, 443.80
6.93, 0.0060, 8.45, 16.99, -0.04, 98.51, 457.22
6.93, 0.0070, 8.45, 17.67, -0.04, 97.38, 466.76
6.94, 0.0060, 8.45, 18.25, -0.04, 96.14, 478.13
6.94, 0.0070, 8.45, 18.91, -0.04, 94.67, 487.18
6.95, 0.0060, 8.45, 19.47, -0.04, 93.00, 497.52
6.96, 0.0080, 8.45, 20.20, -0.04, 91.28, 505.33
6.97, 0.0060, 8.45, 20.73, -0.04, 89.50, 516.48
6.97, 0.0070, 8.45, 21.35, -0.04, 87.70, 523.68
6.98, 0.0060, 8.45, 21.86, -0.04, 85.81, 532.35
6.98, 0.0070, 8.45, 22.45, -0.04, 83.87, 538.87
6.99, 0.0060, 8.45, 22.94, -0.04, 81.95, 546.72
7.00, 0.0070, 8.45, 23.50, -0.04, 80.14, 552.72
7.01, 0.0070, 8.45, 24.05, -0.04, 78.41, 560.32
7.01, 0.0070, 8.45, 24.59, -0.04, 76.62, 567.83
7.02, 0.0060, 8.45, 25.04, -0.04, 74.67, 574.98
7.02, 0.0070, 8.45, 25.54, -0.04, 72.42, 580.04
7.03, 0.0060, 8.45, 25.96, -0.04, 69.89, 585.69
7.04, 0.0070, 8.45, 26.43, -0.04, 67.26, 589.00
7.05, 0.0070, 8.45, 26.89, -0.04, 64.89, 593.17
7.05, 0.0070, 8.45, 27.33, -0.04, 62.87, 597.51
7.06, 0.0060, 8.45, 27.69, -0.04, 61.11, 602.28
7.06, 0.0070, 8.45, 28.11, -0.04, 59.24, 606.09
7.07, 0.0060, 8.45, 28.45, -0.04, 57.10, 610.65
7.08, 0.0070, 8.45, 28.83, -0.04, 54.56, 613.21
7.09, 0.0060, 8.45, 29.14, -0.04, 51.78, 615.77
7.09, 0.0080, 8.45, 29.54, -0.04, 49.02, 616.43
7.10, 0.0060, 8.45, 29.81, -0.04, 46.52, 618.75
7.10, 0.0070, 8.45, 30.12, -0.04, 44.23, 619.34
7.11, 0.0060, 8.45, 30.38, -0.04, 41.94, 620.93
7.12, 0.0070, 8.45, 30.65, -0.04, 39.47, 621.40
7.12, 0.0060, 8.45, 30.87, -0.04, 36.87, 621.98
7.13, 0.0080, 8.45, 31.15, -0.04, 34.18, 621.20
7.14, 0.0060, 8.45, 31.34, -0.04, 31.53, 621.30
7.14, 0.0070, 8.45, 31.54, -0.04, 28.94, 619.78
7.15, 0.0060, 8.45, 31.70, -0.04, 26.43, 618.65
7.16, 0.0070, 8.45, 31.86, -0.04, 23.91, 616.80
7.16, 0.0060, 8.45, 31.99, -0.04, 21.38, 615.11
7.17, 0.0080, 8.45, 32.14, -0.04, 18.80, 612.61
7.18, 0.0060, 8.45, 32.24, -0.04, 16.17, 610.45
7.18, 0.0070, 8.45, 32.33, -0.04, 13.50, 607.13
7.19, 0.0060, 8.45, 32.40, -0.04, 10.83, 603.69
7.20, 0.0070, 8.45, 32.46, -0.04, 8.20, 599.64
7.20, 0.0060, 8.45, 32.49, -0.04, 5.67, 595.53
7.21, 0.0060, 8.45, 32.51, -0.04, 3.21, 591.15
7.22, 0.0080, 8.45, 32.52, -0.04, 0.74, 586.61
7.22, 0.0060, 8.45, 32.51, -0.04, -1.74, 581.80
7.23, 0.0070, 8.45, 32.48, -0.04, -4.19, 576.63
7.24, 0.0060, 8.45, 32.44, -0.04, -6.56, 571.15
7.24, 0.0070, 8.45, 32.37, -0.04, -8.88, 565.62
7.25, 0.0060, 8.45, 32.31, -0.04, -11.20, 559.74
7.26, 0.0060, 8.45, 32.23, -0.04, -13.53, 553.76
7.26, 0.0080, 8.45, 32.10, -0.04, -15.82, 547.47
7.27, 0.0060, 8.45, 31.99, -0.04, -18.00, 540.35
7.28, 0.0070, 8.45, 31.85, -0.04, -20.03, 533.85
7.28, 0.0060, 8.45, 31.72, -0.04, -21.94, 526.97
7.29, 0.0070, 8.45, 31.55, -0.04, -23.87, 520.52
7.30, 0.0060, 8.45, 31.40, -0.04, -25.84, 513.31
7.30, 0.0080, 8.45, 31.18, -0.04, -27.80, 506.28
7.31, 0.0060, 8.45, 31.00, -0.04, -29.63, 497.92
7.32, 0.0070, 8.45, 30.78, -0.04, -31.25, 490.69
7.32, 0.0060, 8.45, 30.58, -0.04, -32.78, 483.08
7.33, 0.0070, 8.45, 30.34, -0.04, -34.24, 476.08
7.34, 0.0060, 8.45, 30.13, -0.04, -35.72, 468.37
7.34, 0.0080, 8.45, 29.83, -0.04, -37.10, 461.12
7.35, 0.0060, 8.45, 29.60, -0.04, -38.33, 452.42
7.36, 0.0070, 8.45, 29.33, -0.04, -39.37, 445.37
7.36, 0.0060, 8.45, 29.08, -0.04, -40.34, 437.77
7.37, 0.0070, 8.45, 28.79, -0.04, -41.30, 430.99
7.38, 0.0060, 8.45, 28.54, -0.04, -42.24, 423.28
7.38, 0.0070, 8.45, 28.24, -0.04, -43.06, 416.34
7.39, 0.0070, 8.45, 27.93, -0.04, -43.72, 408.67
7.40, 0.0070, 8.45, 27.62, -0.04, -44.28, 401.23
7.40, 0.0060, 8.45, 27.36, -0.04, -44.79, 393.92
7.41, 0.0060, 8.45, 27.08, -0.04, -45.29, 387.53
7.42, 0.0070, 8.45, 26.76, -0.04, -45.76, 381.09
7.42, 0.0060, 8.45, 26.49, -0.04, -46.11, 373.73
7.43, 0.0080, 8.45, 26.12, -0.04, -46.34, 367.50
7.44, 0.0060, 8.45, 25.84, -0.04, -46.52, 359.63
7.44, 0.0070, 8.45, 25.51, -0.04, -46.64, 353.69
7.45, 0.0060, 8.45, 25.23, -0.04, -46.76, 346.92
7.46, 0.0070, 8.45, 24.90, -0.04, -46.80, 341.06
7.46, 0.0060, 8.45, 24.62, -0.04, -46.75, 334.44
7.47, 0.0070, 8.45, 24.30, -0.04, -46.61, 328.93
7.48, 0.0070, 8.45, 23.97, -0.04, -46.41, 322.68
7.48, 0.0070, 8.45, 23.65, -0.04, -46.18, 316.59
7.49, 0.0060, 8.45, 23.37, -0.04, -45.88, 310.57
7.50, 0.0070, 8.45, 23.05, -0.04, -45.50, 305.66
7.50, 0.0060, 8.45, 22.78, -0.04, -45.02, 300.07
7.51, 0.0070, 8.45, 22.47, -0.04, -44.52, 295.61
7.52, 0.0070, 8.45, 22.16, -0.04, -44.07, 290.39
7.52, 0.0070, 8.45, 21.86, -0.04, -43.58, 285.13
7.53, 0.0060, 8.45, 21.60, -0.04, -43.00, 280.00
7.53, 0.0070, 8.45, 21.30, -0.04, -42.30, 275.99
7.54, 0.0060, 8.45, 21.05, -0.04, -41.52, 271.48
7.55, 0.0070, 8.45, 20.77, -0.04, -40.70, 268.05
7.55, 0.0070, 8.45, 20.49, -0.04, -39.87, 264.00
7.56, 0.0070, 8.45, 20.22, -0.04, -39.03, 260.06
7.57, 0.0060, 8.45, 19.99, -0.04, -38.18, 256.28
7.57, 0.0070, 8.45, 19.73, -0.04, -37.30, 253.41
7.58, 0.0060, 8.45, 19.51, -0.04, -36.43, 249.94
7.59, 0.0070, 8.45, 19.26, -0.04, -35.52, 247.32
7.59, 0.0060, 8.45, 19.05, -0.04, -34.61, 244.15
7.60, 0.0080, 8.45, 18.78, -0.04, -33.63, 241.83
7.61, 0.0060, 8.45, 18.59, -0.04, -32.58, 238.41
7.61, 0.0060, 8.45, 18.40, -0.04, -31.44, 236.60
7.62, 0.0070, 8.45, 18.19, -0.04, -30.27, 235.10
7.63, 0.0060, 8.45, 18.01, -0.04, -29.09, 233.20
7.63, 0.0070, 8.45, 17.82, -0.04, -27.95, 232.07
7.64, 0.0070, 8.45, 17.63, -0.04, -26.83, 230.45
7.65, 0.0070, 8.45, 17.45, -0.04, -25.66, 228.94
7.66, 0.0060, 8.45, 17.30, -0.04, -24.50, 227.66
7.66, 0.0070, 8.45, 17.14, -0.04, -23.30, 227.05
7.67, 0.0060, 8.45, 17.01, -0.04, -22.13, 226.20
7.67, 0.0070, 8.45, 16.86, -0.04, -20.97, 225.88
7.68, 0.0060, 8.45, 16.74, -0.04, -19.79, 225.26
7.69, 0.0080, 8.45, 16.59, -0.04, -18.52, 225.25
7.70, 0.0060, 8.45, 16.49, -0.04, -17.29, 224.83
7.70, 0.0070, 8.45, 16.38, -0.04, -16.09, 225.22
7.71, 0.0060, 8.45, 16.29, -0.04, -14.96, 225.36
7.71, 0.0070, 8.45, 16.19, -0.04, -13.82, 225.82
7.72, 0.0060, 8.45, 16.11, -0.04, -12.63, 226.17
7.73, 0.0080, 8.45, 16.02, -0.04, -11.45, 227.02
7.74, 0.0060, 8.45, 15.96, -0.04, -10.28, 227.56
7.74, 0.0070, 8.45, 15.90, -0.04, -9.16, 228.67
7.75, 0.0060, 8.45, 15.85, -0.04, -8.08, 229.63
7.75, 0.0060, 8.45, 15.81, -0.04, -7.02, 230.81
7.76, 0.0070, 8.45, 15.76, -0.04, -6.00, 232.09
7.77, 0.0060, 8.45, 15.73, -0.04, -4.99, 233.29
7.77, 0.0080, 8.45, 15.70, -0.04, -4.05, 234.70
7.78, 0.0060, 8.45, 15.68, -0.04, -3.14, 235.95
7.79, 0.0070, 8.45, 15.67, -0.04, -2.25, 237.39
7.79, 0.0060, 8.45, 15.66, -0.04, -1.37, 238.85
7.80, 0.0060, 8.45, 15.66, -0.04, -0.46, 240.45
7.81, 0.0070, 8.45, 15.66, -0.04, 0.46, 242.22
7.81, 0.0070, 8.45, 15.67, -0.04, 1.40, 244.13
7.82, 0.0070, 8.45, 15.69, -0.04, 2.29, 246.19
7.83, 0.0060, 8.45, 15.70, -0.04, 3.14, 248.29
7.83, 0.0070, 8.45, 15.73, -0.04, 3.94, 250.37
7.84, 0.0060, 8.45, 15.76, -0.04, 4.69, 252.52
7.85, 0.0060, 8.45, 15.79, -0.04, 5.37, 254.59
7.85, 0.0070, 8.45, 15.83, -0.04, 5.99, 256.60
7.86, 0.0070, 8.45, 15.88, -0.04, 6.56, 258.66
7.87, 0.0070, 8.45, 15.93, -0.04, 7.18, 260.73
7.87, 0.0060, 8.45, 15.98, -0.04, 7.86, 262.96
7.88, 0.0070, 8.45, 16.04, -0.04, 8.56, 265.27
7.89, 0.0060, 8.45, 16.09, -0.04, 9.23, 267.88
7.89, 0.0070, 8.45, 16.16, -0.04, 9.88, 270.32
7.90, 0.0070, 8.45, 16.24, -0.04, 10.49, 273.01
7.91, 0.0060, 8.45, 16.30, -0.04, 11.08, 275.69
7.91, 0.0070, 8.45, 16.38, -0.04, 11.59, 278.20
7.92, 0.0060, 8.45, 16.46, -0.04, 12.04, 280.85
