3.60, 3.5940, 4.84, 4.85, -0.04, 0.00, 0.00
3.60, 0.0060, 4.84, 4.85, -0.04, 0.00, 26.95
3.61, 0.0070, 4.84, 4.85, -0.04, 0.01, 26.96
3.62, 0.0060, 4.84, 4.85, -0.04, 0.01, 26.96
3.62, 0.0060, 4.84, 4.85, -0.04, 0.01, 26.97
3.63, 0.0060, 4.84, 4.85, -0.04, 0.01, 26.97
3.64, 0.0080, 4.84, 4.85, -0.04, 0.01, 26.98
3.64, 0.0060, 4.84, 4.85, -0.04, 0.01, 26.98
3.65, 0.0060, 4.84, 4.85, -0.04, -0.00, 26.97
3.66, 0.0060, 4.84, 4.85, -0.04, -0.01, 26.95
3.66, 0.0070, 4.84, 4.85, -0.04, -0.01, 26.94
3.67, 0.0060, 4.84, 4.85, -0.04, -0.01, 26.93
3.68, 0.0070, 4.84, 4.85, -0.04, 0.01, 26.94
3.68, 0.0070, 4.84, 4.85, -0.04, 0.02, 26.96
3.69, 0.0060, 4.84, 4.85, -0.04, 0.04, 27.00
3.69, 0.0060, 4.84, 4.85, -0.04, 0.04, 27.03
3.70, 0.0060, 4.84, 4.85, -0.04, 0.03, 27.04
3.71, 0.0070, 4.84, 4.85, -0.04, 0.02, 27.04
3.71, 0.0060, 4.84, 4.85, -0.04, 0.02, 27.02
3.72, 0.0070, 4.84, 4.85, -0.04, 0.02, 27.01
3.73, 0.0060, 4.84, 4.85, -0.04, 0.02, 27.01
3.73, 0.0070, 4.84, 4.85, -0.04, 0.02, 27.01
3.74, 0.0060, 4.84, 4.85, -0.04, 0.02, 27.02
3.75, 0.0060, 4.84, 4.85, -0.04, 0.03, 27.03
3.75, 0.0070, 4.84, 4.85, -0.04, 0.03, 27.04
3.76, 0.0070, 4.84, 4.85, -0.04, 0.03, 27.05
3.77, 0.0060, 4.84, 4.85, -0.04, 0.03, 27.05
3.77, 0.0070, 4.84, 4.85, -0.04, 0.03, 27.06
3.78, 0.0060, 4.84, 4.85, -0.04, 0.03, 27.07
3.78, 0.0060, 4.84, 4.85, -0.04, 0.03, 27.08
3.79, 0.0060, 4.84, 4.85, -0.04, 0.03, 27.08
3.80, 0.0070, 4.84, 4.85, -0.04, 0.04, 27.09
3.80, 0.0070, 4.84, 4.85, -0.04, 0.04, 27.10
3.81, 0.0060, 4.84, 4.85, -0.04, 0.04, 27.11
3.82, 0.0070, 4.84, 4.85, -0.04, 0.04, 27.12
3.82, 0.0060, 4.84, 4.85, -0.04, 0.03, 27.12
3.83, 0.0060, 4.84, 4.85, -0.04, 0.03, 27.11
3.84, 0.0070, 4.84, 4.85, -0.04, 0.03, 27.10
3.84, 0.0060, 4.84, 4.85, -0.04, 0.04, 27.11
3.85, 0.0070, 4.84, 4.85, -0.04, 0.06, 27.14
3.86, 0.0070, 4.84, 4.85, -0.04, 0.07, 27.18
3.86, 0.0060, 4.84, 4.85, -0.04, 0.07, 27.21
3.87, 0.0060, 4.84, 4.85, -0.04, 0.05, 27.22
3.87, 0.0070, 4.84, 4.85, -0.04, 0.03, 27.19
3.88, 0.0060, 4.84, 4.85, -0.04, -0.01, 27.14
3.89, 0.0070, 4.84, 4.85, -0.04, -0.04, 27.07
3.89, 0.0070, 4.84, 4.85, -0.04, -0.07, 27.00
3.90, 0.0060, 4.84, 4.85, -0.04, -0.10, 26.93
3.91, 0.0060, 4.84, 4.85, -0.04, -0.11, 26.87
3.91, 0.0070, 4.84, 4.85, -0.04, -0.11, 26.82
3.92, 0.0060, 4.84, 4.85, -0.04, -0.09, 26.80
3.93, 0.0060, 4.84, 4.85, -0.04, -0.05, 26.84
3.93, 0.0080, 4.84, 4.85, -0.04, -0.00, 26.92
3.94, 0.0060, 4.84, 4.85, -0.04, 0.03, 27.01
3.95, 0.0060, 4.84, 4.85, -0.04, 0.05, 27.09
3.95, 0.0060, 4.84, 4.85, -0.04, 0.04, 27.12
3.96, 0.0070, 4.84, 4.85, -0.04, 0.02, 27.12
3.96, 0.0060, 4.84, 4.85, -0.04, -0.02, 27.07
3.97, 0.0070, 4.84, 4.85, -0.04, -0.06, 26.99
3.98, 0.0070, 4.84, 4.85, -0.04, -0.09, 26.90
3.98, 0.0060, 4.84, 4.85, -0.04, -0.12, 26.82
3.99, 0.0060, 4.84, 4.85, -0.04, -0.13, 26.76
4.00, 0.0070, 4.84, 4.85, -0.04, -0.13, 26.72
4.00, 0.0060, 4.84, 4.85, -0.04, -0.12, 26.69
4.01, 0.0060, 4.84, 4.85, -0.04, -0.10, 26.70
4.02, 0.0080, 4.84, 4.85, -0.04, -0.08, 26.73
4.02, 0.0060, 4.84, 4.85, -0.04, -0.06, 26.77
4.03, 0.0060, 4.84, 4.85, -0.04, -0.05, 26.80
4.04, 0.0070, 4.84, 4.85, -0.04, -0.05, 26.81
4.04, 0.0060, 4.84, 4.84, -0.04, -0.06, 26.80
4.05, 0.0060, 4.84, 4.84, -0.04, -0.06, 26.78
4.06, 0.0070, 4.84, 4.84, -0.04, -0.06, 26.76
4.06, 0.0070, 4.84, 4.84, -0.04, -0.05, 26.75
4.07, 0.0060, 4.84, 4.84, -0.04, -0.03, 26.77
4.07, 0.0060, 4.84, 4.84, -0.04, 0.00, 26.81
4.08, 0.0070, 4.84, 4.84, -0.04, 0.04, 26.88
4.09, 0.0060, 4.84, 4.84, -0.04, 0.07, 26.95
4.09, 0.0060, 4.84, 4.84, -0.04, 0.10, 27.02
4.10, 0.0080, 4.84, 4.85, -0.04, 0.11, 27.09
4.11, 0.0060, 4.84, 4.85, -0.04, 0.11, 27.14
4.11, 0.0060, 4.84, 4.85, -0.04, 0.08, 27.14
4.12, 0.0070, 4.84, 4.85, -0.04, 0.03, 27.09
4.13, 0.0060, 4.84, 4.85, -0.04, -0.02, 27.00
4.13, 0.0060, 4.84, 4.85, -0.04, -0.06, 26.89
4.14, 0.0060, 4.84, 4.85, -0.04, -0.06, 26.82
4.15, 0.0080, 4.84, 4.85, -0.04, -0.05, 26.79
4.15, 0.0060, 4.84, 4.85, -0.04, -0.02, 26.82
4.16, 0.0060, 4.84, 4.85, -0.04, 0.02, 26.88
4.17, 0.0070, 4.84, 4.85, -0.04, 0.04, 26.95
4.17, 0.0060, 4.84, 4.85, -0.04, 0.06, 27.00
4.18, 0.0060, 4.84, 4.85, -0.04, 0.08, 27.05
4.19, 0.0080, 4.84, 4.85, -0.04, 0.11, 27.10
4.19, 0.0060, 4.84, 4.85, -0.04, 0.14, 27.17
4.20, 0.0060, 4.84, 4.85, -0.04, 0.15, 27.24
4.20, 0.0070, 4.84, 4.85, -0.04, 0.14, 27.29
4.21, 0.0060, 4.84, 4.85, -0.04, 0.11, 27.29
4.22, 0.0060, 4.84, 4.85, -0.04, 0.07, 27.24
4.22, 0.0070, 4.84, 4.85, -0.04, 0.04, 27.17
4.23, 0.0070, 4.84, 4.85, -0.04, 0.02, 27.11
4.24, 0.0060, 4.84, 4.85, -0.04, 0.02, 27.07
4.24, 0.0070, 4.84, 4.85, -0.04, 0.03, 27.07
4.25, 0.0060, 4.84, 4.85, -0.04, 0.06, 27.11
4.26, 0.0060, 4.84, 4.85, -0.04, 0.06, 27.16
4.26, 0.0070, 4.84, 4.85, -0.04, 0.06, 27.19
4.27, 0.0060, 4.84, 4.85, -0.04, 0.05, 27.19
4.28, 0.0070, 4.84, 4.85, -0.04, 0.04, 27.18
4.28, 0.0070, 4.84, 4.85, -0.04, 0.03, 27.16
4.29, 0.0060, 4.84, 4.85, -0.04, 0.03, 27.15
4.30, 0.0060, 4.84, 4.85, -0.04, 0.03, 27.15
4.30, 0.0060, 4.84, 4.85, -0.04, 0.05, 27.16
4.31, 0.0070, 4.84, 4.86, -0.04, 0.06, 27.19
4.31, 0.0070, 4.84, 4.86, -0.04, 0.08, 27.23
4.32, 0.0060, 4.84, 4.86, -0.04, 0.10, 27.28
4.33, 0.0070, 4.84, 4.86, -0.04, 0.10, 27.32
4.33, 0.0060, 4.84, 4.86, -0.04, 0.10, 27.35
4.34, 0.0060, 4.84, 4.86, -0.04, 0.08, 27.35
4.35, 0.0070, 4.84, 4.86, -0.04, 0.06, 27.33
4.35, 0.0060, 4.84, 4.86, -0.04, 0.05, 27.30
4.36, 0.0070, 4.84, 4.86, -0.04, 0.06, 27.29
4.37, 0.0070, 4.84, 4.86, -0.04, 0.07, 27.31
4.37, 0.0060, 4.84, 4.86, -0.04, 0.07, 27.34
4.38, 0.0060, 4.84, 4.86, -0.04, 0.06, 27.36
4.39, 0.0060, 4.84, 4.86, -0.04, 0.03, 27.33
4.39, 0.0070, 4.84, 4.86, -0.04, 0.01, 27.28
4.40, 0.0070, 4.84, 4.86, -0.04, -0.00, 27.23
4.41, 0.0060, 4.84, 4.86, -0.04, 0.01, 27.22
4.41, 0.0070, 4.84, 4.86, -0.04, 0.04, 27.25
4.42, 0.0060, 4.84, 4.86, -0.04, 0.07, 27.32
4.42, 0.0060, 4.84, 4.86, -0.04, 0.09, 27.38
4.43, 0.0070, 4.84, 4.86, -0.04, 0.09, 27.43
4.44, 0.0060, 4.84, 4.86, -0.04, 0.08, 27.44
4.44, 0.0070, 4.84, 4.86, -0.04, 0.06, 27.43
4.45, 0.0070, 4.84, 4.86, -0.04, 0.04, 27.40
4.46, 0.0060, 4.84, 4.86, -0.04, 0.04, 27.37
4.46, 0.0060, 4.84, 4.86, -0.04, 0.03, 27.36
4.47, 0.0070, 4.84, 4.86, -0.04, 0.03, 27.36
4.48, 0.0060, 4.84, 4.87, -0.04, 0.03, 27.36
4.48, 0.0060, 4.84, 4.87, -0.04, 0.04, 27.37
4.49, 0.0080, 4.84, 4.87, -0.04, 0.05, 27.38
4.50, 0.0060, 4.84, 4.87, -0.04, 0.05, 27.40
4.50, 0.0060, 4.84, 4.87, -0.04, 0.04, 27.41
4.51, 0.0060, 4.84, 4.87, -0.04, 0.03, 27.40
4.51, 0.0070, 4.84, 4.87, -0.04, 0.02, 27.39
4.52, 0.0060, 4.84, 4.87, -0.04, 0.02, 27.37
4.53, 0.0070, 4.84, 4.87, -0.04, 0.03, 27.37
4.53, 0.0070, 4.84, 4.87, -0.04, 0.04, 27.39
4.54, 0.0060, 4.84, 4.87, -0.04, 0.05, 27.42
4.55, 0.0060, 4.84, 4.87, -0.04, 0.05, 27.45
4.55, 0.0070, 4.84, 4.87, -0.04, 0.04, 27.45
4.56, 0.0060, 4.84, 4.87, -0.04, 0.03, 27.43
4.57, 0.0060, 4.84, 4.87, -0.04, 0.02, 27.41
4.57, 0.0080, 4.84, 4.87, -0.04, 0.03, 27.41
4.58, 0.0060, 4.84, 4.87, -0.04, 0.04, 27.42
4.59, 0.0060, 4.84, 4.87, -0.04, 0.06, 27.46
4.59, 0.0060, 4.84, 4.87, -0.04, 0.07, 27.50
4.60, 0.0070, 4.84, 4.87, -0.04, 0.06, 27.52
4.60, 0.0060, 4.84, 4.87, -0.04, 0.04, 27.51
4.61, 0.0070, 4.84, 4.87, -0.04, 0.03, 27.49
4.62, 0.0070, 4.84, 4.87, -0.04, 0.03, 27.47
4.62, 0.0060, 4.84, 4.87, -0.04, 0.04, 27.48
4.63, 0.0060, 4.84, 4.87, -0.04, 0.04, 27.49
4.64, 0.0070, 4.84, 4.87, -0.04, 0.04, 27.50
4.64, 0.0060, 4.84, 4.87, -0.04, 0.04, 27.51
4.65, 0.0060, 4.84, 4.87, -0.04, 0.04, 27.52
4.66, 0.0080, 4.84, 4.87, -0.04, 0.04, 27.52
4.66, 0.0060, 4.84, 4.87, -0.04, 0.04, 27.52
4.67, 0.0060, 4.84, 4.87, -0.04, 0.04, 27.52
4.68, 0.0070, 4.84, 4.87, -0.04, 0.05, 27.54
4.68, 0.0060, 4.84, 4.87, -0.04, 0.05, 27.55
4.69, 0.0060, 4.84, 4.87, -0.04, 0.05, 27.56
4.70, 0.0060, 4.84, 4.87, -0.04, 0.05, 27.57
4.70, 0.0080, 4.84, 4.87, -0.04, 0.06, 27.58
4.71, 0.0060, 4.84, 4.87, -0.04, 0.06, 27.61
4.72, 0.0060, 4.84, 4.88, -0.04, 0.06, 27.62
4.72, 0.0070, 4.84, 4.88, -0.04, 0.05, 27.61
4.73, 0.0060, 4.84, 4.88, -0.04, 0.04, 27.60
4.73, 0.0060, 4.84, 4.88, -0.04, 0.03, 27.58
4.74, 0.0080, 4.84, 4.88, -0.04, 0.04, 27.57
4.75, 0.0060, 4.84, 4.88, -0.04, 0.06, 27.59
4.75, 0.0060, 4.84, 4.88, -0.04, 0.08, 27.64
4.76, 0.0070, 4.84, 4.88, -0.04, 0.09, 27.69
4.77, 0.0060, 4.84, 4.88, -0.04, 0.08, 27.72
4.77, 0.0060, 4.84, 4.88, -0.04, 0.07, 27.73
4.78, 0.0070, 4.84, 4.88, -0.04, 0.04, 27.70
4.79, 0.0070, 4.84, 4.88, -0.04, 0.03, 27.66
4.79, 0.0060, 4.84, 4.88, -0.04, 0.03, 27.64
4.80, 0.0070, 4.84, 4.88, -0.04, 0.04, 27.64
4.80, 0.0060, 4.84, 4.88, -0.04, 0.05, 27.67
4.81, 0.0060, 4.84, 4.88, -0.04, 0.06, 27.70
4.82, 0.0060, 4.84, 4.88, -0.04, 0.06, 27.72
4.82, 0.0080, 4.84, 4.88, -0.04, 0.06, 27.73
4.83, 0.0060, 4.84, 4.88, -0.04, 0.05, 27.73
4.84, 0.0060, 4.84, 4.88, -0.04, 0.05, 27.73
4.84, 0.0070, 4.84, 4.88, -0.04, 0.05, 27.72
4.85, 0.0060, 4.84, 4.88, -0.04, 0.05, 27.73
4.86, 0.0060, 4.84, 4.88, -0.04, 0.06, 27.75
4.86, 0.0070, 4.84, 4.88, -0.04, 0.07, 27.77
4.87, 0.0070, 4.84, 4.88, -0.04, 0.08, 27.80
4.88, 0.0060, 4.84, 4.88, -0.04, 0.08, 27.83
4.88, 0.0070, 4.84, 4.88, -0.04, 0.08, 27.85
4.89, 0.0060, 4.84, 4.88, -0.04, 0.06, 27.85
4.90, 0.0060, 4.84, 4.89, -0.04, 0.04, 27.82
4.90, 0.0070, 4.84, 4.89, -0.04, 0.02, 27.78
4.91, 0.0060, 4.84, 4.89, -0.04, 0.02, 27.75
4.92, 0.0070, 4.84, 4.89, -0.04, 0.03, 27.75
4.92, 0.0070, 4.84, 4.89, -0.04, 0.05, 27.78
4.93, 0.0060, 4.84, 4.89, -0.04, 0.07, 27.83
4.93, 0.0060, 4.84, 4.89, -0.04, 0.08, 27.88
4.94, 0.0060, 4.84, 4.89, -0.04, 0.07, 27.90
4.95, 0.0070, 4.84, 4.89, -0.04, 0.06, 27.89
4.95, 0.0070, 4.84, 4.89, -0.04, 0.04, 27.87
4.96, 0.0060, 4.84, 4.89, -0.04, 0.04, 27.85
4.97, 0.0070, 4.84, 4.89, -0.04, 0.05, 27.86
4.97, 0.0060, 4.84, 4.89, -0.04, 0.06, 27.88
4.98, 0.0060, 4.84, 4.89, -0.04, 0.07, 27.90
4.99, 0.0070, 4.84, 4.89, -0.04, 0.07, 27.92
4.99, 0.0060, 4.84, 4.89, -0.04, 0.06, 27.93
5.00, 0.0070, 4.84, 4.89, -0.04, 0.06, 27.93
5.01, 0.0070, 4.84, 4.89, -0.04, 0.06, 27.93
5.01, 0.0060, 4.84, 4.89, -0.04, 0.06, 27.94
5.02, 0.0060, 4.84, 4.89, -0.04, 0.06, 27.95
5.03, 0.0060, 4.84, 4.89, -0.04, 0.06, 27.96
5.03, 0.0070, 4.84, 4.89, -0.04, 0.05, 27.96
5.04, 0.0070, 4.84, 4.89, -0.04, 0.04, 27.95
5.05, 0.0060, 4.84, 4.89, -0.04, 0.04, 27.94
5.05, 0.0070, 4.84, 4.89, -0.04, 0.04, 27.94
5.06, 0.0060, 4.84, 4.89, -0.04, 0.04, 27.95
5.06, 0.0060, 4.84, 4.89, -0.04, 0.04, 27.95
5.07, 0.0070, 4.84, 4.89, -0.04, 0.04, 27.95
5.08, 0.0060, 4.84, 4.89, -0.04, 0.04, 27.96
5.08, 0.0070, 4.84, 4.89, -0.04, 0.05, 27.97
5.09, 0.0070, 4.84, 4.90, -0.04, 0.06, 27.99
5.10, 0.0060, 4.84, 4.90, -0.04, 0.07, 28.03
5.10, 0.0060, 4.84, 4.90, -0.04, 0.08, 28.06
5.11, 0.0070, 4.84, 4.90, -0.04, 0.08, 28.08
5.11, 0.0060, 4.84, 4.90, -0.04, 0.07, 28.08
5.12, 0.0060, 4.84, 4.90, -0.04, 0.05, 28.07
5.13, 0.0080, 4.84, 4.90, -0.04, 0.04, 28.05
5.14, 0.0060, 4.84, 4.90, -0.04, 0.03, 28.04
5.14, 0.0060, 4.84, 4.90, -0.04, 0.03, 28.02
5.15, 0.0060, 4.84, 4.90, -0.04, 0.03, 28.02
5.15, 0.0070, 4.84, 4.90, -0.04, 0.03, 28.02
5.16, 0.0060, 4.84, 4.90, -0.04, 0.03, 28.03
5.17, 0.0070, 4.84, 4.90, -0.04, 0.04, 28.04
5.17, 0.0070, 4.84, 4.90, -0.04, 0.05, 28.06
5.18, 0.0060, 4.84, 4.90, -0.04, 0.06, 28.08
5.19, 0.0060, 4.84, 4.90, -0.04, 0.06, 28.10
5.19, 0.0070, 4.84, 4.90, -0.04, 0.05, 28.11
5.20, 0.0060, 4.84, 4.90, -0.04, 0.05, 28.11
5.21, 0.0060, 4.84, 4.90, -0.04, 0.04, 28.10
5.21, 0.0070, 4.84, 4.90, -0.04, 0.03, 28.10
5.22, 0.0070, 4.84, 4.90, -0.04, 0.03, 28.08
5.23, 0.0060, 4.84, 4.90, -0.04, 0.02, 28.08
5.23, 0.0060, 4.84, 4.90, -0.04, 0.02, 28.07
5.24, 0.0070, 4.84, 4.90, -0.04, 0.03, 28.07
5.24, 0.0060, 4.84, 4.90, -0.04, 0.04, 28.08
5.25, 0.0070, 4.84, 4.90, -0.04, 0.06, 28.12
5.26, 0.0070, 4.84, 4.90, -0.04, 0.08, 28.17
5.26, 0.0060, 4.84, 4.90, -0.04, 0.07, 28.21
5.27, 0.0060, 4.84, 4.90, -0.04, 0.06, 28.21
5.28, 0.0070, 4.84, 4.90, -0.04, 0.03, 28.18
5.28, 0.0060, 4.84, 4.90, -0.04, 0.01, 28.14
5.29, 0.0060, 4.84, 4.90, -0.04, 0.00, 28.10
5.30, 0.0080, 4.84, 4.90, -0.04, 0.01, 28.09
5.30, 0.0060, 4.84, 4.90, -0.04, 0.02, 28.09
5.31, 0.0060, 4.84, 4.90, -0.04, 0.03, 28.12
5.32, 0.0060, 4.84, 4.90, -0.04, 0.04, 28.15
5.32, 0.0070, 4.84, 4.90, -0.04, 0.05, 28.17
5.33, 0.0060, 4.84, 4.91, -0.04, 0.06, 28.20
5.34, 0.0060, 4.84, 4.91, -0.04, 0.07, 28.23
5.34, 0.0080, 4.84, 4.91, -0.04, 0.07, 28.25
5.35, 0.0060, 4.84, 4.91, -0.04, 0.06, 28.27
5.36, 0.0060, 4.84, 4.91, -0.04, 0.05, 28.25
5.36, 0.0070, 4.84, 4.91, -0.04, 0.04, 28.24
5.37, 0.0060, 4.84, 4.91, -0.04, 0.04, 28.23
5.37, 0.0060, 4.84, 4.91, -0.04, 0.04, 28.23
5.38, 0.0080, 4.84, 4.91, -0.04, 0.05, 28.24
5.39, 0.0060, 4.84, 4.91, -0.04, 0.05, 28.26
5.39, 0.0060, 4.84, 4.91, -0.04, 0.05, 28.28
5.40, 0.0060, 4.84, 4.91, -0.04, 0.05, 28.28
5.41, 0.0070, 4.84, 4.91, -0.04, 0.04, 28.28
5.41, 0.0060, 4.84, 4.91, -0.04, 0.05, 28.28
5.42, 0.0060, 4.84, 4.91, -0.04, 0.07, 28.30
5.43, 0.0080, 4.84, 4.91, -0.04, 0.09, 28.34
5.43, 0.0060, 4.84, 4.91, -0.04, 0.09, 28.39
5.44, 0.0060, 4.84, 4.91, -0.04, 0.08, 28.41
5.45, 0.0070, 4.84, 4.91, -0.04, 0.05, 28.40
5.45, 0.0060, 4.84, 4.91, -0.04, 0.03, 28.35
5.46, 0.0060, 4.84, 4.91, -0.04, 0.02, 28.30
5.47, 0.0080, 4.84, 4.91, -0.04, 0.03, 28.29
5.47, 0.0060, 4.84, 4.91, -0.04, 0.06, 28.32
5.48, 0.0060, 4.84, 4.91, -0.04, 0.09, 28.38
5.48, 0.0060, 4.84, 4.91, -0.04, 0.10, 28.45
5.49, 0.0070, 4.84, 4.91, -0.04, 0.10, 28.49
5.50, 0.0060, 4.84, 4.92, -0.04, 0.08, 28.49
5.50, 0.0060, 4.84, 4.92, -0.04, 0.06, 28.47
5.51, 0.0080, 4.84, 4.92, -0.04, 0.05, 28.44
5.52, 0.0060, 4.84, 4.92, -0.04, 0.04, 28.42
5.52, 0.0060, 4.84, 4.92, -0.04, 0.04, 28.42
5.53, 0.0070, 4.84, 4.92, -0.04, 0.05, 28.42
5.53, 0.0060, 4.84, 4.92, -0.04, 0.06, 28.45
5.54, 0.0060, 4.84, 4.92, -0.04, 0.08, 28.48
5.55, 0.0070, 4.84, 4.92, -0.04, 0.09, 28.51
5.55, 0.0070, 4.84, 4.92, -0.04, 0.09, 28.54
5.56, 0.0060, 4.84, 4.92, -0.04, 0.08, 28.56
5.57, 0.0070, 4.84, 4.92, -0.04, 0.06, 28.55
5.57, 0.0060, 4.84, 4.92, -0.04, 0.03, 28.52
5.58, 0.0060, 4.84, 4.92, -0.04, 0.01, 28.47
5.59, 0.0070, 4.84, 4.92, -0.04, 0.01, 28.43
5.59, 0.0070, 4.84, 4.92, -0.04, 0.02, 28.43
5.60, 0.0060, 4.84, 4.92, -0.04, 0.05, 28.45
5.61, 0.0060, 4.84, 4.92, -0.04, 0.07, 28.51
5.61, 0.0070, 4.84, 4.92, -0.04, 0.09, 28.57
5.62, 0.0060, 4.84, 4.92, -0.04, 0.09, 28.62
5.63, 0.0060, 4.84, 4.92, -0.04, 0.07, 28.62
5.63, 0.0070, 4.84, 4.92, -0.04, 0.05, 28.59
5.64, 0.0070, 4.84, 4.92, -0.04, 0.04, 28.56
5.65, 0.0060, 4.84, 4.92, -0.04, 0.05, 28.55
5.65, 0.0070, 4.84, 4.92, -0.04, 0.06, 28.57
5.66, 0.0060, 4.84, 4.92, -0.04, 0.07, 28.60
5.67, 0.0060, 4.84, 4.92, -0.04, 0.07, 28.63
5.67, 0.0070, 4.84, 4.93, -0.04, 0.07, 28.65
5.68, 0.0070, 4.84, 4.93, -0.04, 0.06, 28.65
5.69, 0.0060, 4.84, 4.93, -0.04, 0.04, 28.63
5.69, 0.0070, 4.84, 4.93, -0.04, 0.03, 28.60
5.70, 0.0060, 4.84, 4.93, -0.04, 0.03, 28.59
5.70, 0.0060, 4.84, 4.93, -0.04, 0.03, 28.58
5.71, 0.0060, 4.84, 4.93, -0.04, 0.04, 28.59
5.72, 0.0070, 4.84, 4.93, -0.04, 0.04, 28.61
5.72, 0.0070, 4.84, 4.93, -0.04, 0.05, 28.63
5.73, 0.0060, 4.84, 4.93, -0.04, 0.06, 28.66
5.74, 0.0070, 4.84, 4.93, -0.04, 0.05, 28.67
5.74, 0.0060, 4.84, 4.93, -0.04, 0.04, 28.67
5.75, 0.0060, 4.84, 4.93, -0.04, 0.03, 28.66
5.76, 0.0070, 4.84, 4.93, -0.04, 0.03, 28.64
5.76, 0.0060, 4.84, 4.93, -0.04, 0.03, 28.63
5.77, 0.0070, 4.84, 4.93, -0.04, 0.06, 28.65
5.78, 0.0070, 4.84, 4.93, -0.04, 0.08, 28.71
5.78, 0.0060, 4.84, 4.93, -0.04, 0.10, 28.77
5.79, 0.0060, 4.84, 4.93, -0.04, 0.09, 28.81
5.79, 0.0070, 4.84, 4.93, -0.04, 0.07, 28.82
5.80, 0.0060, 4.84, 4.93, -0.04, 0.05, 28.79
5.81, 0.0070, 4.84, 4.93, -0.04, 0.02, 28.73
5.81, 0.0060, 4.84, 4.93, -0.04, 0.01, 28.68
5.82, 0.0070, 4.84, 4.93, -0.04, 0.02, 28.67
5.83, 0.0060, 4.84, 4.93, -0.04, 0.04, 28.70
5.83, 0.0060, 4.84, 4.93, -0.04, 0.05, 28.73
5.84, 0.0070, 4.84, 4.93, -0.04, 0.05, 28.76
5.85, 0.0060, 4.84, 4.93, -0.04, 0.04, 28.76
5.85, 0.0070, 4.84, 4.93, -0.04, 0.04, 28.76
5.86, 0.0070, 4.84, 4.93, -0.04, 0.03, 28.75
5.86, 0.0060, 4.84, 4.93, -0.04, 0.04, 28.75
5.87, 0.0060, 4.84, 4.93, -0.04, 0.05, 28.76
5.88, 0.0070, 4.84, 4.94, -0.04, 0.06, 28.79
5.88, 0.0060, 4.84, 4.94, -0.04, 0.07, 28.83
5.89, 0.0070, 4.84, 4.94, -0.04, 0.08, 28.86
5.90, 0.0070, 4.84, 4.94, -0.04, 0.07, 28.87
5.90, 0.0060, 4.84, 4.94, -0.04, 0.07, 28.88
5.91, 0.0060, 4.84, 4.94, -0.04, 0.06, 28.88
5.92, 0.0060, 4.84, 4.94, -0.04, 0.05, 28.87
5.92, 0.0070, 4.84, 4.94, -0.04, 0.05, 28.86
5.93, 0.0060, 4.84, 4.94, -0.04, 0.04, 28.85
5.94, 0.0070, 4.84, 4.94, -0.04, 0.05, 28.85
5.94, 0.0070, 4.84, 4.94, -0.04, 0.05, 28.86
5.95, 0.0060, 4.84, 4.94, -0.04, 0.06, 28.88
5.96, 0.0060, 4.84, 4.94, -0.04, 0.06, 28.90
5.96, 0.0070, 4.84, 4.94, -0.04, 0.06, 28.92
5.97, 0.0060, 4.84, 4.94, -0.04, 0.06, 28.93
5.98, 0.0060, 4.84, 4.94, -0.04, 0.06, 28.93
5.98, 0.0080, 4.84, 4.94, -0.04, 0.07, 28.94
5.99, 0.0060, 4.84, 4.94, -0.04, 0.08, 28.96
6.00, 0.0060, 4.84, 4.94, -0.04, 0.08, 28.99
6.00, 0.0070, 4.84, 4.94, -0.04, 0.09, 29.01
6.01, 0.0060, 4.84, 4.94, -0.04, 0.08, 29.03
6.01, 0.0060, 4.84, 4.94, -0.04, 0.07, 29.03
6.02, 0.0080, 4.84, 4.94, -0.04, 0.05, 29.01
6.03, 0.0060, 4.84, 4.94, -0.04, 0.04, 28.99
6.03, 0.0060, 4.84, 4.94, -0.04, 0.05, 28.98
6.04, 0.0070, 4.84, 4.95, -0.04, 0.06, 29.00
6.05, 0.0060, 4.84, 4.95, -0.04, 0.08, 29.03
6.05, 0.0060, 4.84, 4.95, -0.04, 0.10, 29.08
6.06, 0.0070, 4.84, 4.95, -0.04, 0.10, 29.13
6.07, 0.0070, 4.84, 4.95, -0.04, 0.09, 29.15
6.07, 0.0060, 4.84, 4.95, -0.04, 0.07, 29.14
6.08, 0.0060, 4.84, 4.95, -0.04, 0.05, 29.10
6.09, 0.0070, 4.84, 4.95, -0.04, 0.03, 29.06
6.09, 0.0060, 4.84, 4.95, -0.04, 0.03, 29.04
6.10, 0.0060, 4.84, 4.95, -0.04, 0.04, 29.04
6.11, 0.0080, 4.84, 4.95, -0.04, 0.06, 29.07
6.11, 0.0060, 4.84, 4.95, -0.04, 0.07, 29.10
6.12, 0.0060, 4.84, 4.95, -0.04, 0.07, 29.14
6.12, 0.0070, 4.84, 4.95, -0.04, 0.04, 29.15
6.13, 0.0060, 4.84, 4.95, -0.04, -0.03, 29.10
6.14, 0.0060, 4.84, 4.95, -0.04, -0.13, 28.96
6.14, 0.0060, 4.84, 4.95, -0.04, -0.22, 28.75
6.15, 0.0080, 4.84, 4.95, -0.04, -0.26, 28.54
6.16, 0.0060, 4.84, 4.94, -0.04, -0.26, 28.40
6.16, 0.0060, 4.84, 4.94, -0.04, -0.22, 28.39
6.17, 0.0070, 4.84, 4.94, -0.04, -0.20, 28.44
6.18, 0.0060, 4.84, 4.94, -0.04, -0.21, 28.45
6.18, 0.0060, 4.84, 4.94, -0.04, -0.25, 28.40
6.19, 0.0070, 4.84, 4.94, -0.04, -0.32, 28.28
6.20, 0.0070, 4.84, 4.93, -0.04, -0.39, 28.11
6.20, 0.0060, 4.84, 4.93, -0.04, -0.43, 27.92
6.21, 0.0070, 4.84, 4.93, -0.04, -0.45, 27.77
6.22, 0.0060, 4.84, 4.93, -0.04, -0.46, 27.68
6.22, 0.0060, 4.84, 4.92, -0.04, -0.50, 27.60
6.23, 0.0070, 4.84, 4.92, -0.04, -0.57, 27.46
6.24, 0.0070, 4.84, 4.91, -0.04, -0.65, 27.24
6.24, 0.0070, 4.84, 4.91, -0.04, -0.71, 26.99
6.25, 0.0060, 4.84, 4.91, -0.04, -0.74, 26.77
6.25, 0.0060, 4.84, 4.90, -0.04, -0.74, 26.62
6.26, 0.0070, 4.84, 4.90, -0.04, -0.71, 26.53
6.27, 0.0060, 4.84, 4.89, -0.04, -0.66, 26.49
6.27, 0.0060, 4.84, 4.89, -0.04, -0.61, 26.51
6.28, 0.0080, 4.84, 4.88, -0.04, -0.59, 26.54
6.29, 0.0060, 4.84, 4.88, -0.04, -0.63, 26.49
6.29, 0.0060, 4.84, 4.88, -0.04, -0.73, 26.32
6.30, 0.0070, 4.84, 4.87, -0.04, -0.84, 26.05
6.30, 0.0060, 4.84, 4.86, -0.04, -0.91, 25.71
6.31, 0.0060, 4.84, 4.86, -0.04, -0.93, 25.45
6.32, 0.0080, 4.84, 4.85, -0.04, -0.86, 25.31
6.32, 0.0060, 4.84, 4.85, -0.04, -0.71, 25.31
6.33, 0.0060, 4.84, 4.84, -0.04, -0.53, 25.51
6.34, 0.0070, 4.84, 4.84, -0.04, -0.39, 25.82
6.34, 0.0060, 4.84, 4.84, -0.04, -0.36, 26.04
6.35, 0.0060, 4.84, 4.84, -0.04, -0.43, 26.05
6.36, 0.0070, 4.84, 4.83, -0.04, -0.52, 25.87
6.36, 0.0070, 4.84, 4.83, -0.04, -0.59, 25.61
6.37, 0.0060, 4.84, 4.83, -0.04, -0.59, 25.40
6.38, 0.0070, 4.84, 4.82, -0.04, -0.55, 25.32
6.38, 0.0060, 4.84, 4.82, -0.04, -0.47, 25.32
6.39, 0.0060, 4.84, 4.82, -0.04, -0.37, 25.42
6.40, 0.0060, 4.84, 4.81, -0.04, -0.28, 25.57
6.40, 0.0080, 4.84, 4.81, -0.04, -0.22, 25.72
6.41, 0.0060, 4.84, 4.81, -0.04, -0.18, 25.81
6.42, 0.0060, 4.84, 4.81, -0.04, -0.13, 25.88
6.42, 0.0070, 4.84, 4.81, -0.04, -0.08, 25.96
6.43, 0.0060, 4.84, 4.81, -0.04, -0.05, 26.04
6.44, 0.0060, 4.84, 4.81, -0.04, -0.04, 26.10
6.44, 0.0070, 4.84, 4.81, -0.04, -0.04, 26.12
6.45, 0.0070, 4.84, 4.81, -0.04, -0.03, 26.12
6.46, 0.0060, 4.84, 4.81, -0.04, -0.03, 26.12
6.46, 0.0070, 4.84, 4.81, -0.04, -0.04, 26.12
6.47, 0.0060, 4.84, 4.81, -0.04, -0.06, 26.10
6.47, 0.0060, 4.84, 4.81, -0.04, -0.07, 26.05
6.48, 0.0070, 4.84, 4.81, -0.04, -0.04, 26.01
6.49, 0.0060, 4.84, 4.81, -0.04, 0.03, 26.07
6.49, 0.0070, 4.84, 4.81, -0.04, 0.11, 26.21
6.50, 0.0070, 4.84, 4.81, -0.04, 0.17, 26.39
6.51, 0.0060, 4.84, 4.81, -0.04, 0.17, 26.53
6.51, 0.0060, 4.84, 4.81, -0.04, 0.14, 26.57
6.52, 0.0070, 4.84, 4.81, -0.04, 0.08, 26.52
6.53, 0.0060, 4.84, 4.81, -0.04, -0.00, 26.40
6.53, 0.0070, 4.84, 4.81, -0.04, -0.05, 26.24
6.54, 0.0060, 4.84, 4.81, -0.04, -0.03, 26.14
6.55, 0.0070, 4.84, 4.81, -0.04, 0.03, 26.18
6.55, 0.0060, 4.84, 4.81, -0.04, 0.09, 26.30
6.56, 0.0060, 4.84, 4.81, -0.04, 0.12, 26.42
6.56, 0.0070, 4.84, 4.81, -0.04, 0.13, 26.50
6.57, 0.0060, 4.84, 4.81, -0.04, 0.13, 26.54
6.58, 0.0070, 4.84, 4.82, -0.04, 0.12, 26.56
6.58, 0.0070, 4.84, 4.82, -0.04, 0.09, 26.55
6.59, 0.0060, 4.84, 4.82, -0.04, 0.05, 26.51
6.60, 0.0060, 4.84, 4.82, -0.04, 0.02, 26.44
6.60, 0.0070, 4.84, 4.82, -0.04, -0.01, 26.37
6.61, 0.0060, 4.84, 4.82, -0.04, -0.02, 26.31
6.62, 0.0060, 4.84, 4.82, -0.04, -0.00, 26.30
6.62, 0.0080, 4.84, 4.82, -0.04, 0.03, 26.32
6.63, 0.0060, 4.84, 4.82, -0.04, 0.06, 26.39
6.64, 0.0060, 4.84, 4.82, -0.04, 0.08, 26.46
6.64, 0.0070, 4.84, 4.82, -0.04, 0.07, 26.50
6.65, 0.0060, 4.84, 4.82, -0.04, 0.05, 26.51
6.66, 0.0060, 4.84, 4.82, -0.04, 0.03, 26.47
6.66, 0.0080, 4.84, 4.82, -0.04, 0.01, 26.42
6.67, 0.0060, 4.84, 4.82, -0.04, 0.02, 26.40
6.68, 0.0060, 4.84, 4.82, -0.04, 0.04, 26.41
6.68, 0.0070, 4.84, 4.82, -0.04, 0.06, 26.45
6.69, 0.0060, 4.84, 4.82, -0.04, 0.08, 26.51
6.69, 0.0060, 4.84, 4.82, -0.04, 0.09, 26.55
6.70, 0.0070, 4.84, 4.82, -0.04, 0.10, 26.59
6.71, 0.0070, 4.84, 4.82, -0.04, 0.09, 26.62
6.71, 0.0060, 4.84, 4.82, -0.04, 0.08, 26.62
6.72, 0.0070, 4.84, 4.82, -0.04, 0.07, 26.61
6.73, 0.0060, 4.84, 4.82, -0.04, 0.06, 26.59
6.73, 0.0060, 4.84, 4.82, -0.04, 0.05, 26.57
6.74, 0.0070, 4.84, 4.82, -0.04, 0.04, 26.56
6.75, 0.0070, 4.84, 4.82, -0.04, 0.04, 26.56
6.75, 0.0060, 4.84, 4.82, -0.04, 0.05, 26.57
6.76, 0.0060, 4.84, 4.82, -0.04, 0.05, 26.58
6.76, 0.0070, 4.84, 4.82, -0.04, 0.04, 26.59
6.77, 0.0060, 4.84, 4.82, -0.04, 0.03, 26.57
6.78, 0.0060, 4.84, 4.83, -0.04, 0.02, 26.55
6.78, 0.0070, 4.84, 4.83, -0.04, 0.04, 26.55
6.79, 0.0070, 4.84, 4.83, -0.04, 0.07, 26.59
6.80, 0.0060, 4.84, 4.83, -0.04, 0.09, 26.65
6.80, 0.0070, 4.84, 4.83, -0.04, 0.10, 26.71
6.81, 0.0060, 4.84, 4.83, -0.04, 0.09, 26.74
6.82, 0.0060, 4.84, 4.83, -0.04, 0.06, 26.73
6.82, 0.0070, 4.84, 4.83, -0.04, 0.04, 26.68
6.83, 0.0070, 4.84, 4.83, -0.04, 0.03, 26.65
6.84, 0.0060, 4.84, 4.83, -0.04, 0.03, 26.62
6.84, 0.0070, 4.84, 4.83, -0.04, 0.04, 26.63
6.85, 0.0060, 4.84, 4.83, -0.04, 0.06, 26.67
6.86, 0.0060, 4.84, 4.83, -0.04, 0.07, 26.71
6.86, 0.0070, 4.84, 4.83, -0.04, 0.07, 26.74
6.87, 0.0060, 4.84, 4.83, -0.04, 0.07, 26.75
6.88, 0.0070, 4.84, 4.83, -0.04, 0.06, 26.75
6.88, 0.0070, 4.84, 4.83, -0.04, 0.04, 26.73
6.89, 0.0060, 4.84, 4.83, -0.04, 0.04, 26.71
6.90, 0.0060, 4.84, 4.83, -0.04, 0.04, 26.70
6.90, 0.0060, 4.84, 4.83, -0.04, 0.04, 26.71
6.91, 0.0070, 4.84, 4.83, -0.04, 0.05, 26.73
6.91, 0.0060, 4.84, 4.83, -0.04, 0.06, 26.75
6.92, 0.0070, 4.84, 4.83, -0.04, 0.07, 26.78
6.93, 0.0070, 4.84, 4.83, -0.04, 0.07, 26.80
6.93, 0.0060, 4.84, 4.83, -0.04, 0.07, 26.82
6.94, 0.0060, 4.84, 4.83, -0.04, 0.07, 26.83
6.95, 0.0070, 4.84, 4.84, -0.04, 0.07, 26.84
6.95, 0.0060, 4.84, 4.84, -0.04, 0.07, 26.85
6.96, 0.0070, 4.84, 4.84, -0.04, 0.07, 26.85
6.97, 0.0070, 4.84, 4.84, -0.04, 0.08, 26.86
6.97, 0.0060, 4.84, 4.84, -0.04, 0.08, 26.88
6.98, 0.0060, 4.84, 4.84, -0.04, 0.07, 26.90
6.99, 0.0070, 4.84, 4.84, -0.04, 0.05, 26.88
6.99, 0.0060, 4.84, 4.84, -0.04, 0.04, 26.85
7.00, 0.0060, 4.84, 4.84, -0.04, 0.04, 26.83
7.01, 0.0080, 4.84, 4.84, -0.04, 0.05, 26.84
7.01, 0.0060, 4.84, 4.84, -0.04, 0.07, 26.87
7.02, 0.0060, 4.84, 4.84, -0.04, 0.09, 26.92
7.02, 0.0070, 4.84, 4.84, -0.04, 0.09, 26.96
7.03, 0.0060, 4.84, 4.84, -0.04, 0.09, 26.99
7.04, 0.0060, 4.84, 4.84, -0.04, 0.07, 26.99
7.04, 0.0080, 4.84, 4.84, -0.04, 0.05, 26.96
7.05, 0.0060, 4.84, 4.84, -0.04, 0.05, 26.94
7.06, 0.0060, 4.84, 4.84, -0.04, 0.05, 26.93
7.06, 0.0070, 4.84, 4.84, -0.04, 0.06, 26.94
7.07, 0.0060, 4.84, 4.84, -0.04, 0.07, 26.97
7.08, 0.0060, 4.84, 4.84, -0.04, 0.08, 27.00
7.08, 0.0060, 4.84, 4.84, -0.04, 0.08, 27.03
7.09, 0.0080, 4.84, 4.84, -0.04, 0.08, 27.04
7.10, 0.0060, 4.84, 4.84, -0.04, 0.07, 27.04
7.10, 0.0060, 4.84, 4.85, -0.04, 0.05, 27.03
7.11, 0.0070, 4.84, 4.85, -0.04, 0.05, 27.01
7.11, 0.0060, 4.84, 4.85, -0.04, 0.04, 27.01
7.12, 0.0060, 4.84, 4.85, -0.04, 0.04, 27.00
7.13, 0.0070, 4.84, 4.85, -0.04, 0.05, 27.01
7.13, 0.0070, 4.84, 4.85, -0.04, 0.05, 27.02
7.14, 0.0060, 4.84, 4.85, -0.04, 0.06, 27.04
7.15, 0.0070, 4.84, 4.85, -0.04, 0.07, 27.06
7.15, 0.0060, 4.84, 4.85, -0.04, 0.08, 27.10
7.16, 0.0060, 4.84, 4.85, -0.04, 0.07, 27.11
7.17, 0.0060, 4.84, 4.85, -0.04, 0.07, 27.12
7.17, 0.0080, 4.84, 4.85, -0.04, 0.06, 27.11
7.18, 0.0060, 4.84, 4.85, -0.04, 0.06, 27.11
7.19, 0.0060, 4.84, 4.85, -0.04, 0.06, 27.11
7.19, 0.0070, 4.84, 4.85, -0.04, 0.06, 27.12
7.20, 0.0060, 4.84, 4.85, -0.04, 0.07, 27.14
7.21, 0.0060, 4.84, 4.85, -0.04, 0.07, 27.15
7.21, 0.0070, 4.84, 4.85, -0.04, 0.07, 27.17
7.22, 0.0070, 4.84, 4.85, -0.04, 0.06, 27.17
7.23, 0.0060, 4.84, 4.85, -0.04, 0.06, 27.17
7.23, 0.0070, 4.84, 4.85, -0.04, 0.06, 27.17
7.24, 0.0060, 4.84, 4.85, -0.04, 0.06, 27.18
7.24, 0.0060, 4.84, 4.85, -0.04, 0.06, 27.19
7.25, 0.0070, 4.84, 4.85, -0.04, 0.06, 27.19
7.26, 0.0070, 4.84, 4.85, -0.04, 0.06, 27.20
7.26, 0.0060, 4.84, 4.85, -0.04, 0.06, 27.21
7.27, 0.0070, 4.84, 4.86, -0.04, 0.06, 27.22
7.28, 0.0060, 4.84, 4.86, -0.04, 0.06, 27.23
7.28, 0.0060, 4.84, 4.86, -0.04, 0.06, 27.23
7.29, 0.0070, 4.84, 4.86, -0.04, 0.06, 27.23
7.30, 0.0060, 4.84, 4.86, -0.04, 0.06, 27.24
7.30, 0.0070, 4.84, 4.86, -0.04, 0.06, 27.25
7.31, 0.0070, 4.84, 4.86, -0.04, 0.07, 27.27
7.32, 0.0060, 4.84, 4.86, -0.04, 0.07, 27.29
7.32, 0.0060, 4.84, 4.86, -0.04, 0.07, 27.31
7.33, 0.0070, 4.84, 4.86, -0.04, 0.07, 27.32
7.33, 0.0060, 4.84, 4.86, -0.04, 0.06, 27.32
7.34, 0.0060, 4.84, 4.86, -0.04, 0.05, 27.31
7.35, 0.0070, 4.84, 4.86, -0.04, 0.05, 27.30
7.35, 0.0070, 4.84, 4.86, -0.04, 0.05, 27.30
7.36, 0.0060, 4.84, 4.86, -0.04, 0.06, 27.31
7.37, 0.0060, 4.84, 4.86, -0.04, 0.06, 27.33
7.37, 0.0070, 4.84, 4.86, -0.04, 0.06, 27.34
7.38, 0.0060, 4.84, 4.86, -0.04, 0.06, 27.35
7.39, 0.0070, 4.84, 4.86, -0.04, 0.06, 27.36
7.39, 0.0070, 4.84, 4.86, -0.04, 0.06, 27.37
7.40, 0.0060, 4.84, 4.86, -0.04, 0.06, 27.38
7.41, 0.0060, 4.84, 4.86, -0.04, 0.06, 27.39
7.41, 0.0070, 4.84, 4.86, -0.04, 0.07, 27.40
7.42, 0.0060, 4.84, 4.86, -0.04, 0.07, 27.41
7.43, 0.0060, 4.84, 4.86, -0.04, 0.07, 27.43
7.43, 0.0080, 4.84, 4.87, -0.04, 0.07, 27.44
7.44, 0.0060, 4.84, 4.87, -0.04, 0.07, 27.45
7.45, 0.0060, 4.84, 4.87, -0.04, 0.07, 27.46
7.45, 0.0070, 4.84, 4.87, -0.04, 0.07, 27.46
7.46, 0.0060, 4.84, 4.87, -0.04, 0.06, 27.47
7.46, 0.0060, 4.84, 4.87, -0.04, 0.06, 27.47
7.47, 0.0070, 4.84, 4.87, -0.04, 0.06, 27.48
7.48, 0.0070, 4.84, 4.87, -0.04, 0.06, 27.49
7.48, 0.0060, 4.84, 4.87, -0.04, 0.06, 27.50
7.49, 0.0060, 4.84, 4.87, -0.04, 0.07, 27.51
7.50, 0.0070, 4.84, 4.87, -0.04, 0.07, 27.52
7.50, 0.0060, 4.84, 4.87, -0.04, 0.07, 27.53
7.51, 0.0060, 4.84, 4.87, -0.04, 0.07, 27.54
7.52, 0.0080, 4.84, 4.87, -0.04, 0.07, 27.55
7.52, 0.0060, 4.84, 4.87, -0.04, 0.07, 27.56
7.53, 0.0060, 4.84, 4.87, -0.04, 0.06, 27.56
7.53, 0.0070, 4.84, 4.87, -0.04, 0.07, 27.56
7.54, 0.0060, 4.84, 4.87, -0.04, 0.07, 27.58
7.55, 0.0060, 4.84, 4.87, -0.04, 0.07, 27.59
7.55, 0.0080, 4.84, 4.87, -0.04, 0.07, 27.61
7.56, 0.0060, 4.84, 4.87, -0.04, 0.07, 27.62
7.57, 0.0060, 4.84, 4.87, -0.04, 0.07, 27.63
7.57, 0.0070, 4.84, 4.88, -0.04, 0.06, 27.63
7.58, 0.0060, 4.84, 4.88, -0.04, 0.06, 27.63
7.59, 0.0060, 4.84, 4.88, -0.04, 0.06, 27.63
7.59, 0.0070, 4.84, 4.88, -0.04, 0.06, 27.63
7.60, 0.0070, 4.84, 4.88, -0.04, 0.06, 27.64
7.61, 0.0060, 4.84, 4.88, -0.04, 0.06, 27.65
7.61, 0.0070, 4.84, 4.88, -0.04, 0.06, 27.66
7.62, 0.0060, 4.84, 4.88, -0.04, 0.06, 27.66
7.63, 0.0060, 4.84, 4.88, -0.04, 0.06, 27.67
7.63, 0.0070, 4.84, 4.88, -0.04, 0.06, 27.68
7.64, 0.0060, 4.84, 4.88, -0.04, 0.06, 27.68
7.65, 0.0070, 4.84, 4.88, -0.04, 0.06, 27.69
7.65, 0.0060, 4.84, 4.88, -0.04, 0.06, 27.70
7.66, 0.0070, 4.84, 4.88, -0.04, 0.05, 27.70
7.66, 0.0060, 4.84, 4.88, -0.04, 0.05, 27.71
7.67, 0.0060, 4.84, 4.88, -0.04, 0.06, 27.71
7.68, 0.0070, 4.84, 4.88, -0.04, 0.06, 27.72
7.68, 0.0070, 4.84, 4.88, -0.04, 0.05, 27.73
7.69, 0.0060, 4.84, 4.88, -0.04, 0.05, 27.73
7.70, 0.0070, 4.84, 4.88, -0.04, 0.05, 27.74
7.70, 0.0060, 4.84, 4.88, -0.04, 0.05, 27.74
7.71, 0.0060, 4.84, 4.88, -0.04, 0.05, 27.74
7.72, 0.0070, 4.84, 4.88, -0.04, 0.05, 27.74
7.72, 0.0060, 4.84, 4.88, -0.04, 0.05, 27.75
7.73, 0.0070, 4.84, 4.88, -0.04, 0.04, 27.76
7.74, 0.0070, 4.84, 4.88, -0.04, 0.05, 27.76
7.74, 0.0060, 4.84, 4.88, -0.04, 0.05, 27.78
7.75, 0.0060, 4.84, 4.88, -0.04, 0.05, 27.79
7.76, 0.0070, 4.84, 4.88, -0.04, 0.04, 27.78
7.76, 0.0060, 4.84, 4.89, -0.04, 0.06, 27.78
7.77, 0.0060, 4.84, 4.89, -0.04, 0.09, 27.82
7.78, 0.0080, 4.84, 4.89, -0.04, 0.10, 27.89
7.78, 0.0060, 4.84, 4.89, -0.04, 0.07, 27.93
7.79, 0.0060, 4.84, 4.89, -0.04, 0.01, 27.87
7.79, 0.0070, 4.84, 4.89, -0.04, -0.04, 27.75
7.80, 0.0060, 4.84, 4.89, -0.04, -0.07, 27.65
7.81, 0.0060, 4.84, 4.89, -0.04, -0.08, 27.59
7.81, 0.0080, 4.84, 4.88, -0.04, -0.11, 27.56
7.82, 0.0060, 4.84, 4.88, -0.04, -0.20, 27.48
7.83, 0.0060, 4.84, 4.88, -0.04, -0.36, 27.26
7.83, 0.0070, 4.84, 4.88, -0.04, -0.54, 26.92
7.84, 0.0060, 4.84, 4.87, -0.04, -0.71, 26.48
7.85, 0.0060, 4.84, 4.87, -0.04, -0.85, 26.05
7.85, 0.0070, 4.84, 4.86, -0.04, -0.98, 25.66
7.86, 0.0070, 4.84, 4.85, -0.04, -1.10, 25.27
7.87, 0.0060, 4.84, 4.85, -0.04, -1.24, 24.87
7.87, 0.0070, 4.84, 4.84, -0.04, -1.39, 24.46
7.88, 0.0060, 4.84, 4.83, -0.04, -1.58, 23.94
7.89, 0.0060, 4.84, 4.82, -0.04, -1.79, 23.39
7.89, 0.0070, 4.84, 4.80, -0.04, -2.01, 22.74
7.90, 0.0070, 4.84, 4.79, -0.04, -2.21, 22.02
7.91, 0.0060, 4.84, 4.77, -0.04, -2.35, 21.32
7.91, 0.0070, 4.84, 4.76, -0.04, -2.42, 20.75
7.92, 0.0060, 4.84, 4.74, -0.04, -2.45, 20.27
7.92, 0.0060, 4.84, 4.73, -0.04, -2.50, 19.91
7.93, 0.0070, 4.84, 4.71, -0.04, -2.60, 19.53
7.94, 0.0060, 4.84, 4.69, -0.04, -2.75, 18.96
7.94, 0.0070, 4.84, 4.67, -0.04, -2.93, 18.32
7.95, 0.0070, 4.84, 4.65, -0.04, -3.10, 17.55
7.96, 0.0060, 4.84, 4.63, -0.04, -3.24, 16.79
7.96, 0.0070, 4.84, 4.61, -0.04, -3.36, 16.11
7.97, 0.0060, 4.84, 4.59, -0.04, -3.44, 15.40
7.98, 0.0060, 4.84, 4.56, -0.04, -3.47, 14.84
7.98, 0.0080, 4.84, 4.54, -0.04, -3.49, 14.35
7.99, 0.0060, 4.84, 4.52, -0.04, -3.53, 13.76
8.00, 0.0060, 4.84, 4.49, -0.04, -3.60, 13.25
8.00, 0.0070, 4.84, 4.47, -0.04, -3.70, 12.67
8.01, 0.0060, 4.84, 4.45, -0.04, -3.76, 11.96
8.02, 0.0060, 4.84, 4.42, -0.04, -3.76, 11.38
8.02, 0.0070, 4.84, 4.40, -0.04, -3.68, 10.94
8.03, 0.0070, 4.84, 4.37, -0.04, -3.56, 10.57
8.03, 0.0060, 4.84, 4.35, -0.04, -3.43, 10.32
8.04, 0.0070, 4.84, 4.33, -0.04, -3.32, 10.17
8.05, 0.0060, 4.84, 4.31, -0.04, -3.24, 9.92
8.05, 0.0060, 4.84, 4.29, -0.04, -3.18, 9.69
8.06, 0.0060, 4.84, 4.27, -0.04, -3.11, 9.44
8.07, 0.0080, 4.84, 4.25, -0.04, -3.02, 9.19
8.07, 0.0060, 4.84, 4.23, -0.04, -2.90, 8.89
8.08, 0.0060, 4.84, 4.21, -0.04, -2.72, 8.80
8.09, 0.0070, 4.84, 4.20, -0.04, -2.52, 8.82
8.09, 0.0060, 4.84, 4.18, -0.04, -2.35, 8.86
8.10, 0.0060, 4.84, 4.17, -0.04, -2.23, 8.93
8.10, 0.0060, 4.84, 4.15, -0.04, -2.20, 8.89
8.11, 0.0080, 4.84, 4.14, -0.04, -2.20, 8.70
8.12, 0.0060, 4.84, 4.12, -0.04, -2.20, 8.35
8.13, 0.0060, 4.84, 4.11, -0.04, -2.13, 8.09
8.13, 0.0070, 4.84, 4.10, -0.04, -2.00, 7.96
8.14, 0.0060, 4.84, 4.09, -0.04, -1.84, 7.94
8.14, 0.0060, 4.84, 4.08, -0.04, -1.68, 8.04
8.15, 0.0060, 4.84, 4.07, -0.04, -1.56, 8.16
8.16, 0.0080, 4.84, 4.06, -0.04, -1.47, 8.22
8.16, 0.0060, 4.84, 4.05, -0.04, -1.41, 8.15
8.17, 0.0060, 4.84, 4.04, -0.04, -1.35, 8.10
8.18, 0.0070, 4.84, 4.03, -0.04, -1.28, 8.06
8.18, 0.0060, 4.84, 4.02, -0.04, -1.19, 8.03
8.19, 0.0060, 4.84, 4.02, -0.04, -1.09, 8.07
8.20, 0.0070, 4.84, 4.01, -0.04, -0.98, 8.14
8.20, 0.0070, 4.84, 4.00, -0.04, -0.87, 8.22
8.21, 0.0060, 4.84, 4.00, -0.04, -0.77, 8.31
8.22, 0.0060, 4.84, 3.99, -0.04, -0.67, 8.43
8.22, 0.0060, 4.84, 3.99, -0.04, -0.60, 8.54
8.23, 0.0070, 4.84, 3.99, -0.04, -0.54, 8.61
8.23, 0.0060, 4.84, 3.98, -0.04, -0.49, 8.65
8.24, 0.0070, 4.84, 3.98, -0.04, -0.42, 8.71
8.25, 0.0070, 4.84, 3.98, -0.04, -0.33, 8.78
8.25, 0.0060, 4.84, 3.98, -0.04, -0.23, 8.91
8.26, 0.0060, 4.84, 3.98, -0.04, -0.12, 9.09
8.27, 0.0060, 4.84, 3.98, -0.04, -0.03, 9.28
8.27, 0.0070, 4.84, 3.98, -0.04, 0.05, 9.47
8.28, 0.0060, 4.84, 3.98, -0.04, 0.12, 9.64
8.29, 0.0070, 4.84, 3.98, -0.04, 0.18, 9.79
8.29, 0.0060, 4.84, 3.98, -0.04, 0.25, 9.94
8.30, 0.0070, 4.84, 3.98, -0.04, 0.33, 10.11
8.30, 0.0060, 4.84, 3.99, -0.04, 0.43, 10.32
8.31, 0.0060, 4.84, 3.99, -0.04, 0.52, 10.55
8.32, 0.0070, 4.84, 3.99, -0.04, 0.62, 10.81
8.32, 0.0070, 4.84, 4.00, -0.04, 0.70, 11.09
8.33, 0.0060, 4.84, 4.00, -0.04, 0.79, 11.36
8.34, 0.0070, 4.84, 4.01, -0.04, 0.86, 11.62
8.34, 0.0060, 4.84, 4.01, -0.04, 0.94, 11.89
8.35, 0.0060, 4.84, 4.02, -0.04, 1.01, 12.15
8.36, 0.0070, 4.84, 4.03, -0.04, 1.10, 12.43
8.36, 0.0060, 4.84, 4.03, -0.04, 1.18, 12.75
8.37, 0.0070, 4.84, 4.04, -0.04, 1.27, 13.06
8.38, 0.0070, 4.84, 4.05, -0.04, 1.36, 13.42
8.38, 0.0060, 4.84, 4.06, -0.04, 1.46, 13.79
8.39, 0.0060, 4.84, 4.07, -0.04, 1.54, 14.15
8.40, 0.0070, 4.84, 4.08, -0.04, 1.63, 14.51
8.40, 0.0060, 4.84, 4.09, -0.04, 1.72, 14.92
8.41, 0.0060, 4.84, 4.10, -0.04, 1.81, 15.29
8.42, 0.0080, 4.84, 4.12, -0.04, 1.90, 15.69
8.42, 0.0060, 4.84, 4.13, -0.04, 2.00, 16.18
8.43, 0.0060, 4.84, 4.14, -0.04, 2.10, 16.62
8.43, 0.0060, 4.84, 4.16, -0.04, 2.20, 17.07
8.44, 0.0070, 4.84, 4.17, -0.04, 2.30, 17.53
8.45, 0.0060, 4.84, 4.19, -0.04, 2.39, 18.05
8.45, 0.0070, 4.84, 4.20, -0.04, 2.49, 18.53
8.46, 0.0070, 4.84, 4.22, -0.04, 2.58, 19.06
8.47, 0.0060, 4.84, 4.24, -0.04, 2.69, 19.62
8.47, 0.0060, 4.84, 4.26, -0.04, 2.79, 20.15
8.48, 0.0070, 4.84, 4.28, -0.04, 2.90, 20.69
8.48, 0.0060, 4.84, 4.29, -0.04, 3.01, 21.31
8.49, 0.0060, 4.84, 4.31, -0.04, 3.12, 21.90
8.50, 0.0080, 4.84, 4.34, -0.04, 3.23, 22.49
8.51, 0.0060, 4.84, 4.36, -0.04, 3.34, 23.23
8.51, 0.0060, 4.84, 4.38, -0.04, 3.45, 23.85
8.52, 0.0070, 4.84, 4.40, -0.04, 3.57, 24.49
8.52, 0.0060, 4.84, 4.43, -0.04, 3.69, 25.22
8.53, 0.0060, 4.84, 4.45, -0.04, 3.81, 25.90
8.54, 0.0080, 4.84, 4.48, -0.04, 3.93, 26.60
8.54, 0.0060, 4.84, 4.50, -0.04, 4.01, 27.47
8.55, 0.0060, 4.84, 4.53, -0.04, 3.99, 28.12
8.56, 0.0070, 4.84, 4.56, -0.04, 4.17, 28.56
8.56, 0.0060, 4.84, 4.58, -0.04, 4.47, 29.50
8.57, 0.0060, 4.84, 4.61, -0.04, 4.45, 30.63
8.58, 0.0070, 4.84, 4.64, -0.04, 3.93, 31.13
8.58, 0.0070, 4.84, 4.66, -0.04, 3.11, 30.65
8.59, 0.0060, 4.84, 4.67, -0.04, 2.30, 29.42
8.60, 0.0070, 4.84, 4.69, -0.04, 1.78, 28.09
8.60, 0.0060, 4.84, 4.70, -0.04, 1.64, 27.29
8.61, 0.0060, 4.84, 4.71, -0.04, 2.00, 27.22
8.61, 0.0070, 4.84, 4.73, -0.04, 2.63, 28.18
8.62, 0.0070, 4.84, 4.75, -0.04, 3.21, 29.80
8.63, 0.0060, 4.84, 4.77, -0.04, 3.30, 31.41
8.64, 0.0060, 4.84, 4.79, -0.04, 2.92, 31.98
8.64, 0.0070, 4.84, 4.80, -0.04, 2.29, 31.57
8.65, 0.0060, 4.84, 4.81, -0.04, 1.77, 30.64
8.65, 0.0060, 4.84, 4.82, -0.04, 1.52, 29.80
8.66, 0.0070, 4.84, 4.83, -0.04, 1.46, 29.50
8.67, 0.0070, 4.84, 4.84, -0.04, 1.46, 29.57
8.67, 0.0060, 4.84, 4.85, -0.04, 1.38, 29.78
8.68, 0.0070, 4.84, 4.86, -0.04, 1.17, 29.78
8.69, 0.0060, 4.84, 4.86, -0.04, 0.88, 29.54
8.69, 0.0060, 4.84, 4.87, -0.04, 0.60, 29.06
8.70, 0.0070, 4.84, 4.87, -0.04, 0.42, 28.57
8.71, 0.0060, 4.84, 4.87, -0.04, 0.30, 28.26
8.71, 0.0070, 4.84, 4.87, -0.04, 0.16, 28.06
8.72, 0.0060, 4.84, 4.87, -0.04, -0.06, 27.81
8.73, 0.0070, 4.84, 4.87, -0.04, -0.37, 27.36
8.73, 0.0060, 4.84, 4.87, -0.04, -0.70, 26.69
8.74, 0.0060, 4.84, 4.86, -0.04, -0.94, 25.95
8.74, 0.0070, 4.84, 4.85, -0.04, -1.01, 25.35
8.75, 0.0070, 4.84, 4.85, -0.04, -1.21, 25.07
8.76, 0.0060, 4.84, 4.84, -0.04, -1.48, 24.50
8.76, 0.0070, 4.84, 4.83, -0.04, -1.43, 23.79
8.77, 0.0060, 4.84, 4.82, -0.04, -0.92, 23.69
8.78, 0.0060, 4.84, 4.82, -0.04, -0.14, 24.59
8.78, 0.0070, 4.84, 4.82, -0.04, 0.58, 26.13
8.79, 0.0060, 4.84, 4.83, -0.04, 1.02, 27.66
8.80, 0.0070, 4.84, 4.84, -0.04, 1.07, 28.66
8.80, 0.0070, 4.84, 4.84, -0.04, 0.61, 28.91
8.81, 0.0060, 4.84, 4.84, -0.04, 0.01, 28.07
8.82, 0.0060, 4.84, 4.84, -0.04, -0.48, 26.86
8.82, 0.0070, 4.84, 4.84, -0.04, -0.59, 25.83
8.83, 0.0060, 4.84, 4.83, -0.04, -0.45, 25.53
8.84, 0.0070, 4.84, 4.83, -0.04, -0.22, 25.77
8.84, 0.0070, 4.84, 4.83, -0.04, -0.12, 26.18
8.85, 0.0060, 4.84, 4.83, -0.04, -0.20, 26.37
8.85, 0.0060, 4.84, 4.83, -0.04, -0.23, 26.18
8.86, 0.0070, 4.84, 4.83, -0.04, -0.12, 26.10
8.87, 0.0060, 4.84, 4.83, -0.04, 0.13, 26.29
8.88, 0.0060, 4.84, 4.83, -0.04, 0.38, 26.83
8.88, 0.0080, 4.84, 4.83, -0.04, 0.44, 27.36
8.89, 0.0060, 4.84, 4.84, -0.04, 0.32, 27.55
8.89, 0.0060, 4.84, 4.84, -0.04, 0.10, 27.35
8.90, 0.0070, 4.84, 4.84, -0.04, -0.04, 26.93
8.91, 0.0060, 4.84, 4.84, -0.04, -0.00, 26.64
8.91, 0.0060, 4.84, 4.84, -0.04, 0.17, 26.71
8.92, 0.0070, 4.84, 4.84, -0.04, 0.39, 27.08
8.93, 0.0070, 4.84, 4.84, -0.04, 0.54, 27.58
8.93, 0.0060, 4.84, 4.85, -0.04, 0.60, 27.96
8.94, 0.0070, 4.84, 4.85, -0.04, 0.58, 28.14
8.94, 0.0060, 4.84, 4.85, -0.04, 0.52, 28.19
8.95, 0.0060, 4.84, 4.86, -0.04, 0.45, 28.13
8.96, 0.0060, 4.84, 4.86, -0.04, 0.41, 28.04
8.97, 0.0080, 4.84, 4.86, -0.04, 0.36, 28.00
8.97, 0.0060, 4.84, 4.86, -0.04, 0.28, 27.97
8.98, 0.0060, 4.84, 4.86, -0.04, 0.16, 27.84
8.98, 0.0070, 4.84, 4.87, -0.04, 0.07, 27.63
8.99, 0.0060, 4.84, 4.87, -0.04, 0.05, 27.46
9.00, 0.0060, 4.84, 4.87, -0.04, 0.09, 27.41
9.00, 0.0070, 4.84, 4.87, -0.04, 0.01, 27.51
9.01, 0.0070, 4.84, 4.87, -0.04, -0.17, 27.35
9.02, 0.0060, 4.84, 4.86, -0.04, -0.28, 26.96
9.02, 0.0070, 4.84, 4.86, -0.04, -0.21, 26.70
9.03, 0.0060, 4.84, 4.86, -0.04, 0.02, 26.81
9.04, 0.0060, 4.84, 4.86, -0.04, 0.29, 27.28
9.04, 0.0070, 4.84, 4.87, -0.04, 0.51, 27.87
9.05, 0.0070, 4.84, 4.87, -0.04, 0.49, 28.36
9.06, 0.0060, 4.84, 4.87, -0.04, 0.25, 28.39
9.06, 0.0070, 4.84, 4.87, -0.04, -0.08, 27.94
9.07, 0.0060, 4.84, 4.87, -0.04, -0.27, 27.28
9.07, 0.0060, 4.84, 4.87, -0.04, -0.20, 26.86
9.08, 0.0070, 4.84, 4.87, -0.04, 0.03, 26.98
9.09, 0.0060, 4.84, 4.87, -0.04, 0.26, 27.45
9.10, 0.0070, 4.84, 4.87, -0.04, 0.36, 27.94
9.10, 0.0060, 4.84, 4.87, -0.04, 0.28, 28.17
9.11, 0.0070, 4.84, 4.88, -0.04, 0.15, 28.07
9.11, 0.0060, 4.84, 4.88, -0.04, 0.04, 27.81
9.12, 0.0060, 4.84, 4.88, -0.04, 0.02, 27.60
9.13, 0.0070, 4.84, 4.88, -0.04, 0.07, 27.57
9.13, 0.0060, 4.84, 4.88, -0.04, 0.10, 27.67
9.14, 0.0070, 4.84, 4.88, -0.04, 0.09, 27.74
9.15, 0.0070, 4.84, 4.88, -0.04, 0.03, 27.74
9.15, 0.0060, 4.84, 4.88, -0.04, -0.05, 27.63
9.16, 0.0060, 4.84, 4.88, -0.04, -0.09, 27.46
9.17, 0.0070, 4.84, 4.88, -0.04, -0.06, 27.36
9.17, 0.0060, 4.84, 4.88, -0.04, 0.04, 27.43
9.18, 0.0070, 4.84, 4.88, -0.04, 0.13, 27.63
9.19, 0.0070, 4.84, 4.88, -0.04, 0.14, 27.82
9.19, 0.0060, 4.84, 4.88, -0.04, 0.11, 27.87
9.20, 0.0060, 4.84, 4.88, -0.04, 0.07, 27.81
9.20, 0.0070, 4.84, 4.88, -0.04, 0.00, 27.74
9.21, 0.0060, 4.84, 4.88, -0.04, 0.02, 27.61
9.22, 0.0060, 4.84, 4.88, -0.04, 0.11, 27.65
9.22, 0.0070, 4.84, 4.88, -0.04, 0.20, 27.85
9.23, 0.0070, 4.84, 4.88, -0.04, 0.18, 28.05
9.24, 0.0060, 4.84, 4.88, -0.04, 0.02, 28.03
9.24, 0.0060, 4.84, 4.88, -0.04, -0.20, 27.73
9.25, 0.0070, 4.84, 4.88, -0.04, -0.45, 27.26
9.26, 0.0060, 4.84, 4.87, -0.04, -0.75, 26.68
9.26, 0.0070, 4.84, 4.87, -0.04, -1.14, 25.99
9.27, 0.0070, 4.84, 4.86, -0.04, -1.66, 25.06
9.27, 0.0060, 4.84, 4.84, -0.04, -2.25, 23.79
9.28, 0.0060, 4.84, 4.82, -0.04, -2.87, 22.34
9.29, 0.0070, 4.84, 4.80, -0.04, -3.45, 20.76
9.29, 0.0060, 4.84, 4.78, -0.04, -3.96, 19.11
9.30, 0.0060, 4.84, 4.75, -0.04, -4.44, 17.61
9.31, 0.0080, 4.84, 4.71, -0.04, -4.95, 16.12
9.31, 0.0060, 4.84, 4.68, -0.04, -5.52, 14.31
9.32, 0.0060, 4.84, 4.64, -0.04, -6.11, 12.51
9.33, 0.0070, 4.84, 4.59, -0.04, -6.65, 10.59
9.33, 0.0060, 4.84, 4.55, -0.04, -7.07, 8.58
9.34, 0.0060, 4.84, 4.51, -0.04, -7.41, 6.89
9.35, 0.0080, 4.84, 4.45, -0.04, -7.70, 5.33
9.35, 0.0060, 4.84, 4.40, -0.04, -8.01, 3.51
9.36, 0.0060, 4.84, 4.35, -0.04, -8.37, 1.93
9.37, 0.0060, 4.84, 4.29, -0.04, -8.82, 0.22
9.37, 0.0070, 4.84, 4.23, -0.04, -9.35, -1.74
9.38, 0.0060, 4.84, 4.17, -0.04, -9.92, -4.11
9.39, 0.0060, 4.84, 4.11, -0.04, -10.54, -6.45
9.39, 0.0080, 4.84, 4.02, -0.04, -11.14, -8.95
9.40, 0.0060, 4.84, 3.95, -0.04, -11.64, -11.94
9.40, 0.0060, 4.84, 3.87, -0.04, -12.16, -14.34
9.41, 0.0070, 4.84, 3.79, -0.04, -12.69, -16.83
9.42, 0.0060, 4.84, 3.71, -0.04, -13.22, -19.67
9.42, 0.0060, 4.84, 3.62, -0.04, -13.72, -22.32
9.43, 0.0070, 4.84, 3.52, -0.04, -14.15, -24.96
9.44, 0.0070, 4.84, 3.42, -0.04, -14.55, -27.81
9.44, 0.0070, 4.84, 3.32, -0.04, -14.90, -30.64
9.45, 0.0060, 4.84, 3.23, -0.04, -15.19, -33.43
9.46, 0.0060, 4.84, 3.14, -0.04, -15.38, -35.83
9.46, 0.0070, 4.84, 3.03, -0.04, -15.42, -38.06
9.47, 0.0060, 4.84, 2.94, -0.04, -15.34, -40.30
9.48, 0.0080, 4.84, 2.81, -0.04, -15.21, -41.97
9.48, 0.0060, 4.84, 2.72, -0.04, -15.14, -44.16
9.49, 0.0060, 4.84, 2.63, -0.04, -15.15, -45.82
9.50, 0.0070, 4.84, 2.53, -0.04, -15.19, -47.66
9.50, 0.0060, 4.84, 2.43, -0.04, -15.16, -49.86
9.51, 0.0070, 4.84, 2.33, -0.04, -14.98, -51.62
9.52, 0.0060, 4.84, 2.24, -0.04, -14.70, -53.37
9.52, 0.0070, 4.84, 2.14, -0.04, -14.36, -54.57
9.53, 0.0070, 4.84, 2.04, -0.04, -14.10, -55.90
9.53, 0.0060, 4.84, 1.96, -0.04, -13.98, -57.35
9.54, 0.0060, 4.84, 1.87, -0.04, -13.98, -58.78
9.55, 0.0070, 4.84, 1.78, -0.04, -14.00, -60.46
9.56, 0.0060, 4.84, 1.69, -0.04, -13.90, -62.46
9.56, 0.0080, 4.84, 1.58, -0.04, -13.59, -63.93
9.57, 0.0060, 4.84, 1.51, -0.04, -13.12, -65.50
9.57, 0.0060, 4.84, 1.43, -0.04, -12.57, -66.13
9.58, 0.0070, 4.84, 1.35, -0.04, -12.03, -66.53
9.59, 0.0060, 4.84, 1.28, -0.04, -11.53, -67.13
9.59, 0.0070, 4.84, 1.20, -0.04, -11.01, -67.51
9.60, 0.0060, 4.84, 1.14, -0.04, -10.43, -68.01
9.61, 0.0070, 4.84, 1.07, -0.04, -9.77, -68.12
9.61, 0.0070, 4.84, 1.01, -0.04, -9.03, -68.16
9.62, 0.0060, 4.84, 0.96, -0.04, -8.27, -67.95
9.63, 0.0060, 4.84, 0.91, -0.04, -7.54, -67.41
9.63, 0.0070, 4.84, 0.86, -0.04, -6.87, -66.86
9.64, 0.0060, 4.84, 0.83, -0.04, -6.26, -66.48
9.65, 0.0070, 4.84, 0.79, -0.04, -5.60, -66.01
9.65, 0.0070, 4.84, 0.75, -0.04, -4.85, -65.48
9.66, 0.0060, 4.84, 0.73, -0.04, -4.01, -64.66
9.67, 0.0060, 4.84, 0.71, -0.04, -3.12, -63.45
9.67, 0.0070, 4.84, 0.69, -0.04, -2.25, -62.05
9.68, 0.0060, 4.84, 0.69, -0.04, -1.40, -60.62
9.69, 0.0060, 4.84, 0.68, -0.04, -0.60, -59.09
9.69, 0.0080, 4.84, 0.68, -0.04, 0.18, -57.56
9.70, 0.0060, 4.84, 0.69, -0.04, 0.91, -55.98
9.71, 0.0060, 4.84, 0.70, -0.04, 1.53, -54.40
9.71, 0.0070, 4.84, 0.71, -0.04, 2.04, -52.98
9.72, 0.0060, 4.84, 0.73, -0.04, 2.44, -51.68
9.72, 0.0060, 4.84, 0.74, -0.04, 2.86, -50.59
9.73, 0.0080, 4.84, 0.77, -0.04, 3.39, -49.40
9.74, 0.0060, 4.84, 0.80, -0.04, 4.03, -47.81
9.74, 0.0060, 4.84, 0.82, -0.04, 4.60, -46.03
9.75, 0.0070, 4.84, 0.86, -0.04, 4.99, -44.36
9.76, 0.0060, 4.84, 0.89, -0.04, 5.20, -42.86
9.76, 0.0060, 4.84, 0.92, -0.04, 5.33, -41.83
9.77, 0.0070, 4.84, 0.96, -0.04, 5.51, -40.91
9.78, 0.0070, 4.84, 1.00, -0.04, 5.79, -39.79
9.78, 0.0060, 4.84, 1.04, -0.04, 6.10, -38.43
9.79, 0.0070, 4.84, 1.08, -0.04, 6.26, -37.07
9.80, 0.0060, 4.84, 1.12, -0.04, 6.24, -35.86
9.80, 0.0060, 4.84, 1.15, -0.04, 5.99, -35.16
9.81, 0.0070, 4.84, 1.19, -0.04, 5.66, -34.94
9.81, 0.0060, 4.84, 1.23, -0.04, 5.30, -34.82
9.82, 0.0070, 4.84, 1.26, -0.04, 5.00, -34.89
9.83, 0.0070, 4.84, 1.29, -0.04, 4.76, -34.79
9.83, 0.0060, 4.84, 1.32, -0.04, 4.55, -34.61
9.84, 0.0060, 4.84, 1.35, -0.04, 4.28, -34.49
9.85, 0.0070, 4.84, 1.37, -0.04, 3.90, -34.51
9.85, 0.0060, 4.84, 1.39, -0.04, 3.38, -34.73
9.86, 0.0070, 4.84, 1.41, -0.04, 2.79, -35.35
9.87, 0.0070, 4.84, 1.43, -0.04, 2.16, -36.15
9.87, 0.0060, 4.84, 1.44, -0.04, 1.51, -37.10
9.88, 0.0060, 4.84, 1.44, -0.04, 0.83, -38.23
9.89, 0.0060, 4.84, 1.44, -0.04, 0.09, -39.49
9.89, 0.0070, 4.84, 1.44, -0.04, -0.69, -40.95
9.90, 0.0060, 4.84, 1.43, -0.04, -1.47, -42.62
9.91, 0.0070, 4.84, 1.41, -0.04, -2.21, -44.35
9.91, 0.0070, 4.84, 1.39, -0.04, -2.92, -46.15
9.92, 0.0060, 4.84, 1.37, -0.04, -3.63, -47.96
9.93, 0.0070, 4.84, 1.34, -0.04, -4.41, -49.82
9.93, 0.0060, 4.84, 1.31, -0.04, -5.27, -51.99
9.94, 0.0060, 4.84, 1.27, -0.04, -6.04, -54.35
9.94, 0.0080, 4.84, 1.22, -0.04, -6.73, -56.63
9.95, 0.0060, 4.84, 1.18, -0.04, -7.35, -59.08
9.96, 0.0060, 4.84, 1.13, -0.04, -7.98, -61.20
9.96, 0.0070, 4.84, 1.07, -0.04, -8.64, -63.42
9.97, 0.0060, 4.84, 1.01, -0.04, -9.29, -65.94
9.98, 0.0060, 4.84, 0.95, -0.04, -9.95, -68.35
9.98, 0.0070, 4.84, 0.88, -0.04, -10.59, -70.88
9.99, 0.0070, 4.84, 0.80, -0.04, -11.26, -73.63
10.00, 0.0060, 4.84, 0.73, -0.04, -11.90, -76.54
10.00, 0.0070, 4.84, 0.64, -0.04, -12.45, -79.26
10.01, 0.0060, 4.84, 0.56, -0.04, -12.80, -82.09
10.02, 0.0070, 4.84, 0.47, -0.04, -12.94, -84.34
10.02, 0.0060, 4.84, 0.40, -0.04, -12.91, -86.43
10.03, 0.0060, 4.84, 0.32, -0.04, -12.86, -87.92
10.04, 0.0080, 4.84, 0.21, -0.04, -12.93, -89.36
10.04, 0.0060, 4.84, 0.14, -0.04, -13.13, -91.57
10.05, 0.0070, 4.84, 0.04, -0.04, -13.33, -93.55
10.06, 0.0060, 4.84, -0.04, -0.04, -13.39, -95.82
10.06, 0.0070, 4.84, -0.13, -0.04, -13.33, -97.55
10.07, 0.0060, 4.84, -0.21, -0.04, -13.18, -99.28
10.08, 0.0070, 4.84, -0.30, -0.04, -12.98, -100.58
10.08, 0.0070, 4.84, -0.39, -0.04, -12.66, -101.99
10.09, 0.0060, 4.84, -0.46, -0.04, -12.14, -103.12
10.10, 0.0070, 4.84, -0.54, -0.04, -11.47, -103.53
10.10, 0.0060, 4.84, -0.61, -0.04, -10.85, -103.80
10.11, 0.0070, 4.84, -0.68, -0.04, -10.43, -103.87
10.12, 0.0070, 4.84, -0.75, -0.04, -10.11, -104.48
10.12, 0.0070, 4.84, -0.82, -0.04, -9.77, -105.26
10.13, 0.0060, 4.84, -0.88, -0.04, -9.26, -105.94
10.14, 0.0070, 4.84, -0.94, -0.04, -8.51, -106.03
10.14, 0.0060, 4.84, -0.98, -0.04, -7.57, -105.73
10.15, 0.0070, 4.84, -1.03, -0.04, -6.64, -104.76
10.15, 0.0060, 4.84, -1.06, -0.04, -5.88, -103.84
10.16, 0.0080, 4.84, -1.11, -0.04, -5.35, -103.01
10.17, 0.0060, 4.84, -1.14, -0.04, -5.01, -102.81
10.18, 0.0060, 4.84, -1.16, -0.04, -4.65, -102.73
10.18, 0.0070, 4.84, -1.19, -0.04, -4.12, -102.56
10.19, 0.0060, 4.84, -1.21, -0.04, -3.27, -102.08
10.19, 0.0070, 4.84, -1.23, -0.04, -2.18, -100.77
10.20, 0.0070, 4.84, -1.23, -0.04, -1.12, -98.90
10.21, 0.0070, 4.84, -1.24, -0.04, -0.31, -96.94
10.21, 0.0060, 4.84, -1.24, -0.04, 0.06, -95.36
10.22, 0.0060, 4.84, -1.24, -0.04, 0.05, -94.62
10.23, 0.0070, 4.84, -1.24, -0.04, 0.05, -94.63
10.23, 0.0060, 4.84, -1.23, -0.04, 0.24, -94.62
10.24, 0.0070, 4.84, -1.23, -0.04, 0.82, -94.22
10.25, 0.0070, 4.84, -1.22, -0.04, 1.70, -92.93
10.25, 0.0060, 4.84, -1.20, -0.04, 2.45, -90.94
10.26, 0.0070, 4.84, -1.18, -0.04, 2.74, -89.14
10.27, 0.0060, 4.84, -1.17, -0.04, 2.70, -88.19
10.27, 0.0060, 4.84, -1.15, -0.04, 2.50, -87.93
10.28, 0.0070, 4.84, -1.14, -0.04, 2.36, -88.04
10.29, 0.0070, 4.84, -1.12, -0.04, 2.26, -87.98
10.29, 0.0070, 4.84, -1.10, -0.04, 2.20, -87.87
10.30, 0.0060, 4.84, -1.09, -0.04, 2.28, -87.67
10.31, 0.0060, 4.84, -1.08, -0.04, 2.39, -87.25
10.31, 0.0070, 4.84, -1.06, -0.04, 2.22, -86.75
10.32, 0.0060, 4.84, -1.05, -0.04, 1.82, -86.77
10.33, 0.0070, 4.84, -1.04, -0.04, 1.28, -87.35
10.33, 0.0070, 4.84, -1.04, -0.04, 0.74, -88.26
10.34, 0.0060, 4.84, -1.03, -0.04, 0.20, -89.24
10.35, 0.0070, 4.84, -1.04, -0.04, -0.28, -90.30
10.35, 0.0060, 4.84, -1.04, -0.04, -0.75, -91.28
10.36, 0.0060, 4.84, -1.05, -0.04, -1.17, -92.31
10.36, 0.0070, 4.84, -1.06, -0.04, -1.74, -93.29
10.37, 0.0070, 4.84, -1.08, -0.04, -2.58, -94.69
10.38, 0.0070, 4.84, -1.10, -0.04, -3.62, -96.72
10.38, 0.0060, 4.84, -1.13, -0.04, -4.75, -99.31
10.39, 0.0060, 4.84, -1.17, -0.04, -5.83, -102.13
10.40, 0.0070, 4.84, -1.21, -0.04, -6.64, -104.99
10.40, 0.0060, 4.84, -1.26, -0.04, -7.23, -107.54
10.41, 0.0070, 4.84, -1.31, -0.04, -7.53, -109.59
10.42, 0.0070, 4.84, -1.36, -0.04, -7.87, -111.26
10.42, 0.0070, 4.84, -1.42, -0.04, -8.56, -113.04
10.43, 0.0060, 4.84, -1.48, -0.04, -9.53, -115.60
10.44, 0.0070, 4.84, -1.56, -0.04, -10.73, -118.69
10.44, 0.0060, 4.84, -1.63, -0.04, -12.01, -122.60
10.45, 0.0070, 4.84, -1.72, -0.04, -12.92, -126.59
10.46, 0.0070, 4.84, -1.81, -0.04, -13.41, -130.22
10.46, 0.0070, 4.84, -1.91, -0.04, -13.83, -133.07
10.47, 0.0060, 4.84, -2.00, -0.04, -14.42, -135.86
10.48, 0.0070, 4.84, -2.10, -0.04, -15.43, -138.77
10.48, 0.0060, 4.84, -2.20, -0.04, -16.57, -142.95
10.49, 0.0070, 4.84, -2.33, -0.04, -17.44, -147.21
10.50, 0.0060, 4.84, -2.43, -0.04, -17.85, -151.39
10.50, 0.0080, 4.84, -2.57, -0.04, -17.72, -154.35
10.51, 0.0060, 4.84, -2.68, -0.04, -17.51, -156.93
10.52, 0.0070, 4.84, -2.80, -0.04, -17.83, -158.61
10.52, 0.0060, 4.84, -2.92, -0.04, -18.84, -161.74
10.53, 0.0070, 4.84, -3.06, -0.04, -20.17, -166.03
10.54, 0.0060, 4.84, -3.19, -0.04, -21.29, -171.51
10.54, 0.0080, 4.84, -3.36, -0.04, -21.79, -176.31
10.55, 0.0060, 4.84, -3.49, -0.04, -21.57, -180.79
10.56, 0.0070, 4.84, -3.64, -0.04, -20.83, -182.95
10.56, 0.0060, 4.84, -3.76, -0.04, -20.04, -184.38
10.57, 0.0070, 4.84, -3.90, -0.04, -19.87, -185.20
10.58, 0.0060, 4.84, -4.02, -0.04, -20.26, -187.64
10.58, 0.0070, 4.84, -4.16, -0.04, -20.87, -190.86
10.59, 0.0070, 4.84, -4.31, -0.04, -21.29, -195.01
10.60, 0.0070, 4.84, -4.46, -0.04, -21.47, -198.82
10.60, 0.0060, 4.84, -4.59, -0.04, -21.37, -202.20
10.61, 0.0070, 4.84, -4.74, -0.04, -21.17, -204.55
10.62, 0.0060, 4.84, -4.86, -0.04, -20.97, -207.12
10.62, 0.0070, 4.84, -5.01, -0.04, -20.78, -209.22
10.63, 0.0070, 4.84, -5.15, -0.04, -20.63, -211.76
10.64, 0.0070, 4.84, -5.30, -0.04, -20.49, -214.34
10.64, 0.0060, 4.84, -5.42, -0.04, -20.39, -216.94
10.65, 0.0070, 4.84, -5.56, -0.04, -20.38, -219.18
10.66, 0.0060, 4.84, -5.68, -0.04, -20.21, -222.02
10.66, 0.0070, 4.84, -5.82, -0.04, -19.69, -224.09
10.67, 0.0070, 4.84, -5.95, -0.04, -18.90, -225.82
10.68, 0.0070, 4.84, -6.08, -0.04, -17.94, -226.88
10.68, 0.0060, 4.84, -6.18, -0.04, -17.18, -227.47
10.69, 0.0070, 4.84, -6.30, -0.04, -16.94, -228.02
10.70, 0.0060, 4.84, -6.40, -0.04, -17.26, -229.90
10.70, 0.0070, 4.84, -6.53, -0.04, -17.99, -232.63
10.71, 0.0060, 4.84, -6.64, -0.04, -18.38, -236.59
10.72, 0.0080, 4.84, -6.79, -0.04, -17.99, -239.59
10.72, 0.0060, 4.84, -6.89, -0.04, -16.85, -241.69
10.73, 0.0070, 4.84, -7.00, -0.04, -15.56, -241.43
10.74, 0.0060, 4.84, -7.08, -0.04, -14.53, -241.02
10.74, 0.0070, 4.84, -7.18, -0.04, -14.03, -240.72
10.75, 0.0060, 4.84, -7.26, -0.04, -14.00, -241.68
10.76, 0.0080, 4.84, -7.38, -0.04, -14.48, -243.29
10.76, 0.0060, 4.84, -7.47, -0.04, -15.12, -246.56
10.77, 0.0070, 4.84, -7.58, -0.04, -15.15, -249.65
10.78, 0.0060, 4.84, -7.66, -0.04, -14.64, -251.84
10.78, 0.0070, 4.84, -7.76, -0.04, -13.93, -252.58
10.79, 0.0060, 4.84, -7.84, -0.04, -13.48, -253.11
10.80, 0.0070, 4.84, -7.94, -0.04, -13.39, -253.83
10.80, 0.0070, 4.84, -8.03, -0.04, -13.61, -255.53
10.81, 0.0070, 4.84, -8.13, -0.04, -13.99, -257.87
10.82, 0.0060, 4.84, -8.22, -0.04, -14.39, -260.59
10.82, 0.0070, 4.84, -8.32, -0.04, -14.70, -263.12
10.83, 0.0060, 4.84, -8.41, -0.04, -14.95, -265.79
10.84, 0.0070, 4.84, -8.52, -0.04, -15.21, -268.10
10.84, 0.0070, 4.84, -8.62, -0.04, -15.52, -270.73
10.85, 0.0070, 4.84, -8.74, -0.04, -15.85, -273.52
10.86, 0.0060, 4.84, -8.83, -0.04, -16.24, -276.41
10.86, 0.0070, 4.84, -8.95, -0.04, -16.79, -279.14
10.87, 0.0060, 4.84, -9.06, -0.04, -17.57, -282.60
10.88, 0.0070, 4.84, -9.19, -0.04, -18.49, -286.26
10.88, 0.0070, 4.84, -9.32, -0.04, -19.33, -290.68
10.89, 0.0070, 4.84, -9.46, -0.04, -20.02, -295.08
10.90, 0.0060, 4.84, -9.58, -0.04, -20.61, -299.25
10.90, 0.0070, 4.84, -9.73, -0.04, -21.25, -302.91
10.91, 0.0060, 4.84, -9.87, -0.04, -22.10, -307.17
10.92, 0.0070, 4.84, -10.03, -0.04, -23.12, -311.51
10.92, 0.0060, 4.84, -10.17, -0.04, -24.18, -316.79
10.93, 0.0080, 4.84, -10.37, -0.04, -25.18, -321.81
10.94, 0.0070, 4.84, -10.56, -0.04, -26.16, -327.85
10.94, 0.0060, 4.84, -10.72, -0.04, -27.37, -333.47
10.95, 0.0070, 4.84, -10.92, -0.04, -28.98, -339.16
10.96, 0.0060, 4.84, -11.11, -0.04, -30.78, -346.44
10.96, 0.0070, 4.84, -11.34, -0.04, -32.33, -353.75
10.97, 0.0070, 4.84, -11.57, -0.04, -33.56, -361.36
10.98, 0.0070, 4.84, -11.81, -0.04, -34.60, -368.53
10.98, 0.0060, 4.84, -12.03, -0.04, -35.71, -375.45
10.99, 0.0070, 4.84, -12.29, -0.04, -37.07, -381.95
11.00, 0.0060, 4.84, -12.52, -0.04, -38.84, -389.86
11.00, 0.0070, 4.84, -12.81, -0.04, -41.00, -398.07
11.01, 0.0080, 4.84, -13.15, -0.04, -43.23, -408.12
11.02, 0.0060, 4.84, -13.42, -0.04, -45.16, -419.51
11.02, 0.0070, 4.84, -13.75, -0.04, -46.58, -428.78
11.03, 0.0060, 4.84, -14.03, -0.04, -47.54, -438.15
11.04, 0.0070, 4.84, -14.37, -0.04, -48.43, -445.77
11.04, 0.0060, 4.84, -14.67, -0.04, -50.11, -454.33
11.05, 0.0070, 4.84, -15.04, -0.04, -52.74, -463.71
11.06, 0.0070, 4.84, -15.44, -0.04, -56.03, -476.34
11.06, 0.0070, 4.84, -15.85, -0.04, -59.07, -490.78
11.07, 0.0070, 4.84, -16.28, -0.04, -61.28, -505.11
11.08, 0.0060, 4.84, -16.65, -0.04, -62.64, -518.12
11.08, 0.0070, 4.84, -17.10, -0.04, -63.89, -528.34
11.09, 0.0060, 4.84, -17.49, -0.04, -65.63, -539.79
11.10, 0.0080, 4.84, -18.04, -0.04, -67.68, -551.15
11.10, 0.0060, 4.84, -18.46, -0.04, -69.92, -566.08
11.11, 0.0070, 4.84, -18.96, -0.04, -72.12, -578.96
11.12, 0.0060, 4.84, -19.40, -0.04, -73.75, -593.46
11.12, 0.0070, 4.84, -19.92, -0.04, -74.53, -605.55
11.13, 0.0070, 4.84, -20.45, -0.04, -75.22, -617.56
11.14, 0.0060, 4.84, -20.91, -0.04, -75.85, -629.47
11.15, 0.0080, 4.84, -21.52, -0.04, -76.16, -639.82
11.15, 0.0060, 4.84, -21.97, -0.04, -76.20, -652.64
11.16, 0.0070, 4.84, -22.50, -0.04, -75.60, -661.86
11.17, 0.0060, 4.84, -22.95, -0.04, -74.49, -671.24
11.17, 0.0070, 4.84, -23.46, -0.04, -73.28, -677.96
11.18, 0.0070, 4.84, -23.97, -0.04, -71.88, -685.81
11.19, 0.0070, 4.84, -24.46, -0.04, -70.25, -693.06
11.19, 0.0070, 4.84, -24.93, -0.04, -68.23, -699.64
11.20, 0.0060, 4.84, -25.33, -0.04, -65.66, -705.15
11.21, 0.0070, 4.84, -25.77, -0.04, -62.57, -707.88
11.21, 0.0060, 4.84, -26.12, -0.04, -59.19, -710.47
11.22, 0.0070, 4.84, -26.51, -0.04, -55.95, -710.81
11.23, 0.0070, 4.84, -26.88, -0.04, -52.73, -712.16
11.23, 0.0070, 4.84, -27.23, -0.04, -49.59, -713.10
11.24, 0.0070, 4.84, -27.55, -0.04, -46.49, -713.77
11.25, 0.0060, 4.84, -27.81, -0.04, -42.82, -714.08
11.25, 0.0070, 4.84, -28.08, -0.04, -38.59, -711.89
11.26, 0.0060, 4.84, -28.28, -0.04, -33.75, -708.82
11.27, 0.0070, 4.84, -28.49, -0.04, -29.09, -703.20
11.27, 0.0070, 4.84, -28.66, -0.04, -24.78, -697.94
11.28, 0.0070, 4.84, -28.81, -0.04, -20.79, -692.80
11.29, 0.0060, 4.84, -28.91, -0.04, -16.67, -687.73
11.29, 0.0070, 4.84, -28.99, -0.04, -12.28, -681.49
11.30, 0.0070, 4.84, -29.04, -0.04, -7.32, -674.43
11.31, 0.0060, 4.84, -29.06, -0.04, -1.81, -665.52
11.31, 0.0080, 4.84, -29.02, -0.04, 3.90, -654.72
11.32, 0.0060, 4.84, -28.97, -0.04, 9.52, -642.68
11.33, 0.0060, 4.84, -28.88, -0.04, 14.44, -630.30
11.33, 0.0070, 4.84, -28.75, -0.04, 19.18, -618.73
11.34, 0.0070, 4.84, -28.58, -0.04, 23.76, -606.55
11.35, 0.0060, 4.84, -28.41, -0.04, 28.28, -594.06
11.35, 0.0080, 4.84, -28.15, -0.04, 32.98, -581.64
11.36, 0.0060, 4.84, -27.92, -0.04, 37.45, -566.95
11.37, 0.0070, 4.84, -27.63, -0.04, 41.74, -553.53
11.37, 0.0060, 4.84, -27.35, -0.04, 46.01, -539.11
11.38, 0.0070, 4.84, -27.00, -0.04, 50.12, -525.05
11.39, 0.0060, 4.84, -26.68, -0.04, 54.05, -509.80
11.39, 0.0070, 4.84, -26.27, -0.04, 57.72, -495.47
11.40, 0.0070, 4.84, -25.85, -0.04, 61.13, -480.03
11.41, 0.0070, 4.84, -25.39, -0.04, 64.48, -464.65
11.41, 0.0070, 4.84, -24.92, -0.04, 67.92, -448.93
11.42, 0.0060, 4.84, -24.49, -0.04, 71.70, -432.55
11.43, 0.0070, 4.84, -23.96, -0.04, 75.54, -416.37
11.43, 0.0060, 4.84, -23.48, -0.04, 79.35, -398.12
11.44, 0.0080, 4.84, -22.82, -0.04, 83.19, -380.98
11.45, 0.0060, 4.84, -22.30, -0.04, 87.08, -360.00
11.45, 0.0070, 4.84, -21.66, -0.04, 91.08, -341.77
11.46, 0.0060, 4.84, -21.09, -0.04, 95.09, -321.02
11.47, 0.0070, 4.84, -20.39, -0.04, 99.31, -301.58
11.47, 0.0060, 4.84, -19.77, -0.04, 103.65, -279.24
11.48, 0.0070, 4.84, -19.02, -0.04, 107.88, -258.12
11.49, 0.0080, 4.84, -18.12, -0.04, 112.02, -234.56
11.49, 0.0060, 4.84, -17.42, -0.04, 116.30, -208.35
11.50, 0.0070, 4.84, -16.58, -0.04, 120.21, -185.84
11.51, 0.0060, 4.84, -15.84, -0.04, 123.82, -161.18
11.51, 0.0070, 4.84, -14.95, -0.04, 127.37, -139.10
11.52, 0.0070, 4.84, -14.03, -0.04, 130.66, -114.17
11.53, 0.0070, 4.84, -13.09, -0.04, 133.85, -89.30
11.53, 0.0070, 4.84, -12.14, -0.04, 137.02, -64.19
11.54, 0.0060, 4.84, -11.29, -0.04, 140.14, -38.66
11.55, 0.0070, 4.84, -10.29, -0.04, 143.11, -15.61
11.55, 0.0060, 4.84, -9.42, -0.04, 145.98, 10.36
11.56, 0.0070, 4.84, -8.38, -0.04, 148.78, 33.64
11.57, 0.0070, 4.84, -7.32, -0.04, 151.18, 60.06
11.57, 0.0070, 4.84, -6.24, -0.04, 153.23, 86.03
11.58, 0.0060, 4.84, -5.31, -0.04, 155.00, 111.59
11.59, 0.0070, 4.84, -4.22, -0.04, 156.76, 133.72
11.59, 0.0060, 4.84, -3.26, -0.04, 158.65, 159.17
11.60, 0.0070, 4.84, -2.14, -0.04, 160.59, 182.01
11.61, 0.0060, 4.84, -1.17, -0.04, 162.19, 208.36
11.61, 0.0080, 4.84, 0.14, -0.04, 163.15, 231.03
11.62, 0.0060, 4.84, 1.12, -0.04, 163.54, 259.05
11.63, 0.0070, 4.84, 2.26, -0.04, 163.51, 279.44
11.63, 0.0060, 4.84, 3.24, -0.04, 163.24, 302.28
11.64, 0.0070, 4.84, 4.38, -0.04, 162.82, 321.34
11.65, 0.0070, 4.84, 5.52, -0.04, 162.30, 343.29
11.65, 0.0070, 4.84, 6.65, -0.04, 161.68, 364.98
11.66, 0.0070, 4.84, 7.78, -0.04, 160.91, 386.36
11.67, 0.0060, 4.84, 8.74, -0.04, 159.85, 407.36
11.67, 0.0070, 4.84, 9.84, -0.04, 158.28, 424.42
11.68, 0.0060, 4.84, 10.78, -0.04, 156.14, 443.43
11.69, 0.0070, 4.84, 11.86, -0.04, 153.60, 457.89
11.69, 0.0070, 4.84, 12.91, -0.04, 150.90, 474.31
11.70, 0.0070, 4.84, 13.95, -0.04, 148.19, 490.05
11.71, 0.0060, 4.84, 14.82, -0.04, 145.44, 505.36
11.71, 0.0070, 4.84, 15.82, -0.04, 142.59, 517.32
11.72, 0.0070, 4.84, 16.80, -0.04, 139.45, 531.58
11.73, 0.0060, 4.84, 17.61, -0.04, 136.04, 544.83
11.73, 0.0070, 4.84, 18.54, -0.04, 132.44, 554.34
11.74, 0.0070, 4.84, 19.44, -0.04, 128.77, 565.68
11.75, 0.0070, 4.84, 20.32, -0.04, 124.97, 576.36
11.76, 0.0070, 4.84, 21.16, -0.04, 120.97, 586.27
11.76, 0.0060, 4.84, 21.86, -0.04, 116.72, 595.20
11.77, 0.0070, 4.84, 22.65, -0.04, 112.45, 600.70
11.78, 0.0060, 4.84, 23.30, -0.04, 108.24, 607.90
11.78, 0.0080, 4.84, 24.13, -0.04, 104.11, 612.48
11.79, 0.0060, 4.84, 24.73, -0.04, 99.90, 620.87
11.80, 0.0070, 4.84, 25.40, -0.04, 95.41, 624.44
11.80, 0.0060, 4.84, 25.94, -0.04, 90.66, 628.82
11.81, 0.0070, 4.84, 26.54, -0.04, 85.90, 630.19
11.81, 0.0070, 4.84, 27.11, -0.04, 81.39, 632.70
11.82, 0.0070, 4.84, 27.65, -0.04, 77.10, 635.07
11.83, 0.0070, 4.84, 28.16, -0.04, 72.88, 637.28
11.84, 0.0060, 4.84, 28.58, -0.04, 68.58, 639.05
11.84, 0.0070, 4.84, 29.03, -0.04, 64.26, 638.68
11.85, 0.0060, 4.84, 29.39, -0.04, 59.94, 639.04
11.85, 0.0070, 4.84, 29.78, -0.04, 55.66, 637.58
11.86, 0.0060, 4.84, 30.08, -0.04, 51.31, 636.82
11.87, 0.0080, 4.84, 30.46, -0.04, 46.92, 634.28
11.88, 0.0060, 4.84, 30.71, -0.04, 42.69, 633.02
11.88, 0.0070, 4.84, 30.99, -0.04, 38.77, 629.67
11.89, 0.0060, 4.84, 31.20, -0.04, 35.11, 627.26
11.90, 0.0070, 4.84, 31.42, -0.04, 31.56, 624.16
11.90, 0.0070, 4.84, 31.61, -0.04, 27.93, 621.47
11.91, 0.0070, 4.84, 31.78, -0.04, 24.22, 618.11
11.92, 0.0070, 4.84, 31.93, -0.04, 20.50, 614.10
11.92, 0.0060, 4.84, 32.03, -0.04, 16.92, 609.51
11.93, 0.0070, 4.84, 32.12, -0.04, 13.52, 604.39
11.94, 0.0060, 4.84, 32.18, -0.04, 10.24, 599.49
11.94, 0.0070, 4.84, 32.23, -0.04, 6.97, 594.15
11.95, 0.0060, 4.84, 32.25, -0.04, 3.73, 588.59
11.96, 0.0080, 4.84, 32.26, -0.04, 0.59, 582.56
11.96, 0.0060, 4.84, 32.25, -0.04, -2.37, 576.37
11.97, 0.0060, 4.84, 32.21, -0.04, -5.18, 570.16
11.98, 0.0070, 4.84, 32.16, -0.04, -7.93, 563.93
11.98, 0.0060, 4.84, 32.09, -0.04, -10.66, 557.32
11.99, 0.0070, 4.84, 32.00, -0.04, -13.40, 550.57
12.00, 0.0080, 4.84, 31.87, -0.04, -16.04, 543.22
12.00, 0.0060, 4.84, 31.76, -0.04, -18.52, 535.37
12.01, 0.0070, 4.84, 31.62, -0.04, -20.86, 528.19
12.02, 0.0060, 4.84, 31.48, -0.04, -23.12, 520.59
12.02, 0.0070, 4.84, 31.30, -0.04, -25.32, 513.30
12.03, 0.0060, 4.84, 31.13, -0.04, -27.53, 505.34
12.04, 0.0080, 4.84, 30.90, -0.04, -29.56, 497.64
12.04, 0.0060, 4.84, 30.71, -0.04, -31.47, 488.83
12.05, 0.0070, 4.84, 30.48, -0.04, -33.24, 481.25
12.06, 0.0060, 4.84, 30.27, -0.04, -35.01, 473.04
12.06, 0.0070, 4.84, 30.01, -0.04, -36.72, 465.31
12.07, 0.0060, 4.84, 29.78, -0.04, -38.38, 456.74
12.08, 0.0070, 4.84, 29.50, -0.04, -39.92, 448.81
12.08, 0.0070, 4.84, 29.21, -0.04, -41.33, 440.14
12.09, 0.0070, 4.84, 28.91, -0.04, -42.70, 431.54
12.10, 0.0070, 4.84, 28.60, -0.04, -44.08, 422.82
12.10, 0.0060, 4.84, 28.33, -0.04, -45.43, 413.90
12.11, 0.0070, 4.84, 28.00, -0.04, -46.67, 405.74
12.12, 0.0060, 4.84, 27.72, -0.04, -47.73, 396.72
12.12, 0.0080, 4.84, 27.33, -0.04, -48.60, 388.88
12.13, 0.0060, 4.84, 27.03, -0.04, -49.38, 379.36
12.14, 0.0070, 4.84, 26.68, -0.04, -50.11, 371.88
12.14, 0.0060, 4.84, 26.38, -0.04, -50.81, 363.40
12.15, 0.0070, 4.84, 26.02, -0.04, -51.46, 355.90
12.16, 0.0060, 4.84, 25.70, -0.04, -52.03, 347.40
12.16, 0.0080, 4.84, 25.28, -0.04, -52.50, 340.01
12.17, 0.0060, 4.84, 24.97, -0.04, -52.89, 330.67
12.18, 0.0070, 4.84, 24.59, -0.04, -53.15, 323.56
12.18, 0.0070, 4.84, 24.22, -0.04, -53.31, 315.59
12.19, 0.0060, 4.84, 23.90, -0.04, -53.36, 307.80
12.20, 0.0070, 4.84, 23.53, -0.04, -53.31, 301.31
12.20, 0.0060, 4.84, 23.21, -0.04, -53.17, 293.95
12.21, 0.0080, 4.84, 22.78, -0.04, -53.01, 287.83
12.22, 0.0060, 4.84, 22.47, -0.04, -52.79, 279.68
12.22, 0.0070, 4.84, 22.10, -0.04, -52.51, 273.79
12.23, 0.0060, 4.84, 21.79, -0.04, -52.14, 266.99
12.24, 0.0070, 4.84, 21.43, -0.04, -51.70, 261.48
12.24, 0.0060, 4.84, 21.12, -0.04, -51.18, 255.12
12.25, 0.0080, 4.84, 20.71, -0.04, -50.59, 250.02
12.26, 0.0070, 4.84, 20.36, -0.04, -49.90, 243.10
12.26, 0.0060, 4.84, 20.07, -0.04, -49.12, 237.50
12.27, 0.0070, 4.84, 19.73, -0.04, -48.28, 233.17
12.28, 0.0060, 4.84, 19.45, -0.04, -47.43, 228.09
12.28, 0.0070, 4.84, 19.12, -0.04, -46.60, 224.08
12.29, 0.0060, 4.84, 18.85, -0.04, -45.69, 219.24
12.30, 0.0080, 4.84, 18.49, -0.04, -44.66, 215.57
12.30, 0.0060, 4.84, 18.23, -0.04, -43.48, 210.49
12.31, 0.0070, 4.84, 17.93, -0.04, -42.28, 207.61
12.32, 0.0060, 4.84, 17.69, -0.04, -41.13, 204.10
12.32, 0.0070, 4.84, 17.41, -0.04, -40.06, 201.46
12.33, 0.0060, 4.84, 17.17, -0.04, -39.03, 198.00
12.34, 0.0080, 4.84, 16.87, -0.04, -37.97, 195.39
12.34, 0.0060, 4.84, 16.65, -0.04, -36.88, 191.42
12.35, 0.0070, 4.84, 16.40, -0.04, -35.74, 189.17
12.36, 0.0070, 4.84, 16.15, -0.04, -34.59, 186.44
12.36, 0.0060, 4.84, 15.95, -0.04, -33.41, 183.90
12.37, 0.0070, 4.84, 15.73, -0.04, -32.20, 182.26
12.38, 0.0070, 4.84, 15.51, -0.04, -30.99, 180.18
12.38, 0.0070, 4.84, 15.30, -0.04, -29.81, 178.26
12.39, 0.0060, 4.84, 15.13, -0.04, -28.71, 176.45
12.40, 0.0070, 4.84, 14.94, -0.04, -27.68, 175.20
12.40, 0.0060, 4.84, 14.78, -0.04, -26.73, 173.37
12.41, 0.0070, 4.84, 14.60, -0.04, -25.77, 172.08
12.42, 0.0060, 4.84, 14.45, -0.04, -24.76, 170.39
12.42, 0.0080, 4.84, 14.26, -0.04, -23.71, 169.43
12.43, 0.0070, 4.84, 14.10, -0.04, -22.57, 167.75
12.44, 0.0060, 4.84, 13.97, -0.04, -21.50, 166.85
12.44, 0.0070, 4.84, 13.83, -0.04, -20.51, 166.43
12.45, 0.0060, 4.84, 13.71, -0.04, -19.69, 165.52
12.46, 0.0070, 4.84, 13.58, -0.04, -18.97, 164.80
12.47, 0.0070, 4.84, 13.45, -0.04, -18.29, 163.60
12.47, 0.0070, 4.84, 13.33, -0.04, -17.57, 162.40
12.48, 0.0060, 4.84, 13.22, -0.04, -16.79, 161.36
12.48, 0.0070, 4.84, 13.11, -0.04, -15.94, 160.92
12.49, 0.0060, 4.84, 13.02, -0.04, -15.04, 160.39
12.50, 0.0070, 4.84, 12.92, -0.04, -14.18, 160.38
12.51, 0.0060, 4.84, 12.84, -0.04, -13.38, 160.12
12.51, 0.0080, 4.84, 12.74, -0.04, -12.66, 160.11
12.52, 0.0060, 4.84, 12.67, -0.04, -12.01, 159.53
12.52, 0.0070, 4.84, 12.59, -0.04, -11.41, 159.38
12.53, 0.0070, 4.84, 12.51, -0.04, -10.81, 158.98
12.54, 0.0060, 4.84, 12.45, -0.04, -10.21, 158.67
12.55, 0.0070, 4.84, 12.39, -0.04, -9.58, 158.65
12.55, 0.0070, 4.84, 12.32, -0.04, -8.94, 158.57
12.56, 0.0070, 4.84, 12.27, -0.04, -8.32, 158.58
12.56, 0.0060, 4.84, 12.22, -0.04, -7.72, 158.67
