3.60, 3.5920, 12.52, 12.53, -0.04, 0.00, 0.00
3.60, 0.0070, 12.52, 12.53, -0.04, 0.01, 180.54
3.61, 0.0060, 12.52, 12.53, -0.04, 0.01, 180.55
3.62, 0.0060, 12.52, 12.53, -0.04, 0.02, 180.56
3.62, 0.0070, 12.52, 12.53, -0.04, 0.02, 180.57
3.63, 0.0060, 12.52, 12.53, -0.04, 0.04, 180.59
3.64, 0.0080, 12.52, 12.53, -0.04, 0.07, 180.62
3.64, 0.0060, 12.52, 12.53, -0.04, 0.05, 180.69
3.65, 0.0060, 12.52, 12.53, -0.04, -0.17, 180.65
3.65, 0.0070, 12.52, 12.52, -0.04, -0.69, 180.21
3.66, 0.0060, 12.52, 12.51, -0.04, -1.55, 179.07
3.67, 0.0070, 12.52, 12.49, -0.04, -2.80, 177.16
3.67, 0.0070, 12.52, 12.46, -0.04, -4.31, 174.26
3.68, 0.0070, 12.52, 12.42, -0.04, -5.94, 170.65
3.69, 0.0060, 12.52, 12.38, -0.04, -7.53, 166.56
3.69, 0.0060, 12.52, 12.32, -0.04, -8.74, 162.47
3.70, 0.0070, 12.52, 12.26, -0.04, -9.50, 159.01
3.71, 0.0060, 12.52, 12.20, -0.04, -9.89, 156.15
3.71, 0.0070, 12.52, 12.13, -0.04, -10.17, 154.18
3.72, 0.0070, 12.52, 12.05, -0.04, -10.69, 152.20
3.73, 0.0070, 12.52, 11.97, -0.04, -12.23, 149.66
3.73, 0.0060, 12.52, 11.88, -0.04, -14.53, 144.86
3.74, 0.0070, 12.52, 11.76, -0.04, -17.08, 138.54
3.75, 0.0060, 12.52, 11.64, -0.04, -19.42, 131.05
3.75, 0.0070, 12.52, 11.49, -0.04, -21.40, 124.02
3.76, 0.0070, 12.52, 11.33, -0.04, -23.01, 117.07
3.77, 0.0070, 12.52, 11.16, -0.04, -24.28, 110.63
3.77, 0.0060, 12.52, 11.01, -0.04, -25.49, 104.68
3.78, 0.0070, 12.52, 10.82, -0.04, -26.91, 99.20
3.79, 0.0060, 12.52, 10.65, -0.04, -28.77, 92.61
3.79, 0.0070, 12.52, 10.43, -0.04, -30.88, 85.43
3.80, 0.0060, 12.52, 10.23, -0.04, -33.05, 76.88
3.81, 0.0080, 12.52, 9.95, -0.04, -35.05, 68.58
3.81, 0.0060, 12.52, 9.73, -0.04, -36.84, 58.97
3.82, 0.0070, 12.52, 9.46, -0.04, -38.44, 50.97
3.83, 0.0060, 12.52, 9.22, -0.04, -40.04, 42.39
3.83, 0.0060, 12.52, 8.97, -0.04, -41.61, 34.38
3.84, 0.0070, 12.52, 8.67, -0.04, -43.08, 26.25
3.85, 0.0070, 12.52, 8.36, -0.04, -44.17, 17.29
3.85, 0.0070, 12.52, 8.05, -0.04, -44.72, 8.91
3.86, 0.0060, 12.52, 7.78, -0.04, -44.90, 1.56
3.87, 0.0070, 12.52, 7.47, -0.04, -44.68, -4.18
3.87, 0.0060, 12.52, 7.20, -0.04, -44.32, -10.00
3.88, 0.0060, 12.52, 6.94, -0.04, -43.80, -14.60
3.89, 0.0080, 12.52, 6.59, -0.04, -43.11, -18.81
3.89, 0.0060, 12.52, 6.34, -0.04, -42.41, -24.34
3.90, 0.0070, 12.52, 6.05, -0.04, -41.67, -28.02
3.91, 0.0060, 12.52, 5.80, -0.04, -41.04, -32.38
3.91, 0.0070, 12.52, 5.52, -0.04, -40.64, -36.04
3.92, 0.0060, 12.52, 5.28, -0.04, -40.34, -40.94
3.93, 0.0060, 12.52, 5.04, -0.04, -39.25, -45.18
3.93, 0.0080, 12.52, 4.74, -0.04, -37.36, -47.71
3.94, 0.0060, 12.52, 4.53, -0.04, -34.95, -49.90
3.95, 0.0070, 12.52, 4.30, -0.04, -32.44, -49.28
3.95, 0.0060, 12.52, 4.12, -0.04, -30.06, -48.80
3.96, 0.0070, 12.52, 3.93, -0.04, -27.85, -47.64
3.97, 0.0060, 12.52, 3.77, -0.04, -25.89, -47.12
3.97, 0.0080, 12.52, 3.58, -0.04, -23.99, -46.32
3.98, 0.0060, 12.52, 3.45, -0.04, -21.92, -46.35
3.98, 0.0070, 12.52, 3.31, -0.04, -19.46, -44.84
3.99, 0.0060, 12.52, 3.21, -0.04, -16.83, -42.65
4.00, 0.0070, 12.52, 3.11, -0.04, -14.16, -39.41
4.00, 0.0060, 12.52, 3.04, -0.04, -11.58, -36.06
4.01, 0.0060, 12.52, 2.99, -0.04, -9.07, -32.28
4.02, 0.0080, 12.52, 2.94, -0.04, -6.58, -28.34
4.03, 0.0060, 12.52, 2.91, -0.04, -3.98, -24.42
4.03, 0.0070, 12.52, 2.90, -0.04, -1.40, -19.71
4.04, 0.0060, 12.52, 2.91, -0.04, 1.09, -14.73
4.04, 0.0060, 12.52, 2.93, -0.04, 3.33, -9.62
4.05, 0.0070, 12.52, 2.97, -0.04, 5.20, -4.74
4.06, 0.0070, 12.52, 3.01, -0.04, 6.93, -0.27
4.06, 0.0060, 12.52, 3.07, -0.04, 8.62, 4.15
4.07, 0.0070, 12.52, 3.14, -0.04, 10.34, 8.56
4.08, 0.0060, 12.52, 3.21, -0.04, 12.01, 13.46
4.08, 0.0060, 12.52, 3.29, -0.04, 13.92, 18.23
4.09, 0.0070, 12.52, 3.40, -0.04, 15.41, 23.74
4.10, 0.0060, 12.52, 3.50, -0.04, 15.54, 28.87
4.10, 0.0080, 12.52, 3.61, -0.04, 14.52, 31.00
4.11, 0.0060, 12.52, 3.69, -0.04, 13.40, 31.28
4.12, 0.0070, 12.52, 3.78, -0.04, 12.89, 30.65
4.12, 0.0060, 12.52, 3.86, -0.04, 13.10, 31.42
4.13, 0.0070, 12.52, 3.96, -0.04, 13.67, 33.43
4.14, 0.0060, 12.52, 4.04, -0.04, 14.33, 36.47
4.14, 0.0070, 12.52, 4.15, -0.04, 14.87, 39.52
4.15, 0.0070, 12.52, 4.25, -0.04, 15.15, 42.67
4.16, 0.0060, 12.52, 4.34, -0.04, 14.95, 45.36
4.16, 0.0070, 12.52, 4.44, -0.04, 14.08, 46.74
4.17, 0.0060, 12.52, 4.52, -0.04, 12.78, 46.99
4.18, 0.0070, 12.52, 4.60, -0.04, 11.45, 45.93
4.18, 0.0060, 12.52, 4.66, -0.04, 10.36, 44.87
4.19, 0.0070, 12.52, 4.73, -0.04, 9.57, 43.92
4.20, 0.0070, 12.52, 4.79, -0.04, 8.96, 43.69
4.20, 0.0060, 12.52, 4.84, -0.04, 8.24, 43.72
4.21, 0.0070, 12.52, 4.89, -0.04, 7.21, 43.27
4.21, 0.0060, 12.52, 4.93, -0.04, 5.88, 42.21
4.22, 0.0060, 12.52, 4.95, -0.04, 4.43, 40.25
4.23, 0.0080, 12.52, 4.98, -0.04, 3.05, 37.90
4.23, 0.0060, 12.52, 4.99, -0.04, 1.80, 35.61
4.24, 0.0060, 12.52, 4.99, -0.04, 0.67, 33.34
4.25, 0.0070, 12.52, 4.99, -0.04, -0.35, 31.17
4.25, 0.0060, 12.52, 4.98, -0.04, -1.34, 29.06
4.26, 0.0070, 12.52, 4.96, -0.04, -2.35, 26.93
4.27, 0.0060, 12.52, 4.94, -0.04, -3.33, 24.58
4.27, 0.0070, 12.52, 4.91, -0.04, -4.29, 22.22
4.28, 0.0070, 12.52, 4.87, -0.04, -5.68, 19.70
4.29, 0.0060, 12.52, 4.83, -0.04, -7.05, 16.12
4.29, 0.0060, 12.52, 4.79, -0.04, -7.56, 12.53
4.30, 0.0070, 12.52, 4.74, -0.04, -7.19, 10.62
4.31, 0.0060, 12.52, 4.70, -0.04, -6.56, 10.35
4.31, 0.0080, 12.52, 4.65, -0.04, -6.11, 10.81
4.32, 0.0060, 12.52, 4.61, -0.04, -5.98, 10.74
4.33, 0.0060, 12.52, 4.58, -0.04, -6.05, 10.28
4.33, 0.0070, 12.52, 4.53, -0.04, -6.44, 9.42
4.34, 0.0060, 12.52, 4.49, -0.04, -7.19, 7.74
4.34, 0.0060, 12.52, 4.44, -0.04, -8.21, 5.38
4.35, 0.0070, 12.52, 4.37, -0.04, -9.14, 2.35
4.36, 0.0070, 12.52, 4.31, -0.04, -9.51, -0.80
4.36, 0.0060, 12.52, 4.25, -0.04, -9.29, -2.86
4.37, 0.0070, 12.52, 4.19, -0.04, -8.84, -3.55
4.38, 0.0060, 12.52, 4.14, -0.04, -8.36, -3.87
4.38, 0.0060, 12.52, 4.09, -0.04, -8.04, -3.92
4.39, 0.0070, 12.52, 4.04, -0.04, -7.86, -4.24
4.40, 0.0060, 12.52, 3.99, -0.04, -7.71, -4.98
4.40, 0.0070, 12.52, 3.94, -0.04, -7.52, -5.62
4.41, 0.0070, 12.52, 3.89, -0.04, -7.30, -6.29
4.42, 0.0060, 12.52, 3.84, -0.04, -7.16, -6.86
4.42, 0.0060, 12.52, 3.80, -0.04, -7.12, -7.44
4.43, 0.0070, 12.52, 3.75, -0.04, -7.16, -8.22
4.44, 0.0060, 12.52, 3.71, -0.04, -7.20, -9.29
4.44, 0.0070, 12.52, 3.66, -0.04, -7.19, -10.25
4.45, 0.0070, 12.52, 3.61, -0.04, -7.08, -11.23
4.46, 0.0060, 12.52, 3.57, -0.04, -6.91, -12.01
4.46, 0.0070, 12.52, 3.52, -0.04, -6.70, -12.50
4.47, 0.0060, 12.52, 3.48, -0.04, -6.49, -13.01
4.48, 0.0060, 12.52, 3.44, -0.04, -6.33, -13.37
4.48, 0.0070, 12.52, 3.40, -0.04, -6.24, -13.81
4.49, 0.0070, 12.52, 3.36, -0.04, -6.22, -14.50
4.50, 0.0070, 12.52, 3.31, -0.04, -6.21, -15.32
4.50, 0.0060, 12.52, 3.27, -0.04, -6.19, -16.17
4.51, 0.0060, 12.52, 3.24, -0.04, -6.17, -16.89
4.51, 0.0070, 12.52, 3.19, -0.04, -6.21, -17.58
4.52, 0.0060, 12.52, 3.16, -0.04, -6.42, -18.54
4.53, 0.0080, 12.52, 3.10, -0.04, -6.71, -19.72
4.53, 0.0060, 12.52, 3.06, -0.04, -6.90, -21.38
4.54, 0.0060, 12.52, 3.02, -0.04, -6.91, -22.59
4.55, 0.0070, 12.52, 2.97, -0.04, -6.76, -23.44
4.55, 0.0060, 12.52, 2.93, -0.04, -6.60, -24.08
4.56, 0.0070, 12.52, 2.89, -0.04, -6.56, -24.56
4.57, 0.0060, 12.52, 2.85, -0.04, -6.64, -25.40
4.57, 0.0070, 12.52, 2.80, -0.04, -6.84, -26.35
4.58, 0.0070, 12.52, 2.75, -0.04, -7.09, -27.72
4.59, 0.0060, 12.52, 2.70, -0.04, -7.35, -29.21
4.59, 0.0060, 12.52, 2.66, -0.04, -7.57, -30.60
4.60, 0.0070, 12.52, 2.61, -0.04, -7.72, -31.95
4.61, 0.0060, 12.52, 2.56, -0.04, -7.80, -33.33
4.61, 0.0080, 12.52, 2.50, -0.04, -7.82, -34.43
4.62, 0.0060, 12.52, 2.45, -0.04, -7.80, -35.71
4.63, 0.0060, 12.52, 2.40, -0.04, -7.77, -36.61
4.63, 0.0070, 12.52, 2.35, -0.04, -7.70, -37.48
4.64, 0.0060, 12.52, 2.30, -0.04, -7.59, -38.42
4.65, 0.0070, 12.52, 2.25, -0.04, -7.44, -39.12
4.65, 0.0060, 12.52, 2.21, -0.04, -7.31, -39.86
4.66, 0.0070, 12.52, 2.16, -0.04, -7.27, -40.48
4.67, 0.0070, 12.52, 2.11, -0.04, -7.33, -41.42
4.67, 0.0060, 12.52, 2.06, -0.04, -7.40, -42.57
4.68, 0.0070, 12.52, 2.01, -0.04, -7.33, -43.59
4.68, 0.0060, 12.52, 1.97, -0.04, -7.07, -44.48
4.69, 0.0060, 12.52, 1.93, -0.04, -6.60, -44.81
4.70, 0.0080, 12.52, 1.88, -0.04, -6.07, -44.66
4.71, 0.0060, 12.52, 1.84, -0.04, -5.65, -44.57
4.71, 0.0070, 12.52, 1.81, -0.04, -5.43, -44.40
4.72, 0.0060, 12.52, 1.77, -0.04, -5.39, -44.73
4.72, 0.0060, 12.52, 1.74, -0.04, -5.35, -45.29
4.73, 0.0070, 12.52, 1.71, -0.04, -5.19, -45.85
4.74, 0.0060, 12.52, 1.68, -0.04, -4.84, -46.26
4.74, 0.0080, 12.52, 1.64, -0.04, -4.34, -46.14
4.75, 0.0060, 12.52, 1.62, -0.04, -3.82, -45.84
4.76, 0.0060, 12.52, 1.60, -0.04, -3.37, -45.25
4.76, 0.0070, 12.52, 1.58, -0.04, -3.06, -44.76
4.77, 0.0060, 12.52, 1.56, -0.04, -2.82, -44.57
4.78, 0.0070, 12.52, 1.54, -0.04, -2.58, -44.43
4.78, 0.0070, 12.52, 1.53, -0.04, -2.28, -44.32
4.79, 0.0060, 12.52, 1.52, -0.04, -1.90, -44.02
4.80, 0.0070, 12.52, 1.50, -0.04, -1.52, -43.50
4.80, 0.0060, 12.52, 1.50, -0.04, -1.18, -42.95
4.81, 0.0060, 12.52, 1.49, -0.04, -0.85, -42.41
4.82, 0.0070, 12.52, 1.49, -0.04, -0.53, -41.86
4.82, 0.0060, 12.52, 1.49, -0.04, -0.22, -41.29
4.83, 0.0080, 12.52, 1.49, -0.04, 0.04, -40.68
4.84, 0.0060, 12.52, 1.49, -0.04, 0.23, -40.16
4.84, 0.0060, 12.52, 1.49, -0.04, 0.35, -39.76
4.85, 0.0070, 12.52, 1.49, -0.04, 0.46, -39.47
4.85, 0.0060, 12.52, 1.50, -0.04, 0.61, -39.19
4.86, 0.0060, 12.52, 1.50, -0.04, 0.84, -38.81
4.87, 0.0080, 12.52, 1.51, -0.04, 1.09, -38.26
4.88, 0.0060, 12.52, 1.52, -0.04, 1.29, -37.58
4.88, 0.0070, 12.52, 1.53, -0.04, 1.39, -37.02
4.89, 0.0060, 12.52, 1.54, -0.04, 1.30, -36.62
4.89, 0.0060, 12.52, 1.54, -0.04, 1.08, -36.65
4.90, 0.0070, 12.52, 1.55, -0.04, 0.84, -36.97
4.91, 0.0060, 12.52, 1.55, -0.04, 0.69, -37.33
4.91, 0.0070, 12.52, 1.56, -0.04, 0.67, -37.55
4.92, 0.0070, 12.52, 1.56, -0.04, 0.68, -37.49
4.93, 0.0060, 12.52, 1.57, -0.04, 0.63, -37.38
4.93, 0.0070, 12.52, 1.57, -0.04, 0.44, -37.41
4.94, 0.0060, 12.52, 1.57, -0.04, 0.12, -37.73
4.95, 0.0060, 12.52, 1.57, -0.04, -0.24, -38.35
4.95, 0.0080, 12.52, 1.56, -0.04, -0.54, -39.10
4.96, 0.0060, 12.52, 1.56, -0.04, -0.74, -39.78
4.97, 0.0060, 12.52, 1.56, -0.04, -0.89, -40.27
4.97, 0.0070, 12.52, 1.55, -0.04, -1.12, -40.68
4.98, 0.0060, 12.52, 1.54, -0.04, -1.48, -41.30
4.99, 0.0070, 12.52, 1.52, -0.04, -1.92, -42.20
4.99, 0.0060, 12.52, 1.51, -0.04, -2.32, -43.34
5.00, 0.0070, 12.52, 1.49, -0.04, -2.65, -44.43
5.01, 0.0070, 12.52, 1.47, -0.04, -2.94, -45.45
5.01, 0.0060, 12.52, 1.45, -0.04, -3.25, -46.44
5.02, 0.0070, 12.52, 1.43, -0.04, -3.59, -47.45
5.02, 0.0060, 12.52, 1.40, -0.04, -3.93, -48.64
5.03, 0.0060, 12.52, 1.38, -0.04, -4.23, -49.79
5.04, 0.0080, 12.52, 1.34, -0.04, -4.50, -50.89
5.05, 0.0060, 12.52, 1.31, -0.04, -4.78, -52.16
5.05, 0.0070, 12.52, 1.28, -0.04, -5.07, -53.29
5.06, 0.0060, 12.52, 1.25, -0.04, -5.38, -54.59
5.06, 0.0060, 12.52, 1.21, -0.04, -5.67, -55.85
5.07, 0.0070, 12.52, 1.17, -0.04, -5.95, -57.11
5.08, 0.0060, 12.52, 1.13, -0.04, -6.21, -58.50
5.08, 0.0080, 12.52, 1.08, -0.04, -6.44, -59.76
5.09, 0.0060, 12.52, 1.04, -0.04, -6.58, -61.25
5.10, 0.0060, 12.52, 1.00, -0.04, -6.66, -62.33
5.10, 0.0070, 12.52, 0.96, -0.04, -6.69, -63.28
5.11, 0.0060, 12.52, 0.91, -0.04, -6.77, -64.27
5.12, 0.0070, 12.52, 0.87, -0.04, -6.87, -65.24
5.12, 0.0070, 12.52, 0.82, -0.04, -7.00, -66.42
5.13, 0.0060, 12.52, 0.77, -0.04, -7.10, -67.66
5.14, 0.0070, 12.52, 0.72, -0.04, -7.14, -68.71
5.14, 0.0060, 12.52, 0.68, -0.04, -7.11, -69.78
5.15, 0.0060, 12.52, 0.64, -0.04, -7.05, -70.58
5.16, 0.0070, 12.52, 0.59, -0.04, -6.95, -71.31
5.16, 0.0060, 12.52, 0.55, -0.04, -6.85, -72.07
5.17, 0.0080, 12.52, 0.50, -0.04, -6.74, -72.71
5.18, 0.0060, 12.52, 0.46, -0.04, -6.58, -73.56
5.18, 0.0060, 12.52, 0.42, -0.04, -6.38, -74.02
5.19, 0.0070, 12.52, 0.38, -0.04, -6.18, -74.38
5.20, 0.0060, 12.52, 0.34, -0.04, -6.01, -74.86
5.20, 0.0070, 12.52, 0.30, -0.04, -5.86, -75.25
5.21, 0.0060, 12.52, 0.26, -0.04, -5.70, -75.75
5.22, 0.0070, 12.52, 0.23, -0.04, -5.49, -76.13
5.22, 0.0070, 12.52, 0.19, -0.04, -5.28, -76.47
5.23, 0.0060, 12.52, 0.16, -0.04, -5.07, -76.79
5.23, 0.0060, 12.52, 0.13, -0.04, -4.87, -76.99
5.24, 0.0070, 12.52, 0.10, -0.04, -4.60, -77.16
5.25, 0.0060, 12.52, 0.07, -0.04, -4.30, -77.26
5.25, 0.0080, 12.52, 0.04, -0.04, -4.03, -77.19
5.26, 0.0060, 12.52, 0.02, -0.04, -3.79, -77.28
5.27, 0.0060, 12.52, -0.01, -0.04, -3.58, -77.26
5.27, 0.0070, 12.52, -0.03, -0.04, -3.35, -77.28
5.28, 0.0060, 12.52, -0.05, -0.04, -3.06, -77.28
5.29, 0.0070, 12.52, -0.07, -0.04, -2.80, -77.07
5.29, 0.0060, 12.52, -0.08, -0.04, -2.61, -76.95
5.30, 0.0070, 12.52, -0.10, -0.04, -2.52, -76.88
5.31, 0.0070, 12.52, -0.12, -0.04, -2.44, -77.05
5.31, 0.0060, 12.52, -0.13, -0.04, -2.32, -77.23
5.32, 0.0060, 12.52, -0.14, -0.04, -2.12, -77.27
5.32, 0.0070, 12.52, -0.16, -0.04, -1.87, -77.13
5.33, 0.0060, 12.52, -0.17, -0.04, -1.60, -76.88
5.34, 0.0080, 12.52, -0.18, -0.04, -1.39, -76.54
5.34, 0.0060, 12.52, -0.19, -0.04, -1.23, -76.34
5.35, 0.0060, 12.52, -0.19, -0.04, -1.21, -76.17
5.36, 0.0070, 12.52, -0.20, -0.04, -1.24, -76.26
5.36, 0.0060, 12.52, -0.21, -0.04, -1.44, -76.51
5.37, 0.0070, 12.52, -0.22, -0.04, -1.64, -77.08
5.38, 0.0060, 12.52, -0.23, -0.04, -1.87, -77.70
5.39, 0.0070, 12.52, -0.25, -0.04, -1.99, -78.40
5.39, 0.0070, 12.52, -0.26, -0.04, -1.93, -78.91
5.40, 0.0060, 12.52, -0.27, -0.04, -1.68, -79.06
5.40, 0.0070, 12.52, -0.28, -0.04, -1.38, -78.76
5.41, 0.0060, 12.52, -0.29, -0.04, -1.29, -78.36
5.42, 0.0060, 12.52, -0.30, -0.04, -1.53, -78.32
5.42, 0.0080, 12.52, -0.31, -0.04, -1.99, -79.00
5.43, 0.0060, 12.52, -0.33, -0.04, -2.55, -80.23
5.44, 0.0070, 12.52, -0.35, -0.04, -3.08, -81.67
5.44, 0.0060, 12.52, -0.37, -0.04, -3.43, -83.14
5.45, 0.0060, 12.52, -0.39, -0.04, -3.51, -84.27
5.46, 0.0070, 12.52, -0.42, -0.04, -3.42, -84.85
5.46, 0.0060, 12.52, -0.43, -0.04, -3.29, -85.14
5.47, 0.0080, 12.52, -0.46, -0.04, -3.38, -85.28
5.48, 0.0060, 12.52, -0.48, -0.04, -3.84, -86.00
5.48, 0.0060, 12.52, -0.51, -0.04, -4.50, -87.38
5.49, 0.0070, 12.52, -0.55, -0.04, -5.15, -89.24
5.50, 0.0060, 12.52, -0.58, -0.04, -5.62, -91.25
5.50, 0.0070, 12.52, -0.62, -0.04, -5.78, -92.87
5.51, 0.0070, 12.52, -0.66, -0.04, -5.81, -93.99
5.52, 0.0060, 12.52, -0.70, -0.04, -5.86, -94.89
5.52, 0.0070, 12.52, -0.74, -0.04, -6.11, -95.68
5.53, 0.0060, 12.52, -0.78, -0.04, -6.59, -97.04
5.53, 0.0070, 12.52, -0.83, -0.04, -7.20, -98.78
5.54, 0.0060, 12.52, -0.88, -0.04, -7.84, -101.02
5.55, 0.0060, 12.52, -0.93, -0.04, -8.31, -103.24
5.55, 0.0080, 12.52, -1.00, -0.04, -8.59, -105.18
5.56, 0.0060, 12.52, -1.05, -0.04, -8.55, -107.12
5.57, 0.0070, 12.52, -1.11, -0.04, -8.59, -108.06
5.57, 0.0060, 12.52, -1.16, -0.04, -8.67, -109.34
5.58, 0.0070, 12.52, -1.22, -0.04, -9.13, -110.54
5.59, 0.0060, 12.52, -1.28, -0.04, -9.70, -112.73
5.59, 0.0080, 12.52, -1.37, -0.04, -10.41, -115.03
5.60, 0.0060, 12.52, -1.43, -0.04, -10.89, -118.12
5.61, 0.0070, 12.52, -1.51, -0.04, -11.11, -120.38
5.61, 0.0060, 12.52, -1.57, -0.04, -11.10, -122.38
5.62, 0.0070, 12.52, -1.65, -0.04, -11.09, -123.69
5.63, 0.0060, 12.52, -1.72, -0.04, -11.40, -125.24
5.64, 0.0080, 12.52, -1.82, -0.04, -11.81, -127.22
5.64, 0.0060, 12.52, -1.89, -0.04, -12.28, -129.92
5.65, 0.0070, 12.52, -1.98, -0.04, -12.77, -132.33
5.66, 0.0060, 12.52, -2.06, -0.04, -13.16, -135.12
5.66, 0.0070, 12.52, -2.15, -0.04, -13.32, -137.47
5.67, 0.0060, 12.52, -2.23, -0.04, -13.15, -139.66
5.68, 0.0070, 12.52, -2.32, -0.04, -12.97, -140.88
5.68, 0.0070, 12.52, -2.41, -0.04, -13.22, -142.35
5.69, 0.0070, 12.52, -2.51, -0.04, -14.02, -144.70
5.70, 0.0060, 12.52, -2.60, -0.04, -14.96, -148.26
5.70, 0.0070, 12.52, -2.71, -0.04, -15.83, -151.94
5.71, 0.0060, 12.52, -2.81, -0.04, -16.23, -155.89
5.71, 0.0070, 12.52, -2.92, -0.04, -16.09, -158.64
5.72, 0.0070, 12.52, -3.03, -0.04, -15.52, -160.61
5.73, 0.0070, 12.52, -3.13, -0.04, -14.95, -161.64
5.74, 0.0060, 12.52, -3.22, -0.04, -14.79, -162.60
5.74, 0.0070, 12.52, -3.33, -0.04, -15.17, -164.04
5.75, 0.0060, 12.52, -3.42, -0.04, -15.81, -166.94
5.75, 0.0070, 12.52, -3.54, -0.04, -16.62, -170.12
5.76, 0.0060, 12.52, -3.65, -0.04, -17.34, -174.06
5.77, 0.0080, 12.52, -3.79, -0.04, -17.83, -177.58
5.78, 0.0060, 12.52, -3.89, -0.04, -17.70, -181.42
5.78, 0.0070, 12.52, -4.01, -0.04, -16.92, -183.29
5.79, 0.0060, 12.52, -4.11, -0.04, -15.99, -184.10
5.79, 0.0070, 12.52, -4.22, -0.04, -15.78, -184.15
5.80, 0.0060, 12.52, -4.32, -0.04, -16.81, -185.94
5.81, 0.0080, 12.52, -4.47, -0.04, -18.37, -190.02
5.82, 0.0060, 12.52, -4.58, -0.04, -19.54, -196.08
5.82, 0.0070, 12.52, -4.72, -0.04, -19.54, -200.77
5.83, 0.0060, 12.52, -4.83, -0.04, -18.41, -203.50
5.83, 0.0070, 12.52, -4.95, -0.04, -16.81, -203.44
5.84, 0.0060, 12.52, -5.04, -0.04, -15.90, -202.59
5.85, 0.0070, 12.52, -5.16, -0.04, -16.14, -202.69
5.86, 0.0070, 12.52, -5.28, -0.04, -17.28, -205.42
5.86, 0.0070, 12.52, -5.41, -0.04, -18.63, -210.12
5.87, 0.0060, 12.52, -5.53, -0.04, -19.68, -215.43
5.87, 0.0070, 12.52, -5.67, -0.04, -19.87, -219.89
5.88, 0.0060, 12.52, -5.78, -0.04, -19.02, -223.07
5.89, 0.0070, 12.52, -5.90, -0.04, -17.43, -223.64
5.90, 0.0070, 12.52, -6.01, -0.04, -15.93, -222.90
5.90, 0.0070, 12.52, -6.12, -0.04, -15.22, -222.14
5.91, 0.0060, 12.52, -6.21, -0.04, -15.58, -222.83
5.91, 0.0070, 12.52, -6.33, -0.04, -16.66, -225.43
5.92, 0.0060, 12.52, -6.44, -0.04, -17.84, -229.91
5.93, 0.0070, 12.52, -6.57, -0.04, -18.50, -234.42
5.94, 0.0070, 12.52, -6.69, -0.04, -18.33, -238.34
5.94, 0.0070, 12.52, -6.82, -0.04, -17.40, -240.56
5.95, 0.0060, 12.52, -6.91, -0.04, -16.28, -241.14
5.95, 0.0070, 12.52, -7.02, -0.04, -15.23, -240.86
5.96, 0.0060, 12.52, -7.11, -0.04, -14.66, -240.89
5.97, 0.0070, 12.52, -7.21, -0.04, -14.63, -241.50
5.98, 0.0060, 12.52, -7.30, -0.04, -15.39, -243.48
5.98, 0.0080, 12.52, -7.44, -0.04, -16.67, -246.86
5.99, 0.0060, 12.52, -7.55, -0.04, -18.08, -252.08
5.99, 0.0070, 12.52, -7.68, -0.04, -18.69, -257.07
6.00, 0.0060, 12.52, -7.78, -0.04, -18.02, -260.90
6.01, 0.0070, 12.52, -7.90, -0.04, -16.59, -261.72
6.01, 0.0060, 12.52, -7.99, -0.04, -15.21, -261.18
6.02, 0.0080, 12.52, -8.11, -0.04, -14.65, -260.26
6.03, 0.0060, 12.52, -8.20, -0.04, -14.94, -261.48
6.03, 0.0070, 12.52, -8.31, -0.04, -16.09, -263.85
6.04, 0.0060, 12.52, -8.42, -0.04, -17.28, -268.41
6.05, 0.0070, 12.52, -8.54, -0.04, -17.99, -272.86
6.05, 0.0060, 12.52, -8.65, -0.04, -18.10, -276.80
6.06, 0.0070, 12.52, -8.78, -0.04, -18.07, -279.19
6.07, 0.0070, 12.52, -8.90, -0.04, -18.20, -281.66
6.07, 0.0070, 12.52, -9.03, -0.04, -18.54, -284.46
6.08, 0.0060, 12.52, -9.15, -0.04, -19.22, -287.74
6.09, 0.0070, 12.52, -9.29, -0.04, -20.16, -291.40
6.09, 0.0060, 12.52, -9.42, -0.04, -21.21, -296.11
6.10, 0.0070, 12.52, -9.57, -0.04, -22.02, -300.77
6.11, 0.0070, 12.52, -9.73, -0.04, -22.37, -305.45
6.11, 0.0070, 12.52, -9.89, -0.04, -22.59, -309.29
6.12, 0.0060, 12.52, -10.02, -0.04, -23.01, -312.88
6.13, 0.0070, 12.52, -10.19, -0.04, -23.85, -316.49
6.13, 0.0060, 12.52, -10.34, -0.04, -25.14, -321.52
6.14, 0.0070, 12.52, -10.53, -0.04, -26.72, -327.10
6.15, 0.0070, 12.52, -10.73, -0.04, -28.52, -334.00
6.15, 0.0070, 12.52, -10.94, -0.04, -30.48, -341.60
6.16, 0.0060, 12.52, -11.13, -0.04, -32.20, -349.78
6.17, 0.0070, 12.52, -11.37, -0.04, -33.26, -357.09
6.17, 0.0060, 12.52, -11.57, -0.04, -33.71, -363.86
6.18, 0.0070, 12.52, -11.81, -0.04, -33.76, -368.81
6.19, 0.0070, 12.52, -12.04, -0.04, -33.70, -373.63
6.20, 0.0070, 12.52, -12.28, -0.04, -33.70, -378.24
6.20, 0.0070, 12.52, -12.52, -0.04, -33.89, -382.95
6.21, 0.0060, 12.52, -12.72, -0.04, -34.54, -388.08
6.21, 0.0070, 12.52, -12.97, -0.04, -35.68, -393.52
6.22, 0.0060, 12.52, -13.20, -0.04, -37.26, -400.80
6.23, 0.0070, 12.52, -13.47, -0.04, -38.71, -408.42
6.24, 0.0070, 12.52, -13.74, -0.04, -39.34, -416.75
6.24, 0.0070, 12.52, -14.01, -0.04, -38.77, -423.51
6.25, 0.0060, 12.52, -14.24, -0.04, -37.53, -427.81
6.25, 0.0070, 12.52, -14.49, -0.04, -36.19, -429.83
6.26, 0.0070, 12.52, -14.74, -0.04, -35.09, -432.21
6.27, 0.0060, 12.52, -14.94, -0.04, -34.47, -434.92
6.28, 0.0080, 12.52, -15.22, -0.04, -34.42, -437.83
6.28, 0.0060, 12.52, -15.43, -0.04, -34.62, -443.22
6.29, 0.0070, 12.52, -15.67, -0.04, -34.72, -447.80
6.30, 0.0060, 12.52, -15.88, -0.04, -34.38, -452.84
6.30, 0.0070, 12.52, -16.11, -0.04, -33.56, -456.29
6.31, 0.0060, 12.52, -16.31, -0.04, -32.53, -459.36
6.32, 0.0070, 12.52, -16.53, -0.04, -31.58, -461.20
6.32, 0.0080, 12.52, -16.78, -0.04, -30.92, -463.71
6.33, 0.0060, 12.52, -16.96, -0.04, -30.39, -467.34
6.34, 0.0070, 12.52, -17.16, -0.04, -29.61, -469.94
6.34, 0.0060, 12.52, -17.33, -0.04, -28.13, -472.51
6.35, 0.0070, 12.52, -17.52, -0.04, -25.96, -472.94
6.36, 0.0060, 12.52, -17.66, -0.04, -23.48, -472.23
6.36, 0.0080, 12.52, -17.83, -0.04, -21.31, -470.07
6.37, 0.0070, 12.52, -17.97, -0.04, -19.90, -469.16
6.38, 0.0060, 12.52, -18.08, -0.04, -18.97, -469.11
6.38, 0.0070, 12.52, -18.20, -0.04, -17.60, -469.55
6.39, 0.0060, 12.52, -18.30, -0.04, -15.76, -469.25
6.40, 0.0070, 12.52, -18.39, -0.04, -13.91, -467.48
6.40, 0.0060, 12.52, -18.47, -0.04, -12.26, -465.73
6.41, 0.0080, 12.52, -18.55, -0.04, -10.66, -463.88
6.42, 0.0060, 12.52, -18.61, -0.04, -8.69, -462.39
6.42, 0.0070, 12.52, -18.65, -0.04, -6.15, -459.50
6.43, 0.0060, 12.52, -18.67, -0.04, -3.45, -455.28
6.44, 0.0070, 12.52, -18.68, -0.04, -1.43, -450.29
6.44, 0.0060, 12.52, -18.68, -0.04, -0.03, -446.44
6.45, 0.0080, 12.52, -18.67, -0.04, 1.13, -443.66
6.46, 0.0060, 12.52, -18.66, -0.04, 2.63, -441.16
6.46, 0.0070, 12.52, -18.62, -0.04, 4.51, -437.84
6.47, 0.0060, 12.52, -18.58, -0.04, 6.53, -433.46
6.48, 0.0070, 12.52, -18.52, -0.04, 8.65, -428.62
6.48, 0.0060, 12.52, -18.46, -0.04, 10.56, -423.18
6.49, 0.0080, 12.52, -18.36, -0.04, 12.32, -418.09
6.50, 0.0060, 12.52, -18.28, -0.04, 13.90, -412.59
6.50, 0.0070, 12.52, -18.17, -0.04, 15.43, -407.78
6.51, 0.0060, 12.52, -18.07, -0.04, 17.11, -402.55
6.51, 0.0070, 12.52, -17.93, -0.04, 19.18, -397.13
6.52, 0.0070, 12.52, -17.78, -0.04, 21.69, -390.32
6.53, 0.0060, 12.52, -17.63, -0.04, 24.54, -382.26
6.54, 0.0080, 12.52, -17.42, -0.04, 27.30, -373.61
6.54, 0.0060, 12.52, -17.24, -0.04, 29.46, -363.72
6.55, 0.0070, 12.52, -17.02, -0.04, 31.12, -355.86
6.56, 0.0060, 12.52, -16.83, -0.04, 32.67, -348.19
6.56, 0.0070, 12.52, -16.58, -0.04, 34.64, -341.17
6.57, 0.0060, 12.52, -16.36, -0.04, 37.11, -332.38
6.58, 0.0080, 12.52, -16.04, -0.04, 39.86, -322.98
6.58, 0.0060, 12.52, -15.79, -0.04, 42.01, -311.10
6.59, 0.0070, 12.52, -15.48, -0.04, 43.75, -301.76
6.60, 0.0070, 12.52, -15.16, -0.04, 45.61, -292.16
6.60, 0.0060, 12.52, -14.88, -0.04, 47.68, -282.06
6.61, 0.0070, 12.52, -14.53, -0.04, 49.98, -272.19
6.62, 0.0060, 12.52, -14.22, -0.04, 52.10, -260.60
6.62, 0.0080, 12.52, -13.78, -0.04, 53.85, -250.10
6.63, 0.0060, 12.52, -13.45, -0.04, 55.43, -238.00
6.64, 0.0070, 12.52, -13.05, -0.04, 57.35, -228.18
6.64, 0.0060, 12.52, -12.69, -0.04, 59.54, -216.31
6.65, 0.0070, 12.52, -12.26, -0.04, 61.94, -204.79
6.66, 0.0060, 12.52, -11.87, -0.04, 64.18, -191.32
6.66, 0.0080, 12.52, -11.34, -0.04, 66.21, -179.13
6.67, 0.0060, 12.52, -10.94, -0.04, 68.18, -164.48
6.68, 0.0070, 12.52, -10.44, -0.04, 70.19, -152.35
6.68, 0.0070, 12.52, -9.94, -0.04, 72.54, -138.51
6.69, 0.0060, 12.52, -9.49, -0.04, 75.06, -123.66
6.70, 0.0070, 12.52, -8.94, -0.04, 77.76, -109.61
6.70, 0.0070, 12.52, -8.38, -0.04, 80.37, -93.32
6.71, 0.0070, 12.52, -7.80, -0.04, 82.78, -76.85
6.72, 0.0060, 12.52, -7.29, -0.04, 84.88, -60.44
6.72, 0.0060, 12.52, -6.77, -0.04, 86.82, -46.05
6.73, 0.0070, 12.52, -6.15, -0.04, 88.64, -31.77
6.74, 0.0060, 12.52, -5.61, -0.04, 90.48, -15.72
6.74, 0.0070, 12.52, -4.96, -0.04, 92.52, -1.16
6.75, 0.0070, 12.52, -4.30, -0.04, 94.70, 15.85
6.76, 0.0070, 12.52, -3.62, -0.04, 97.00, 33.49
6.76, 0.0060, 12.52, -3.02, -0.04, 99.21, 51.66

9Adafruit MPU6050 test!
MPU6050 Found!
Accelerometer range set to: +-8G
Gyro range set to: +- 500 deg/s
Filter bandwidth set to: 21 Hz

Calibrating ...
Done calibrating !
Waiting ...
3.60, 3.5910, 10.71, 10.70, -0.03, -0.00, 0.00
3.60, 0.0070, 10.71, 10.70, -0.03, -0.01, 144.01
3.61, 0.0060, 10.71, 10.70, -0.03, -0.01, 144.00
3.61, 0.0060, 10.71, 10.70, -0.03, -0.01, 143.99
3.62, 0.0070, 10.71, 10.70, -0.03, -0.01, 143.98
3.63, 0.0060, 10.71, 10.70, -0.03, -0.00, 143.98
3.63, 0.0080, 10.71, 10.70, -0.03, 0.02, 144.01
3.64, 0.0060, 10.71, 10.70, -0.03, 0.01, 144.04
3.65, 0.0060, 10.71, 10.70, -0.03, -0.16, 144.03
3.65, 0.0070, 10.71, 10.70, -0.03, -0.62, 143.66
3.66, 0.0060, 10.71, 10.69, -0.03, -1.45, 142.66
3.67, 0.0070, 10.71, 10.67, -0.03, -2.68, 140.83
3.67, 0.0070, 10.71, 10.64, -0.03, -4.15, 138.00
3.68, 0.0070, 10.71, 10.60, -0.03, -5.74, 134.47
3.69, 0.0060, 10.71, 10.56, -0.03, -7.19, 130.49
3.69, 0.0060, 10.71, 10.51, -0.03, -8.25, 126.73
3.70, 0.0070, 10.71, 10.44, -0.03, -8.87, 123.63
3.71, 0.0060, 10.71, 10.39, -0.03, -9.24, 121.13
3.71, 0.0070, 10.71, 10.32, -0.03, -9.58, 119.28
3.72, 0.0070, 10.71, 10.25, -0.03, -10.29, 117.26
3.73, 0.0070, 10.71, 10.17, -0.03, -11.76, 114.41
3.73, 0.0060, 10.71, 10.08, -0.03, -13.72, 109.82
3.74, 0.0070, 10.71, 9.97, -0.03, -15.77, 104.24
3.75, 0.0060, 10.71, 9.87, -0.03, -17.62, 97.95
3.75, 0.0070, 10.71, 9.73, -0.03, -19.27, 92.14
3.76, 0.0070, 10.71, 9.59, -0.03, -20.74, 86.14
3.77, 0.0060, 10.71, 9.46, -0.03, -22.16, 80.29
3.77, 0.0070, 10.71, 9.29, -0.03, -23.61, 74.79
3.78, 0.0060, 10.71, 9.14, -0.03, -25.08, 68.59
3.79, 0.0070, 10.71, 8.95, -0.03, -26.56, 62.64
3.79, 0.0060, 10.71, 8.79, -0.03, -27.93, 55.96
3.80, 0.0070, 10.71, 8.58, -0.03, -29.30, 49.87
3.81, 0.0070, 10.71, 8.37, -0.03, -30.71, 43.03
3.81, 0.0070, 10.71, 8.14, -0.03, -32.25, 35.91
3.82, 0.0060, 10.71, 7.94, -0.03, -33.89, 28.32
3.83, 0.0060, 10.71, 7.72, -0.03, -35.46, 20.96
3.83, 0.0070, 10.71, 7.47, -0.03, -36.77, 13.57
3.84, 0.0060, 10.71, 7.24, -0.03, -37.67, 5.81
3.85, 0.0080, 10.71, 6.94, -0.03, -38.10, -0.51
3.85, 0.0060, 10.71, 6.71, -0.03, -38.22, -7.47
3.86, 0.0060, 10.71, 6.48, -0.03, -38.11, -12.31
3.86, 0.0070, 10.71, 6.21, -0.03, -37.76, -16.66
3.87, 0.0060, 10.71, 5.99, -0.03, -37.08, -21.25
3.88, 0.0070, 10.71, 5.74, -0.03, -36.13, -24.34
3.89, 0.0060, 10.71, 5.53, -0.03, -35.07, -27.49
3.89, 0.0080, 10.71, 5.25, -0.03, -34.23, -29.58
3.90, 0.0060, 10.71, 5.05, -0.03, -33.65, -33.37
3.90, 0.0070, 10.71, 4.82, -0.03, -33.28, -36.26
3.91, 0.0060, 10.71, 4.62, -0.03, -32.95, -40.17
3.92, 0.0060, 10.71, 4.43, -0.03, -32.31, -43.47
3.92, 0.0070, 10.71, 4.21, -0.03, -30.89, -46.06
3.93, 0.0070, 10.71, 4.01, -0.03, -28.83, -47.54
3.94, 0.0070, 10.71, 3.82, -0.03, -26.51, -47.47
3.94, 0.0060, 10.71, 3.68, -0.03, -24.16, -46.53
3.95, 0.0070, 10.71, 3.53, -0.03, -21.98, -44.74
3.96, 0.0060, 10.71, 3.40, -0.03, -20.09, -43.44
3.96, 0.0070, 10.71, 3.28, -0.03, -18.39, -42.07
3.97, 0.0060, 10.71, 3.18, -0.03, -16.68, -41.26
3.98, 0.0070, 10.71, 3.07, -0.03, -14.82, -39.83
3.98, 0.0070, 10.71, 2.98, -0.03, -12.83, -38.20
3.99, 0.0060, 10.71, 2.92, -0.03, -10.83, -36.01
4.00, 0.0070, 10.71, 2.86, -0.03, -8.81, -33.30
4.00, 0.0060, 10.71, 2.82, -0.03, -6.77, -30.51
4.01, 0.0070, 10.71, 2.78, -0.03, -4.61, -27.24
4.02, 0.0070, 10.71, 2.77, -0.03, -2.31, -23.57
4.02, 0.0060, 10.71, 2.77, -0.03, -0.04, -19.28
4.03, 0.0070, 10.71, 2.78, -0.03, 1.99, -14.74
4.03, 0.0060, 10.71, 2.80, -0.03, 3.58, -10.41
4.04, 0.0060, 10.71, 2.83, -0.03, 4.82, -6.79
4.05, 0.0070, 10.71, 2.87, -0.03, 5.98, -3.75
4.05, 0.0060, 10.71, 2.92, -0.03, 7.28, -0.58
4.06, 0.0070, 10.71, 2.98, -0.03, 8.77, 2.89
4.07, 0.0070, 10.71, 3.05, -0.03, 10.23, 7.10
4.07, 0.0060, 10.71, 3.12, -0.03, 11.51, 11.44
4.08, 0.0070, 10.71, 3.21, -0.03, 12.44, 15.40
4.09, 0.0060, 10.71, 3.28, -0.03, 12.93, 19.00
4.09, 0.0060, 10.71, 3.36, -0.03, 13.02, 21.52
4.10, 0.0080, 10.71, 3.46, -0.03, 12.94, 23.27
4.11, 0.0060, 10.71, 3.54, -0.03, 12.92, 25.17
4.11, 0.0070, 10.71, 3.63, -0.03, 13.18, 26.69
4.12, 0.0060, 10.71, 3.72, -0.03, 13.75, 29.05
4.13, 0.0070, 10.71, 3.82, -0.03, 14.42, 31.85
4.13, 0.0060, 10.71, 3.91, -0.03, 14.89, 35.20
4.14, 0.0060, 10.71, 4.00, -0.03, 14.86, 37.93
4.15, 0.0080, 10.71, 4.11, -0.03, 14.32, 39.66
4.15, 0.0060, 10.71, 4.19, -0.03, 13.64, 40.86
4.16, 0.0070, 10.71, 4.28, -0.03, 12.95, 41.14
4.17, 0.0060, 10.71, 4.36, -0.03, 12.48, 41.57
4.17, 0.0070, 10.71, 4.44, -0.03, 12.31, 42.13
4.18, 0.0060, 10.71, 4.52, -0.03, 12.10, 43.51
4.19, 0.0070, 10.71, 4.60, -0.03, 11.49, 44.55
4.19, 0.0070, 10.71, 4.67, -0.03, 10.40, 44.93
4.20, 0.0060, 10.71, 4.73, -0.03, 9.15, 44.20
4.21, 0.0070, 10.71, 4.78, -0.03, 7.91, 42.81
4.21, 0.0060, 10.71, 4.82, -0.03, 6.78, 41.44
4.22, 0.0060, 10.71, 4.86, -0.03, 5.79, 39.99
4.23, 0.0070, 10.71, 4.89, -0.03, 4.89, 38.70
4.23, 0.0070, 10.71, 4.92, -0.03, 4.10, 37.60
4.24, 0.0060, 10.71, 4.94, -0.03, 3.33, 36.58
4.25, 0.0070, 10.71, 4.96, -0.03, 2.51, 35.43
4.25, 0.0060, 10.71, 4.97, -0.03, 1.67, 34.16
4.26, 0.0070, 10.71, 4.97, -0.03, 0.76, 32.67
4.26, 0.0060, 10.71, 4.97, -0.03, -0.20, 30.96
4.27, 0.0070, 10.71, 4.96, -0.03, -1.21, 29.01
4.28, 0.0070, 10.71, 4.95, -0.03, -2.17, 26.82
4.28, 0.0060, 10.71, 4.93, -0.03, -2.93, 24.60
4.29, 0.0060, 10.71, 4.91, -0.03, -3.46, 22.74
4.30, 0.0070, 10.71, 4.88, -0.03, -3.81, 21.25
4.30, 0.0060, 10.71, 4.86, -0.03, -4.10, 20.03
4.31, 0.0070, 10.71, 4.83, -0.03, -4.47, 18.95
4.32, 0.0070, 10.71, 4.79, -0.03, -5.07, 17.58
4.32, 0.0060, 10.71, 4.76, -0.03, -5.83, 15.68
4.33, 0.0070, 10.71, 4.71, -0.03, -6.61, 13.45
4.34, 0.0060, 10.71, 4.67, -0.03, -7.14, 10.96
4.34, 0.0070, 10.71, 4.62, -0.03, -7.24, 9.06
4.35, 0.0060, 10.71, 4.57, -0.03, -7.14, 7.83
4.36, 0.0070, 10.71, 4.52, -0.03, -6.92, 7.18
4.36, 0.0070, 10.71, 4.48, -0.03, -6.91, 6.65
4.37, 0.0060, 10.71, 4.43, -0.03, -7.28, 5.70
4.38, 0.0060, 10.71, 4.39, -0.03, -7.68, 4.09
4.38, 0.0070, 10.71, 4.33, -0.03, -7.71, 2.37
4.39, 0.0060, 10.71, 4.29, -0.03, -7.16, 1.24
4.40, 0.0060, 10.71, 4.25, -0.03, -6.37, 1.47
4.40, 0.0080, 10.71, 4.21, -0.03, -5.57, 2.28
4.41, 0.0060, 10.71, 4.18, -0.03, -4.93, 3.00
4.42, 0.0060, 10.71, 4.15, -0.03, -4.61, 3.68
4.42, 0.0070, 10.71, 4.12, -0.03, -4.51, 3.78
4.43, 0.0060, 10.71, 4.09, -0.03, -4.57, 3.34
4.43, 0.0060, 10.71, 4.06, -0.03, -4.63, 2.67
4.44, 0.0080, 10.71, 4.03, -0.03, -4.57, 2.00
4.45, 0.0060, 10.71, 4.00, -0.03, -4.40, 1.38
4.45, 0.0060, 10.71, 3.98, -0.03, -4.07, 1.21
4.46, 0.0070, 10.71, 3.95, -0.03, -3.66, 1.37
4.47, 0.0060, 10.71, 3.93, -0.03, -3.19, 1.68
4.47, 0.0060, 10.71, 3.91, -0.03, -2.73, 2.23
4.48, 0.0070, 10.71, 3.90, -0.03, -2.36, 2.82
4.49, 0.0070, 10.71, 3.88, -0.03, -2.08, 3.24
4.49, 0.0060, 10.71, 3.87, -0.03, -1.91, 3.51
4.50, 0.0070, 10.71, 3.86, -0.03, -1.81, 3.62
4.51, 0.0060, 10.71, 3.85, -0.03, -1.79, 3.56
4.51, 0.0060, 10.71, 3.84, -0.03, -1.80, 3.38
4.52, 0.0070, 10.71, 3.82, -0.03, -1.81, 3.16
4.53, 0.0060, 10.71, 3.81, -0.03, -1.79, 2.89
4.53, 0.0070, 10.71, 3.80, -0.03, -1.76, 2.70
4.54, 0.0070, 10.71, 3.79, -0.03, -1.71, 2.52
4.54, 0.0060, 10.71, 3.78, -0.03, -1.67, 2.37
4.55, 0.0060, 10.71, 3.77, -0.03, -1.61, 2.26
4.56, 0.0070, 10.71, 3.76, -0.03, -1.57, 2.18
4.56, 0.0060, 10.71, 3.75, -0.03, -1.56, 2.05
4.57, 0.0070, 10.71, 3.74, -0.03, -1.59, 1.89
4.58, 0.0070, 10.71, 3.73, -0.03, -1.68, 1.59
4.58, 0.0060, 10.71, 3.72, -0.03, -1.84, 1.18
4.59, 0.0060, 10.71, 3.70, -0.03, -2.04, 0.65
4.60, 0.0070, 10.71, 3.69, -0.03, -2.27, -0.00
4.60, 0.0060, 10.71, 3.67, -0.03, -2.49, -0.78
4.61, 0.0060, 10.71, 3.66, -0.03, -2.66, -1.53
4.62, 0.0080, 10.71, 3.64, -0.03, -2.73, -2.17
4.62, 0.0060, 10.71, 3.62, -0.03, -2.73, -2.76
4.63, 0.0060, 10.71, 3.60, -0.03, -2.68, -3.08
4.64, 0.0070, 10.71, 3.58, -0.03, -2.65, -3.31
4.64, 0.0060, 10.71, 3.57, -0.03, -2.68, -3.62
4.65, 0.0060, 10.71, 3.55, -0.03, -2.81, -4.00
4.66, 0.0080, 10.71, 3.53, -0.03, -3.01, -4.59
4.66, 0.0060, 10.71, 3.51, -0.03, -3.23, -5.48
4.67, 0.0060, 10.71, 3.49, -0.03, -3.39, -6.31
4.67, 0.0070, 10.71, 3.46, -0.03, -3.43, -7.04
4.68, 0.0060, 10.71, 3.44, -0.03, -3.38, -7.59
4.69, 0.0060, 10.71, 3.42, -0.03, -3.30, -7.90
4.69, 0.0070, 10.71, 3.40, -0.03, -3.25, -8.14
4.70, 0.0070, 10.71, 3.38, -0.03, -3.25, -8.49
4.71, 0.0060, 10.71, 3.36, -0.03, -3.34, -8.95
4.71, 0.0070, 10.71, 3.33, -0.03, -3.46, -9.52
4.72, 0.0060, 10.71, 3.31, -0.03, -3.61, -10.26
4.73, 0.0060, 10.71, 3.29, -0.03, -3.75, -10.98
4.73, 0.0070, 10.71, 3.26, -0.03, -3.85, -11.71
4.74, 0.0070, 10.71, 3.23, -0.03, -3.93, -12.46
4.75, 0.0070, 10.71, 3.21, -0.03, -3.99, -13.17
4.75, 0.0060, 10.71, 3.18, -0.03, -4.03, -13.83
4.76, 0.0060, 10.71, 3.16, -0.03, -4.08, -14.41
4.76, 0.0070, 10.71, 3.13, -0.03, -4.15, -15.00
4.77, 0.0060, 10.71, 3.10, -0.03, -4.25, -15.71
4.78, 0.0060, 10.71, 3.08, -0.03, -4.39, -16.43
4.78, 0.0080, 10.71, 3.04, -0.03, -4.56, -17.24
4.79, 0.0060, 10.71, 3.01, -0.03, -4.74, -18.31
4.80, 0.0070, 10.71, 2.98, -0.03, -4.89, -19.23
4.80, 0.0060, 10.71, 2.95, -0.03, -5.01, -20.23
4.81, 0.0060, 10.71, 2.92, -0.03, -5.11, -21.07
4.82, 0.0070, 10.71, 2.88, -0.03, -5.19, -21.87
4.82, 0.0060, 10.71, 2.85, -0.03, -5.27, -22.75
4.83, 0.0080, 10.71, 2.81, -0.03, -5.38, -23.55
4.84, 0.0060, 10.71, 2.77, -0.03, -5.50, -24.63
4.84, 0.0060, 10.71, 2.74, -0.03, -5.65, -25.54
4.85, 0.0070, 10.71, 2.70, -0.03, -5.81, -26.52
4.86, 0.0060, 10.71, 2.66, -0.03, -5.97, -27.65
4.86, 0.0070, 10.71, 2.62, -0.03, -6.12, -28.69
4.87, 0.0070, 10.71, 2.58, -0.03, -6.26, -29.85
4.88, 0.0060, 10.71, 2.54, -0.03, -6.37, -30.99
4.88, 0.0070, 10.71, 2.49, -0.03, -6.48, -31.98
4.89, 0.0060, 10.71, 2.45, -0.03, -6.59, -33.11
4.90, 0.0070, 10.71, 2.41, -0.03, -6.68, -34.12
4.90, 0.0060, 10.71, 2.37, -0.03, -6.70, -35.23
4.91, 0.0060, 10.71, 2.33, -0.03, -6.66, -36.08
4.92, 0.0080, 10.71, 2.27, -0.03, -6.56, -36.79
4.92, 0.0060, 10.71, 2.23, -0.03, -6.46, -37.65
4.93, 0.0070, 10.71, 2.19, -0.03, -6.38, -38.22
4.94, 0.0060, 10.71, 2.15, -0.03, -6.35, -38.95
4.94, 0.0060, 10.71, 2.11, -0.03, -6.34, -39.66
4.95, 0.0070, 10.71, 2.07, -0.03, -6.31, -40.40
4.96, 0.0070, 10.71, 2.03, -0.03, -6.21, -41.22
4.96, 0.0070, 10.71, 1.98, -0.03, -6.02, -41.89
4.97, 0.0060, 10.71, 1.95, -0.03, -5.77, -42.36
4.98, 0.0060, 10.71, 1.92, -0.03, -5.50, -42.54
4.98, 0.0070, 10.71, 1.88, -0.03, -5.27, -42.67
4.99, 0.0060, 10.71, 1.85, -0.03, -5.11, -42.94
5.00, 0.0080, 10.71, 1.81, -0.03, -4.97, -43.24
5.00, 0.0060, 10.71, 1.78, -0.03, -4.77, -43.76
5.01, 0.0060, 10.71, 1.75, -0.03, -4.44, -43.92
5.01, 0.0070, 10.71, 1.73, -0.03, -3.97, -43.80
5.02, 0.0060, 10.71, 1.71, -0.03, -3.48, -43.42
5.03, 0.0070, 10.71, 1.68, -0.03, -3.14, -42.86
5.03, 0.0060, 10.71, 1.67, -0.03, -2.95, -42.61
5.04, 0.0070, 10.71, 1.65, -0.03, -2.83, -42.59
5.05, 0.0070, 10.71, 1.63, -0.03, -2.60, -42.73
5.05, 0.0060, 10.71, 1.61, -0.03, -2.23, -42.64
5.06, 0.0060, 10.71, 1.60, -0.03, -1.71, -42.16
5.07, 0.0070, 10.71, 1.60, -0.03, -1.18, -41.35
5.07, 0.0060, 10.71, 1.59, -0.03, -0.71, -40.44
5.08, 0.0070, 10.71, 1.59, -0.03, -0.36, -39.60
5.09, 0.0070, 10.71, 1.59, -0.03, -0.07, -38.93
5.09, 0.0060, 10.71, 1.59, -0.03, 0.20, -38.38
5.10, 0.0070, 10.71, 1.59, -0.03, 0.52, -37.79
5.11, 0.0060, 10.71, 1.60, -0.03, 0.86, -37.08
5.11, 0.0060, 10.71, 1.61, -0.03, 1.12, -36.32
5.12, 0.0070, 10.71, 1.61, -0.03, 1.25, -35.66
5.13, 0.0070, 10.71, 1.62, -0.03, 1.29, -35.21
5.13, 0.0070, 10.71, 1.63, -0.03, 1.35, -34.97
5.14, 0.0060, 10.71, 1.64, -0.03, 1.51, -34.64
5.15, 0.0060, 10.71, 1.65, -0.03, 1.73, -34.15
5.15, 0.0070, 10.71, 1.67, -0.03, 1.95, -33.50
5.16, 0.0060, 10.71, 1.68, -0.03, 2.09, -32.78
5.17, 0.0060, 10.71, 1.69, -0.03, 2.14, -32.25
5.17, 0.0080, 10.71, 1.71, -0.03, 2.14, -31.90
5.18, 0.0060, 10.71, 1.72, -0.03, 2.12, -31.57
5.18, 0.0070, 10.71, 1.74, -0.03, 2.15, -31.34
5.19, 0.0060, 10.71, 1.75, -0.03, 2.15, -30.98
5.20, 0.0060, 10.71, 1.76, -0.03, 2.05, -30.73
5.20, 0.0070, 10.71, 1.77, -0.03, 1.83, -30.68
5.21, 0.0070, 10.71, 1.78, -0.03, 1.48, -30.87
5.22, 0.0070, 10.71, 1.79, -0.03, 1.15, -31.36
5.22, 0.0060, 10.71, 1.80, -0.03, 0.99, -31.86
5.23, 0.0060, 10.71, 1.80, -0.03, 0.99, -32.07
5.24, 0.0070, 10.71, 1.81, -0.03, 1.04, -31.94
5.24, 0.0060, 10.71, 1.82, -0.03, 0.93, -31.69
5.25, 0.0060, 10.71, 1.82, -0.03, 0.61, -31.81
5.26, 0.0080, 10.71, 1.82, -0.03, 0.10, -32.37
5.26, 0.0060, 10.71, 1.82, -0.03, -0.46, -33.38
5.27, 0.0070, 10.71, 1.81, -0.03, -0.94, -34.56
5.28, 0.0060, 10.71, 1.80, -0.03, -1.29, -35.64
5.28, 0.0060, 10.71, 1.79, -0.03, -1.56, -36.50
5.29, 0.0070, 10.71, 1.78, -0.03, -1.86, -37.23
5.30, 0.0070, 10.71, 1.77, -0.03, -2.26, -38.09
5.30, 0.0060, 10.71, 1.75, -0.03, -2.73, -39.21
5.31, 0.0070, 10.71, 1.73, -0.03, -3.14, -40.46
5.32, 0.0060, 10.71, 1.71, -0.03, -3.46, -41.73
5.32, 0.0070, 10.71, 1.68, -0.03, -3.71, -42.78
5.33, 0.0060, 10.71, 1.66, -0.03, -4.03, -43.79
5.34, 0.0060, 10.71, 1.63, -0.03, -4.45, -44.92
5.34, 0.0080, 10.71, 1.59, -0.03, -4.89, -46.29
5.35, 0.0060, 10.71, 1.56, -0.03, -5.29, -47.96
5.35, 0.0070, 10.71, 1.52, -0.03, -5.53, -49.39
5.36, 0.0060, 10.71, 1.49, -0.03, -5.71, -50.65
5.37, 0.0060, 10.71, 1.45, -0.03, -5.92, -51.69
5.37, 0.0070, 10.71, 1.41, -0.03, -6.20, -52.82
5.38, 0.0070, 10.71, 1.36, -0.03, -6.52, -54.25
5.39, 0.0060, 10.71, 1.32, -0.03, -6.81, -55.81
5.39, 0.0070, 10.71, 1.27, -0.03, -7.02, -57.19
5.40, 0.0060, 10.71, 1.23, -0.03, -7.16, -58.60
5.41, 0.0070, 10.71, 1.18, -0.03, -7.25, -59.75
5.41, 0.0060, 10.71, 1.13, -0.03, -7.30, -60.93
5.42, 0.0060, 10.71, 1.09, -0.03, -7.40, -61.92
5.43, 0.0080, 10.71, 1.03, -0.03, -7.52, -63.00
5.43, 0.0060, 10.71, 0.98, -0.03, -7.63, -64.45
5.44, 0.0070, 10.71, 0.93, -0.03, -7.62, -65.59
5.45, 0.0060, 10.71, 0.89, -0.03, -7.47, -66.62
5.45, 0.0060, 10.71, 0.84, -0.03, -7.22, -67.22
5.46, 0.0070, 10.71, 0.79, -0.03, -7.00, -67.60
5.47, 0.0070, 10.71, 0.75, -0.03, -6.89, -68.13
5.47, 0.0070, 10.71, 0.70, -0.03, -6.86, -68.87
5.48, 0.0060, 10.71, 0.66, -0.03, -6.81, -69.77
5.49, 0.0060, 10.71, 0.62, -0.03, -6.66, -70.49
5.49, 0.0070, 10.71, 0.57, -0.03, -6.36, -70.98
5.50, 0.0060, 10.71, 0.54, -0.03, -5.98, -71.28
5.51, 0.0070, 10.71, 0.50, -0.03, -5.65, -71.25
5.51, 0.0070, 10.71, 0.46, -0.03, -5.38, -71.36
5.52, 0.0060, 10.71, 0.43, -0.03, -5.16, -71.59
5.52, 0.0070, 10.71, 0.39, -0.03, -4.90, -71.77
5.53, 0.0060, 10.71, 0.37, -0.03, -4.51, -71.92
5.54, 0.0060, 10.71, 0.34, -0.03, -4.08, -71.69
5.54, 0.0070, 10.71, 0.32, -0.03, -3.73, -71.32
5.55, 0.0070, 10.71, 0.29, -0.03, -3.58, -71.15
5.56, 0.0070, 10.71, 0.27, -0.03, -3.52, -71.34
5.56, 0.0060, 10.71, 0.25, -0.03, -3.43, -71.72
5.57, 0.0070, 10.71, 0.22, -0.03, -3.17, -71.94
5.58, 0.0060, 10.71, 0.21, -0.03, -2.76, -71.86
5.58, 0.0060, 10.71, 0.19, -0.03, -2.29, -71.37
5.59, 0.0070, 10.71, 0.18, -0.03, -1.85, -70.71
5.60, 0.0070, 10.71, 0.17, -0.03, -1.53, -70.10
5.60, 0.0060, 10.71, 0.16, -0.03, -1.33, -69.67
5.61, 0.0070, 10.71, 0.15, -0.03, -1.23, -69.44
5.62, 0.0060, 10.71, 0.15, -0.03, -1.12, -69.40
5.62, 0.0070, 10.71, 0.14, -0.03, -1.06, -69.32
5.63, 0.0060, 10.71, 0.13, -0.03, -1.02, -69.34
5.64, 0.0070, 10.71, 0.13, -0.03, -1.01, -69.38
5.64, 0.0070, 10.71, 0.12, -0.03, -0.96, -69.50
5.65, 0.0060, 10.71, 0.11, -0.03, -0.82, -69.54
5.66, 0.0070, 10.71, 0.11, -0.03, -0.58, -69.35
5.66, 0.0060, 10.71, 0.11, -0.03, -0.33, -68.97
5.67, 0.0060, 10.71, 0.11, -0.03, -0.16, -68.50
5.68, 0.0070, 10.71, 0.11, -0.03, -0.14, -68.17
5.68, 0.0070, 10.71, 0.10, -0.03, -0.28, -68.16
5.69, 0.0070, 10.71, 0.10, -0.03, -0.50, -68.47
5.69, 0.0060, 10.71, 0.10, -0.03, -0.76, -68.99
5.70, 0.0060, 10.71, 0.09, -0.03, -0.91, -69.60
5.71, 0.0070, 10.71, 0.08, -0.03, -0.93, -70.00
5.71, 0.0060, 10.71, 0.08, -0.03, -0.89, -70.18
5.72, 0.0060, 10.71, 0.07, -0.03, -0.89, -70.20
5.73, 0.0080, 10.71, 0.06, -0.03, -1.06, -70.30
5.73, 0.0060, 10.71, 0.06, -0.03, -1.36, -70.82
5.74, 0.0060, 10.71, 0.05, -0.03, -1.69, -71.58
5.75, 0.0070, 10.71, 0.03, -0.03, -2.05, -72.45
5.75, 0.0060, 10.71, 0.02, -0.03, -2.31, -73.45
5.76, 0.0070, 10.71, 0.00, -0.03, -2.56, -74.24
5.77, 0.0070, 10.71, -0.02, -0.03, -2.73, -75.10
5.77, 0.0060, 10.71, -0.04, -0.03, -2.91, -75.82
5.78, 0.0070, 10.71, -0.06, -0.03, -3.10, -76.54
5.78, 0.0060, 10.71, -0.08, -0.03, -3.35, -77.36
5.79, 0.0070, 10.71, -0.10, -0.03, -3.67, -78.26
5.80, 0.0060, 10.71, -0.13, -0.03, -4.05, -79.40
5.81, 0.0060, 10.71, -0.15, -0.03, -4.54, -80.66
5.81, 0.0080, 10.71, -0.20, -0.03, -5.03, -82.18
5.82, 0.0060, 10.71, -0.23, -0.03, -5.35, -83.96
5.82, 0.0060, 10.71, -0.26, -0.03, -5.47, -85.26
5.83, 0.0070, 10.71, -0.30, -0.03, -5.45, -86.15
5.84, 0.0060, 10.71, -0.33, -0.03, -5.50, -86.87
5.84, 0.0070, 10.71, -0.37, -0.03, -5.79, -87.63
5.85, 0.0070, 10.71, -0.42, -0.03, -6.34, -89.01
5.86, 0.0070, 10.71, -0.46, -0.03, -6.94, -91.01
5.86, 0.0060, 10.71, -0.51, -0.03, -7.43, -93.18
5.87, 0.0060, 10.71, -0.56, -0.03, -7.69, -95.04
5.88, 0.0070, 10.71, -0.61, -0.03, -7.73, -96.50
5.88, 0.0060, 10.71, -0.66, -0.03, -7.73, -97.65
5.89, 0.0080, 10.71, -0.72, -0.03, -7.74, -98.58
5.90, 0.0060, 10.71, -0.77, -0.03, -7.92, -99.84
5.90, 0.0060, 10.71, -0.82, -0.03, -8.27, -101.16
5.91, 0.0070, 10.71, -0.88, -0.03, -8.69, -102.83
5.92, 0.0060, 10.71, -0.93, -0.03, -9.03, -104.90
5.92, 0.0070, 10.71, -0.99, -0.03, -9.25, -106.66
5.93, 0.0060, 10.71, -1.05, -0.03, -9.31, -108.39
5.94, 0.0080, 10.71, -1.12, -0.03, -9.27, -109.63
5.94, 0.0060, 10.71, -1.18, -0.03, -9.13, -111.03
5.95, 0.0070, 10.71, -1.24, -0.03, -9.05, -111.85
5.96, 0.0060, 10.71, -1.30, -0.03, -9.08, -112.96
5.96, 0.0060, 10.71, -1.35, -0.03, -9.34, -114.11
5.97, 0.0070, 10.71, -1.42, -0.03, -9.68, -115.74
5.98, 0.0060, 10.71, -1.48, -0.03, -9.96, -117.77
5.98, 0.0080, 10.71, -1.56, -0.03, -10.06, -119.53
5.99, 0.0060, 10.71, -1.62, -0.03, -9.90, -121.36
6.00, 0.0070, 10.71, -1.69, -0.03, -9.81, -122.21
6.00, 0.0060, 10.71, -1.75, -0.03, -9.97, -123.41
6.01, 0.0070, 10.71, -1.82, -0.03, -10.24, -124.92
6.02, 0.0060, 10.71, -1.88, -0.03, -10.43, -126.90
6.02, 0.0080, 10.71, -1.97, -0.03, -10.25, -128.54
6.03, 0.0060, 10.71, -2.03, -0.03, -9.97, -129.80
6.04, 0.0070, 10.71, -2.09, -0.03, -9.85, -130.44
6.04, 0.0060, 10.71, -2.15, -0.03, -10.03, -131.59
6.05, 0.0070, 10.71, -2.23, -0.03, -10.17, -133.16
6.06, 0.0060, 10.71, -2.29, -0.03, -10.17, -134.86
6.06, 0.0080, 10.71, -2.37, -0.03, -10.11, -136.07
6.07, 0.0060, 10.71, -2.43, -0.03, -9.96, -137.57
6.08, 0.0070, 10.71, -2.50, -0.03, -9.99, -138.47
6.08, 0.0060, 10.71, -2.56, -0.03, -9.99, -139.92
6.09, 0.0070, 10.71, -2.63, -0.03, -9.96, -141.13
6.09, 0.0060, 10.71, -2.69, -0.03, -9.83, -142.46
6.10, 0.0060, 10.71, -2.74, -0.03, -9.58, -143.38
6.11, 0.0080, 10.71, -2.82, -0.03, -9.31, -144.04
6.12, 0.0060, 10.71, -2.87, -0.03, -9.13, -144.98
6.12, 0.0070, 10.71, -2.94, -0.03, -9.04, -145.72
6.13, 0.0060, 10.71, -2.99, -0.03, -9.27, -146.80
6.14, 0.0070, 10.71, -3.06, -0.03, -9.79, -148.37
6.14, 0.0060, 10.71, -3.12, -0.03, -10.39, -150.79
6.15, 0.0080, 10.71, -3.21, -0.03, -10.79, -153.22
6.16, 0.0060, 10.71, -3.27, -0.03, -10.69, -155.75
6.16, 0.0070, 10.71, -3.35, -0.03, -10.34, -156.84
6.17, 0.0060, 10.71, -3.41, -0.03, -10.16, -157.59
6.18, 0.0070, 10.71, -3.48, -0.03, -10.44, -158.44
6.18, 0.0060, 10.71, -3.55, -0.03, -10.98, -160.47
6.19, 0.0070, 10.71, -3.63, -0.03, -11.47, -162.86
6.20, 0.0070, 10.71, -3.71, -0.03, -11.37, -165.44
6.20, 0.0070, 10.71, -3.78, -0.03, -10.79, -166.84
6.21, 0.0060, 10.71, -3.84, -0.03, -10.33, -167.18
6.22, 0.0070, 10.71, -3.92, -0.03, -10.42, -167.51
6.22, 0.0060, 10.71, -3.98, -0.03, -11.21, -169.15
6.23, 0.0070, 10.71, -4.07, -0.03, -12.17, -172.08
6.24, 0.0070, 10.71, -4.16, -0.03, -12.75, -175.70
6.24, 0.0070, 10.71, -4.25, -0.03, -12.69, -178.65
6.25, 0.0060, 10.71, -4.32, -0.03, -12.33, -180.30
6.26, 0.0070, 10.71, -4.40, -0.03, -12.03, -181.05
6.26, 0.0060, 10.71, -4.48, -0.03, -11.91, -182.14
6.27, 0.0070, 10.71, -4.56, -0.03, -12.20, -183.33
6.28, 0.0070, 10.71, -4.65, -0.03, -12.57, -185.61
6.28, 0.0070, 10.71, -4.74, -0.03, -12.99, -188.12
6.29, 0.0060, 10.71, -4.82, -0.03, -13.24, -190.77
6.30, 0.0070, 10.71, -4.91, -0.03, -13.31, -192.88
6.30, 0.0060, 10.71, -4.99, -0.03, -13.32, -194.86
6.31, 0.0070, 10.71, -5.09, -0.03, -13.45, -196.50
6.32, 0.0060, 10.71, -5.17, -0.03, -13.75, -198.64
6.32, 0.0080, 10.71, -5.28, -0.03, -14.10, -200.89
6.33, 0.0060, 10.71, -5.37, -0.03, -14.19, -203.83
6.34, 0.0070, 10.71, -5.46, -0.03, -13.89, -205.72
6.34, 0.0060, 10.71, -5.54, -0.03, -13.45, -207.07
6.35, 0.0070, 10.71, -5.64, -0.03, -13.12, -207.79
6.36, 0.0060, 10.71, -5.72, -0.03, -13.17, -208.97
6.36, 0.0080, 10.71, -5.82, -0.03, -13.41, -210.66
6.37, 0.0060, 10.71, -5.90, -0.03, -13.48, -213.29
6.38, 0.0070, 10.71, -6.00, -0.03, -13.22, -215.05
6.38, 0.0060, 10.71, -6.07, -0.03, -12.93, -216.38
6.39, 0.0070, 10.71, -6.16, -0.03, -12.88, -217.33
6.40, 0.0060, 10.71, -6.24, -0.03, -13.21, -219.04
6.40, 0.0070, 10.71, -6.34, -0.03, -13.57, -221.28
6.41, 0.0070, 10.71, -6.43, -0.03, -13.64, -223.92
6.42, 0.0070, 10.71, -6.53, -0.03, -13.33, -225.96
6.42, 0.0060, 10.71, -6.60, -0.03, -12.92, -227.20
6.43, 0.0070, 10.71, -6.69, -0.03, -12.68, -227.93
6.44, 0.0060, 10.71, -6.77, -0.03, -12.75, -229.23
6.44, 0.0070, 10.71, -6.86, -0.03, -13.11, -230.91
6.45, 0.0070, 10.71, -6.96, -0.03, -13.60, -233.47
6.46, 0.0070, 10.71, -7.06, -0.03, -14.02, -236.33
6.46, 0.0060, 10.71, -7.14, -0.03, -14.29, -239.14
6.47, 0.0070, 10.71, -7.24, -0.03, -14.35, -241.41
6.48, 0.0060, 10.71, -7.33, -0.03, -14.34, -243.52
6.48, 0.0070, 10.71, -7.43, -0.03, -14.43, -245.23
6.49, 0.0060, 10.71, -7.52, -0.03, -14.71, -247.44
6.50, 0.0080, 10.71, -7.64, -0.03, -15.15, -249.75
6.50, 0.0060, 10.71, -7.73, -0.03, -15.64, -253.05
6.51, 0.0070, 10.71, -7.84, -0.03, -16.10, -255.91
6.51, 0.0060, 10.71, -7.94, -0.03, -16.55, -259.09
6.52, 0.0070, 10.71, -8.06, -0.03, -17.06, -261.98
6.53, 0.0060, 10.71, -8.17, -0.03, -17.65, -265.39
6.53, 0.0080, 10.71, -8.32, -0.03, -18.29, -268.69
6.54, 0.0060, 10.71, -8.43, -0.03, -18.80, -272.90
6.55, 0.0070, 10.71, -8.56, -0.03, -19.15, -276.16
6.55, 0.0060, 10.71, -8.68, -0.03, -19.68, -279.54
6.56, 0.0070, 10.71, -8.82, -0.03, -20.65, -282.98
6.57, 0.0060, 10.71, -8.96, -0.03, -22.08, -287.79
6.57, 0.0080, 10.71, -9.15, -0.03, -23.57, -293.30
6.58, 0.0060, 10.71, -9.29, -0.03, -24.72, -300.06
6.59, 0.0070, 10.71, -9.47, -0.03, -25.32, -305.32
6.59, 0.0060, 10.71, -9.63, -0.03, -25.60, -310.06
6.60, 0.0070, 10.71, -9.81, -0.03, -26.10, -313.70
6.61, 0.0060, 10.71, -9.97, -0.03, -27.26, -318.36
6.61, 0.0070, 10.71, -10.17, -0.03, -28.87, -323.94
6.62, 0.0070, 10.71, -10.39, -0.03, -30.67, -331.21
6.63, 0.0070, 10.71, -10.61, -0.03, -32.25, -339.09
6.64, 0.0060, 10.71, -10.81, -0.03, -33.50, -346.79
6.64, 0.0070, 10.71, -11.06, -0.03, -34.36, -353.30
6.65, 0.0060, 10.71, -11.27, -0.03, -35.14, -359.83
6.65, 0.0070, 10.71, -11.52, -0.03, -36.18, -365.60
6.66, 0.0080, 10.71, -11.82, -0.03, -37.73, -372.74
6.67, 0.0060, 10.71, -12.06, -0.03, -39.65, -381.88
6.68, 0.0070, 10.71, -12.35, -0.03, -41.60, -390.48
6.68, 0.0060, 10.71, -12.61, -0.03, -43.32, -400.20
6.69, 0.0070, 10.71, -12.92, -0.03, -44.76, -408.85
6.70, 0.0060, 10.71, -13.20, -0.03, -46.13, -417.99
6.70, 0.0080, 10.71, -13.58, -0.03, -47.64, -426.27
6.71, 0.0060, 10.71, -13.88, -0.03, -49.44, -436.90
6.72, 0.0070, 10.71, -14.24, -0.03, -51.46, -446.45
6.72, 0.0060, 10.71, -14.56, -0.03, -53.55, -457.70
6.73, 0.0070, 10.71, -14.95, -0.03, -55.60, -468.30
6.74, 0.0060, 10.71, -15.29, -0.03, -57.61, -480.19
6.74, 0.0070, 10.71, -15.71, -0.03, -59.57, -491.12
6.75, 0.0080, 10.71, -16.20, -0.03, -61.51, -503.38
6.76, 0.0060, 10.71, -16.58, -0.03, -63.31, -517.10
6.76, 0.0070, 10.71, -17.04, -0.03, -65.14, -528.29
6.77, 0.0060, 10.71, -17.44, -0.03, -67.04, -541.07
6.78, 0.0070, 10.71, -17.93, -0.03, -69.04, -552.91
6.78, 0.0060, 10.71, -18.35, -0.03, -71.03, -566.59
6.79, 0.0080, 10.71, -18.93, -0.03, -72.86, -579.08
6.80, 0.0060, 10.71, -19.38, -0.03, -74.72, -594.41
6.80, 0.0070, 10.71, -19.92, -0.03, -76.31, -607.10
6.81, 0.0070, 10.71, -20.46, -0.03, -77.20, -620.95
6.82, 0.0060, 10.71, -20.92, -0.03, -77.48, -633.54
6.82, 0.0070, 10.71, -21.47, -0.03, -77.67, -643.40
6.83, 0.0060, 10.71, -21.94, -0.03, -78.56, -654.66
6.84, 0.0080, 10.71, -22.58, -0.03, -80.52, -665.85
6.84, 0.0060, 10.71, -23.08, -0.03, -83.59, -682.66
6.85, 0.0070, 10.71, -23.69, -0.03, -86.64, -698.82
6.86, 0.0060, 10.71, -24.22, -0.03, -88.46, -717.07
6.86, 0.0070, 10.71, -24.85, -0.03, -89.52, -731.32
6.87, 0.0070, 10.71, -25.48, -0.03, -89.85, -745.97
6.88, 0.0070, 10.71, -26.10, -0.03, -89.79, -759.21
6.88, 0.0070, 10.71, -26.73, -0.03, -89.99, -771.65
6.89, 0.0060, 10.71, -27.28, -0.03, -90.64, -784.66
6.90, 0.0070, 10.71, -27.92, -0.03, -91.64, -796.83
6.90, 0.0060, 10.71, -28.47, -0.03, -92.63, -811.66
6.91, 0.0070, 10.71, -29.12, -0.03, -92.47, -824.75
6.92, 0.0070, 10.71, -29.76, -0.03, -91.61, -837.39
6.92, 0.0070, 10.71, -30.40, -0.03, -90.82, -848.49
6.93, 0.0070, 10.71, -31.03, -0.03, -89.95, -859.62
6.94, 0.0060, 10.71, -31.56, -0.03, -88.52, -870.47
6.94, 0.0070, 10.71, -32.17, -0.03, -86.85, -878.25
6.95, 0.0060, 10.71, -32.68, -0.03, -84.92, -887.05
6.96, 0.0070, 10.71, -33.26, -0.03, -82.66, -893.39
6.96, 0.0070, 10.71, -33.82, -0.03, -79.92, -900.44
6.97, 0.0070, 10.71, -34.35, -0.03, -76.60, -906.15
6.98, 0.0060, 10.71, -34.79, -0.03, -72.77, -910.23
6.98, 0.0070, 10.71, -35.27, -0.03, -69.18, -911.31
6.99, 0.0070, 10.71, -35.74, -0.03, -66.21, -913.81
7.00, 0.0060, 10.71, -36.12, -0.03, -63.87, -917.15
7.00, 0.0080, 10.71, -36.61, -0.03, -61.77, -920.12
7.01, 0.0060, 10.71, -36.97, -0.03, -59.27, -925.82
7.02, 0.0070, 10.71, -37.36, -0.03, -56.07, -927.91
7.02, 0.0060, 10.71, -37.68, -0.03, -52.62, -929.37
7.03, 0.0070, 10.71, -38.02, -0.03, -48.47, -928.78
7.04, 0.0060, 10.71, -38.28, -0.03, -43.24, -927.26
7.04, 0.0080, 10.71, -38.58, -0.03, -37.52, -922.00
7.05, 0.0070, 10.71, -38.80, -0.03, -31.63, -916.55
7.06, 0.0060, 10.71, -38.95, -0.03, -26.19, -909.22
7.06, 0.0070, 10.71, -39.10, -0.03, -20.95, -901.48
7.07, 0.0060, 10.71, -39.20, -0.03, -15.79, -893.92
7.08, 0.0070, 10.71, -39.27, -0.03, -10.89, -885.51
7.09, 0.0060, 10.71, -39.31, -0.03, -6.00, -877.23
7.09, 0.0080, 10.71, -39.32, -0.03, -0.98, -868.16
7.10, 0.0060, 10.71, -39.29, -0.03, 4.46, -858.29
7.10, 0.0070, 10.71, -39.22, -0.03, 10.30, -846.88
7.11, 0.0060, 10.71, -39.12, -0.03, 15.71, -833.76
7.12, 0.0070, 10.71, -38.97, -0.03, 21.17, -821.05
7.12, 0.0060, 10.71, -38.81, -0.03, 27.22, -807.15
7.13, 0.0080, 10.71, -38.54, -0.03, 33.37, -791.80
7.14, 0.0060, 10.71, -38.31, -0.03, 39.04, -774.16
7.14, 0.0070, 10.71, -38.00, -0.03, 44.26, -758.13
7.15, 0.0060, 10.71, -37.71, -0.03, 48.90, -741.50
7.16, 0.0070, 10.71, -37.33, -0.03, 53.23, -726.34
7.16, 0.0060, 10.71, -36.99, -0.03, 57.86, -710.23
7.17, 0.0080, 10.71, -36.48, -0.03, 62.87, -694.03
7.18, 0.0070, 10.71, -36.01, -0.03, 67.92, -673.94
7.18, 0.0060, 10.71, -35.57, -0.03, 73.26, -654.34
7.19, 0.0070, 10.71, -35.02, -0.03, 78.88, -634.87
7.20, 0.0060, 10.71, -34.51, -0.03, 85.08, -612.58
7.20, 0.0070, 10.71, -33.87, -0.03, 91.45, -589.99
7.21, 0.0060, 10.71, -33.28, -0.03, 97.24, -564.43
7.22, 0.0080, 10.71, -32.47, -0.03, 102.20, -541.18
7.23, 0.0060, 10.71, -31.82, -0.03, 107.30, -514.91
7.23, 0.0070, 10.71, -31.03, -0.03, 112.63, -491.84
7.24, 0.0070, 10.71, -30.21, -0.03, 117.91, -465.41
7.25, 0.0060, 10.71, -29.47, -0.03, 123.59, -438.35
7.25, 0.0070, 10.71, -28.56, -0.03, 129.08, -412.16
7.26, 0.0070, 10.71, -27.62, -0.03, 134.07, -383.09
7.26, 0.0070, 10.71, -26.65, -0.03, 139.03, -354.35
7.27, 0.0070, 10.71, -25.65, -0.03, 143.71, -324.97
7.28, 0.0060, 10.71, -24.76, -0.03, 148.26, -295.49
7.28, 0.0070, 10.71, -23.69, -0.03, 152.89, -268.60
7.29, 0.0060, 10.71, -22.74, -0.03, 157.57, -237.93
7.30, 0.0080, 10.71, -21.44, -0.03, 162.13, -209.66
7.31, 0.0070, 10.71, -20.28, -0.03, 166.51, -174.60
7.31, 0.0060, 10.71, -19.25, -0.03, 170.65, -142.54
7.32, 0.0070, 10.71, -18.03, -0.03, 174.42, -113.78
7.33, 0.0060, 10.71, -16.97, -0.03, 177.77, -81.81
7.33, 0.0070, 10.71, -15.70, -0.03, 180.85, -53.78
7.34, 0.0060, 10.71, -14.60, -0.03, 183.60, -22.31
7.35, 0.0080, 10.71, -13.11, -0.03, 186.24, 5.24
7.35, 0.0060, 10.71, -11.98, -0.03, 188.88, 40.31
7.36, 0.0070, 10.71, -10.64, -0.03, 191.37, 68.25
7.37, 0.0060, 10.71, -9.48, -0.03, 193.35, 100.02
7.37, 0.0070, 10.71, -8.11, -0.03, 194.71, 127.18
7.38, 0.0060, 10.71, -6.94, -0.03, 195.50, 157.16
7.39, 0.0080, 10.71, -5.37, -0.03, 195.68, 182.20
7.39, 0.0070, 10.71, -4.01, -0.03, 195.27, 213.87
7.40, 0.0060, 10.71, -2.84, -0.03, 194.27, 240.39
7.41, 0.0070, 10.71, -1.49, -0.03, 192.90, 261.70
7.41, 0.0060, 10.71, -0.34, -0.03, 191.42, 285.97
7.42, 0.0070, 10.71, 0.99, -0.03, 189.77, 305.98
7.43, 0.0060, 10.71, 2.11, -0.03, 187.78, 329.25
7.43, 0.0080, 10.71, 3.59, -0.03, 185.28, 347.79
7.44, 0.0060, 10.71, 4.69, -0.03, 182.38, 372.44
7.45, 0.0070, 10.71, 5.94, -0.03, 179.09, 388.54
7.45, 0.0060, 10.71, 7.00, -0.03, 175.53, 407.02
7.46, 0.0070, 10.71, 8.20, -0.03, 171.64, 420.96
7.47, 0.0060, 10.71, 9.20, -0.03, 167.53, 437.21
7.47, 0.0080, 10.71, 10.51, -0.03, 163.18, 449.09
7.48, 0.0060, 10.71, 11.46, -0.03, 158.53, 466.50
7.49, 0.0070, 10.71, 12.53, -0.03, 153.54, 476.23
7.49, 0.0070, 10.71, 13.57, -0.03, 148.18, 487.74
7.50, 0.0060, 10.71, 14.43, -0.03, 142.54, 497.77
7.51, 0.0070, 10.71, 15.38, -0.03, 136.71, 503.60
7.51, 0.0070, 10.71, 16.30, -0.03, 130.87, 511.07
7.52, 0.0070, 10.71, 17.17, -0.03, 125.10, 517.72
7.53, 0.0060, 10.71, 17.89, -0.03, 119.49, 523.70
7.53, 0.0070, 10.71, 18.69, -0.03, 113.86, 526.81
7.54, 0.0070, 10.71, 19.45, -0.03, 108.12, 531.49
7.55, 0.0060, 10.71, 20.06, -0.03, 102.25, 535.15
7.55, 0.0070, 10.71, 20.73, -0.03, 96.37, 535.68
7.56, 0.0070, 10.71, 21.37, -0.03, 90.58, 537.42
7.57, 0.0070, 10.71, 21.96, -0.03, 85.10, 538.51
7.57, 0.0060, 10.71, 22.44, -0.03, 80.03, 539.47
7.58, 0.0070, 10.71, 22.97, -0.03, 75.42, 538.94
7.59, 0.0060, 10.71, 23.40, -0.03, 71.08, 540.27
7.59, 0.0070, 10.71, 23.87, -0.03, 66.82, 540.12
7.60, 0.0080, 10.71, 24.37, -0.03, 62.58, 540.94
7.61, 0.0060, 10.71, 24.72, -0.03, 58.53, 542.48
7.61, 0.0070, 10.71, 25.10, -0.03, 54.69, 541.40
7.62, 0.0060, 10.71, 25.41, -0.03, 51.09, 541.38
7.63, 0.0070, 10.71, 25.74, -0.03, 47.66, 540.32
7.63, 0.0060, 10.71, 26.01, -0.03, 44.36, 540.12
7.64, 0.0080, 10.71, 26.34, -0.03, 41.21, 538.84
7.65, 0.0060, 10.71, 26.57, -0.03, 38.31, 539.14
7.65, 0.0070, 10.71, 26.82, -0.03, 35.58, 537.94
7.66, 0.0060, 10.71, 27.01, -0.03, 33.14, 537.47
7.67, 0.0070, 10.71, 27.23, -0.03, 30.88, 536.55
7.67, 0.0060, 10.71, 27.40, -0.03, 28.84, 536.36
7.68, 0.0070, 10.71, 27.59, -0.03, 27.08, 535.75
7.69, 0.0070, 10.71, 27.77, -0.03, 25.59, 536.01
7.69, 0.0070, 10.71, 27.94, -0.03, 24.33, 536.62
7.70, 0.0060, 10.71, 28.08, -0.03, 23.18, 537.51
7.71, 0.0070, 10.71, 28.24, -0.03, 22.09, 537.98
7.71, 0.0070, 10.71, 28.38, -0.03, 20.93, 538.89
7.72, 0.0060, 10.71, 28.50, -0.03, 19.69, 539.50
7.73, 0.0080, 10.71, 28.65, -0.03, 18.38, 539.38
7.73, 0.0060, 10.71, 28.75, -0.03, 17.15, 539.70
7.74, 0.0070, 10.71, 28.86, -0.03, 16.07, 539.31
7.75, 0.0060, 10.71, 28.95, -0.03, 15.14, 539.41
7.75, 0.0070, 10.71, 29.05, -0.03, 14.21, 539.35
7.76, 0.0060, 10.71, 29.13, -0.03, 13.31, 539.48
7.77, 0.0070, 10.71, 29.22, -0.03, 12.25, 539.28
7.78, 0.0070, 10.71, 29.30, -0.03, 10.92, 538.87
7.78, 0.0070, 10.71, 29.36, -0.03, 9.31, 537.75
7.79, 0.0060, 10.71, 29.41, -0.03, 7.64, 535.83
7.79, 0.0070, 10.71, 29.45, -0.03, 6.09, 533.40
7.80, 0.0060, 10.71, 29.48, -0.03, 4.78, 531.15
7.81, 0.0070, 10.71, 29.50, -0.03, 3.52, 529.11
7.82, 0.0070, 10.71, 29.52, -0.03, 2.16, 527.09
7.82, 0.0070, 10.71, 29.52, -0.03, 0.67, 524.68
7.83, 0.0060, 10.71, 29.52, -0.03, -0.90, 521.79
7.83, 0.0070, 10.71, 29.50, -0.03, -2.51, 518.53
7.84, 0.0060, 10.71, 29.47, -0.03, -4.13, 514.97
7.85, 0.0070, 10.71, 29.43, -0.03, -5.81, 511.22
7.85, 0.0070, 10.71, 29.38, -0.03, -7.50, 507.06
7.86, 0.0070, 10.71, 29.32, -0.03, -9.19, 502.62
7.87, 0.0060, 10.71, 29.25, -0.03, -10.87, 497.95
7.87, 0.0070, 10.71, 29.16, -0.03, -12.50, 493.29
7.88, 0.0060, 10.71, 29.08, -0.03, -14.15, 488.27
7.89, 0.0070, 10.71, 28.97, -0.03, -15.86, 483.27
7.90, 0.0060, 10.71, 28.86, -0.03, -17.63, 477.64
7.90, 0.0080, 10.71, 28.71, -0.03, -19.35, 472.00
7.91, 0.0060, 10.71, 28.58, -0.03, -21.04, 465.45
7.91, 0.0070, 10.71, 28.42, -0.03, -22.71, 459.54
7.92, 0.0060, 10.71, 28.28, -0.03, -24.36, 453.02
7.93, 0.0070, 10.71, 28.09, -0.03, -26.06, 446.80
7.93, 0.0060, 10.71, 27.93, -0.03, -27.80, 439.75
7.94, 0.0080, 10.71, 27.69, -0.03, -29.55, 432.93
7.95, 0.0060, 10.71, 27.50, -0.03, -31.28, 424.72
7.95, 0.0070, 10.71, 27.27, -0.03, -32.95, 417.49
7.96, 0.0060, 10.71, 27.06, -0.03, -34.65, 409.54
7.97, 0.0070, 10.71, 26.81, -0.03, -36.38, 401.99
7.97, 0.0060, 10.71, 26.58, -0.03, -38.12, 393.44
7.98, 0.0070, 10.71, 26.30, -0.03, -39.80, 385.38
7.99, 0.0070, 10.71, 26.01, -0.03, -41.45, 376.44
7.99, 0.0070, 10.71, 25.71, -0.03, -43.06, 367.34
8.00, 0.0070, 10.71, 25.40, -0.03, -44.67, 358.09
8.01, 0.0060, 10.71, 25.12, -0.03, -46.24, 348.61
8.01, 0.0070, 10.71, 24.79, -0.03, -47.73, 339.93
8.02, 0.0060, 10.71, 24.49, -0.03, -49.21, 330.26
8.03, 0.0080, 10.71, 24.08, -0.03, -50.80, 321.40
8.03, 0.0060, 10.71, 23.77, -0.03, -52.52, 310.09
8.04, 0.0070, 10.71, 23.39, -0.03, -54.31, 300.35
8.05, 0.0060, 10.71, 23.05, -0.03, -56.05, 289.17
8.05, 0.0070, 10.71, 22.65, -0.03, -57.71, 278.97
8.06, 0.0060, 10.71, 22.29, -0.03, -59.30, 267.57
8.07, 0.0080, 10.71, 21.81, -0.03, -60.85, 257.26
8.07, 0.0060, 10.71, 21.43, -0.03, -62.35, 244.43
8.08, 0.0070, 10.71, 20.99, -0.03, -63.75, 233.94
8.09, 0.0060, 10.71, 20.60, -0.03, -65.01, 222.21
8.09, 0.0070, 10.71, 20.13, -0.03, -66.09, 211.90
8.10, 0.0060, 10.71, 19.73, -0.03, -67.13, 200.48
8.11, 0.0070, 10.71, 19.25, -0.03, -68.13, 190.35
8.11, 0.0070, 10.71, 18.77, -0.03, -69.10, 178.82
8.12, 0.0070, 10.71, 18.28, -0.03, -70.01, 167.20
8.13, 0.0060, 10.71, 17.86, -0.03, -70.81, 155.57
8.13, 0.0070, 10.71, 17.35, -0.03, -71.46, 145.48
8.14, 0.0070, 10.71, 16.85, -0.03, -71.94, 134.18
8.15, 0.0060, 10.71, 16.42, -0.03, -72.23, 123.14
8.15, 0.0080, 10.71, 15.84, -0.03, -72.44, 113.89
8.16, 0.0060, 10.71, 15.40, -0.03, -72.52, 101.88
8.17, 0.0070, 10.71, 14.90, -0.03, -72.51, 93.02
8.17, 0.0060, 10.71, 14.46, -0.03, -72.42, 82.89
8.18, 0.0070, 10.71, 13.96, -0.03, -72.17, 74.39
8.19, 0.0060, 10.71, 13.53, -0.03, -71.74, 64.78
8.19, 0.0080, 10.71, 12.96, -0.03, -71.09, 57.02
8.20, 0.0060, 10.71, 12.54, -0.03, -70.18, 46.95
8.21, 0.0060, 10.71, 12.12, -0.03, -69.17, 40.35
8.21, 0.0070, 10.71, 11.64, -0.03, -68.15, 34.07
8.22, 0.0060, 10.71, 11.24, -0.03, -67.15, 26.58
8.23, 0.0070, 10.71, 10.78, -0.03, -66.06, 20.51
8.23, 0.0060, 10.71, 10.39, -0.03, -64.74, 13.44
8.24, 0.0080, 10.71, 9.88, -0.03, -63.16, 8.32
8.25, 0.0060, 10.71, 9.52, -0.03, -61.30, 1.37
8.25, 0.0070, 10.71, 9.10, -0.03, -59.18, -2.27
8.26, 0.0060, 10.71, 8.76, -0.03, -56.96, -6.30
8.27, 0.0060, 10.71, 8.43, -0.03, -54.73, -8.70
8.27, 0.0070, 10.71, 8.06, -0.03, -52.66, -10.82
8.28, 0.0060, 10.71, 7.76, -0.03, -50.71, -14.04
8.29, 0.0080, 10.71, 7.37, -0.03, -48.78, -16.22
8.29, 0.0060, 10.71, 7.09, -0.03, -46.75, -20.18
8.30, 0.0060, 10.71, 6.82, -0.03, -44.56, -21.73
8.31, 0.0070, 10.71, 6.53, -0.03, -42.20, -22.70
8.31, 0.0060, 10.71, 6.29, -0.03, -39.72, -23.88
8.32, 0.0070, 10.71, 6.03, -0.03, -37.21, -23.68
8.33, 0.0070, 10.71, 5.78, -0.03, -34.69, -23.87
8.33, 0.0070, 10.71, 5.56, -0.03, -32.23, -23.70
8.34, 0.0060, 10.71, 5.38, -0.03, -29.81, -23.29
8.35, 0.0070, 10.71, 5.19, -0.03, -27.48, -22.03
8.35, 0.0060, 10.71, 5.04, -0.03, -25.19, -21.22
8.36, 0.0060, 10.71, 4.90, -0.03, -22.95, -19.64
8.37, 0.0080, 10.71, 4.73, -0.03, -20.76, -17.93
8.37, 0.0060, 10.71, 4.62, -0.03, -18.62, -16.88
8.38, 0.0070, 10.71, 4.51, -0.03, -16.54, -14.82
8.39, 0.0060, 10.71, 4.42, -0.03, -14.49, -12.98
8.39, 0.0070, 10.71, 4.33, -0.03, -12.46, -10.61
8.40, 0.0060, 10.71, 4.27, -0.03, -10.51, -8.31
8.41, 0.0070, 10.71, 4.21, -0.03, -8.58, -5.67
8.41, 0.0070, 10.71, 4.16, -0.03, -6.68, -3.01
8.42, 0.0060, 10.71, 4.13, -0.03, -4.75, -0.13
8.43, 0.0070, 10.71, 4.11, -0.03, -2.82, 3.16
8.43, 0.0060, 10.71, 4.11, -0.03, -0.94, 6.61
8.44, 0.0060, 10.71, 4.11, -0.03, 0.82, 10.26
8.44, 0.0070, 10.71, 4.13, -0.03, 2.39, 13.89
8.45, 0.0070, 10.71, 4.15, -0.03, 3.74, 17.35
8.46, 0.0060, 10.71, 4.19, -0.03, 5.05, 20.57
8.46, 0.0070, 10.71, 4.23, -0.03, 6.39, 23.79
8.47, 0.0060, 10.71, 4.28, -0.03, 7.93, 27.39
8.48, 0.0070, 10.71, 4.34, -0.03, 9.58, 31.41
8.48, 0.0060, 10.71, 4.41, -0.03, 11.22, 36.05
8.49, 0.0060, 10.71, 4.49, -0.03, 12.68, 40.68
8.50, 0.0080, 10.71, 4.60, -0.03, 13.95, 45.13
8.50, 0.0060, 10.71, 4.69, -0.03, 15.06, 49.90
8.51, 0.0070, 10.71, 4.80, -0.03, 16.13, 53.93
8.52, 0.0060, 10.71, 4.91, -0.03, 17.25, 58.33
8.52, 0.0060, 10.71, 5.02, -0.03, 18.42, 62.63
8.53, 0.0070, 10.71, 5.15, -0.03, 19.59, 67.17
8.54, 0.0060, 10.71, 5.28, -0.03, 20.68, 72.26
8.54, 0.0080, 10.71, 5.45, -0.03, 21.70, 76.93
8.55, 0.0060, 10.71, 5.59, -0.03, 22.66, 82.45
8.56, 0.0070, 10.71, 5.75, -0.03, 23.62, 87.08
8.56, 0.0060, 10.71, 5.90, -0.03, 24.64, 92.31
8.57, 0.0060, 10.71, 6.06, -0.03, 25.70, 97.29
8.58, 0.0070, 10.71, 6.24, -0.03, 26.78, 102.50
8.58, 0.0070, 10.71, 6.44, -0.03, 27.78, 108.41
8.59, 0.0070, 10.71, 6.64, -0.03, 28.70, 114.31
8.60, 0.0060, 10.71, 6.81, -0.03, 29.48, 120.16
8.60, 0.0070, 10.71, 7.03, -0.03, 30.15, 125.27
8.61, 0.0060, 10.71, 7.21, -0.03, 30.75, 130.81
8.61, 0.0070, 10.71, 7.43, -0.03, 31.33, 135.72
8.62, 0.0070, 10.71, 7.65, -0.03, 31.90, 141.25
8.63, 0.0070, 10.71, 7.88, -0.03, 32.44, 146.86
8.64, 0.0060, 10.71, 8.08, -0.03, 33.00, 152.49
8.64, 0.0070, 10.71, 8.31, -0.03, 33.55, 157.56
8.65, 0.0060, 10.71, 8.52, -0.03, 34.04, 163.35
8.65, 0.0060, 10.71, 8.72, -0.03, 34.45, 168.43
8.66, 0.0070, 10.71, 8.97, -0.03, 34.73, 173.38
8.67, 0.0070, 10.71, 9.21, -0.03, 34.87, 178.81
8.68, 0.0070, 10.71, 9.46, -0.03, 34.88, 183.96
8.68, 0.0060, 10.71, 9.66, -0.03, 34.84, 188.86
8.69, 0.0070, 10.71, 9.91, -0.03, 34.76, 192.96
8.69, 0.0060, 10.71, 10.12, -0.03, 34.68, 197.67
8.70, 0.0070, 10.71, 10.36, -0.03, 34.57, 201.67
8.71, 0.0070, 10.71, 10.60, -0.03, 34.42, 206.29
8.72, 0.0070, 10.71, 10.84, -0.03, 34.25, 210.82
8.72, 0.0060, 10.71, 11.04, -0.03, 34.03, 215.26
8.73, 0.0070, 10.71, 11.28, -0.03, 33.75, 218.92
8.73, 0.0060, 10.71, 11.48, -0.03, 33.38, 223.08
8.74, 0.0070, 10.71, 11.71, -0.03, 32.84, 226.35
8.75, 0.0060, 10.71, 11.90, -0.03, 32.20, 229.87
8.76, 0.0080, 10.71, 12.15, -0.03, 31.54, 232.44
8.76, 0.0060, 10.71, 12.34, -0.03, 30.95, 236.18
8.77, 0.0070, 10.71, 12.55, -0.03, 30.42, 238.71
8.77, 0.0070, 10.71, 12.76, -0.03, 29.86, 241.89
8.78, 0.0060, 10.71, 12.94, -0.03, 29.21, 244.96
8.79, 0.0070, 10.71, 13.14, -0.03, 28.42, 247.17
8.80, 0.0070, 10.71, 13.33, -0.03, 27.61, 249.58
8.80, 0.0070, 10.71, 13.52, -0.03, 26.84, 251.81
8.81, 0.0060, 10.71, 13.67, -0.03, 26.13, 254.04
8.81, 0.0070, 10.71, 13.85, -0.03, 25.47, 255.74
8.82, 0.0060, 10.71, 14.00, -0.03, 24.76, 257.99
8.83, 0.0070, 10.71, 14.17, -0.03, 23.98, 259.54
8.84, 0.0070, 10.71, 14.33, -0.03, 23.12, 261.34
8.84, 0.0070, 10.71, 14.49, -0.03, 22.22, 262.86
8.85, 0.0060, 10.71, 14.61, -0.03, 21.31, 264.17
8.85, 0.0070, 10.71, 14.76, -0.03, 20.38, 264.90
8.86, 0.0060, 10.71, 14.87, -0.03, 19.46, 265.90
8.87, 0.0070, 10.71, 15.00, -0.03, 18.59, 266.40
8.88, 0.0060, 10.71, 15.11, -0.03, 17.79, 267.26
8.88, 0.0080, 10.71, 15.25, -0.03, 17.00, 267.78
8.89, 0.0060, 10.71, 15.34, -0.03, 16.24, 268.93
8.90, 0.0070, 10.71, 15.45, -0.03, 15.44, 269.35
8.90, 0.0060, 10.71, 15.54, -0.03, 14.59, 269.91
8.91, 0.0070, 10.71, 15.64, -0.03, 13.71, 269.98
8.92, 0.0060, 10.71, 15.71, -0.03, 12.75, 270.12
8.92, 0.0080, 10.71, 15.81, -0.03, 11.83, 269.75
8.93, 0.0060, 10.71, 15.87, -0.03, 10.97, 269.79
8.94, 0.0070, 10.71, 15.94, -0.03, 10.26, 269.39
8.94, 0.0070, 10.71, 16.01, -0.03, 9.67, 269.40
8.95, 0.0060, 10.71, 16.07, -0.03, 9.16, 269.58
8.96, 0.0070, 10.71, 16.13, -0.03, 8.60, 269.65
8.96, 0.0060, 10.71, 16.17, -0.03, 7.96, 269.74

Adafruit MPU6050 test!
MPU6050 Found!
Accelerometer range set to: +-8G
Gyro range set to: +- 500 deg/s
Filter bandwidth set to: 21 Hz

Calibrating ...
Done calibrating !
Waiting ...
